( -1.021267e-07 0 -4.983958e-07) 
( -1.021267e-07 0 -4.983958e-07) 
( -1.021236e-07 0 -4.983951e-07) 
( -1.022580e-07 0 -4.983523e-07) 
( -1.022716e-07 0 -4.983368e-07) 
( -1.022930e-07 0 -4.983232e-07) 
( -1.022716e-07 0 -4.983368e-07) 
( -1.024138e-07 0 -4.982959e-07) 
( -9.857370e-08 0 -4.997549e-07) 
( -5.015030e-08 0 -5.406223e-07) 
( -5.015030e-08 0 -5.406223e-07) 
( -5.015030e-08 0 -5.406223e-07) 
( -5.015734e-08 0 -5.406193e-07) 
( -5.015734e-08 0 -5.406193e-07) 
( -5.017639e-08 0 -5.406193e-07) 
( -5.017639e-08 0 -5.406193e-07) 
( -5.020455e-08 0 -5.406071e-07) 
( -4.932558e-08 0 -5.405325e-07) 
( -3.132000e-09 0 -5.664925e-07) 
( -3.132000e-09 0 -5.664925e-07) 
( -3.132000e-09 0 -5.664925e-07) 
( -3.132000e-09 0 -5.664925e-07) 
( -3.132000e-09 0 -5.664925e-07) 
( -3.132000e-09 0 -5.664925e-07) 
( -3.132000e-09 0 -5.664925e-07) 
( -3.132000e-09 0 -5.664925e-07) 
( -6.151457e-09 0 -5.660812e-07) 
( 2.520300e-08 0 -5.742470e-07) 
( 2.520300e-08 0 -5.742470e-07) 
( 2.520300e-08 0 -5.742470e-07) 
( 2.520300e-08 0 -5.742470e-07) 
( 2.520300e-08 0 -5.742470e-07) 
( 2.520300e-08 0 -5.742470e-07) 
( 2.520300e-08 0 -5.742470e-07) 
( 2.520300e-08 0 -5.742470e-07) 
( 2.723123e-08 0 -5.743481e-07) 
( 9.682597e-08 0 -5.633344e-07) 
( 9.684132e-08 0 -5.633319e-07) 
( 9.684132e-08 0 -5.633319e-07) 
( 9.665135e-08 0 -5.633605e-07) 
( 9.663599e-08 0 -5.633631e-07) 
( 9.662064e-08 0 -5.633656e-07) 
( 9.679526e-08 0 -5.633395e-07) 
( 9.696601e-08 0 -5.633199e-07) 
( 9.708869e-08 0 -5.633229e-07) 
( 1.236126e-07 0 -5.470975e-07) 
( 1.236126e-07 0 -5.470975e-07) 
( 1.236126e-07 0 -5.470975e-07) 
( 1.236126e-07 0 -5.470975e-07) 
( 1.236126e-07 0 -5.470975e-07) 
( 1.236126e-07 0 -5.470975e-07) 
( 1.236126e-07 0 -5.470975e-07) 
( 1.236126e-07 0 -5.470975e-07) 
( 1.236126e-07 0 -5.470975e-07) 
( 1.429880e-07 0 -5.143090e-07) 
( 1.429880e-07 0 -5.143090e-07) 
( 1.429880e-07 0 -5.143090e-07) 
( 1.429880e-07 0 -5.143090e-07) 
( 1.429880e-07 0 -5.143090e-07) 
( 1.429880e-07 0 -5.143090e-07) 
( 1.429880e-07 0 -5.143090e-07) 
( 1.429880e-07 0 -5.143090e-07) 
( 1.429880e-07 0 -5.143090e-07) 
( 1.661618e-07 0 -4.733157e-07) 
( 1.661622e-07 0 -4.733161e-07) 
( 1.661622e-07 0 -4.733161e-07) 
( 1.661622e-07 0 -4.733161e-07) 
( 1.661622e-07 0 -4.733161e-07) 
( 1.661622e-07 0 -4.733161e-07) 
( 1.661612e-07 0 -4.733277e-07) 
( 1.661564e-07 0 -4.733773e-07) 
( 1.661059e-07 0 -4.738712e-07) 
( 1.756437e-07 0 -4.411508e-07) 
( 1.756437e-07 0 -4.411508e-07) 
( 1.756437e-07 0 -4.411508e-07) 
( 1.756437e-07 0 -4.411508e-07) 
( 1.756437e-07 0 -4.411508e-07) 
( 1.756437e-07 0 -4.411508e-07) 
( 1.756437e-07 0 -4.411508e-07) 
( 1.756437e-07 0 -4.411508e-07) 
( 1.756437e-07 0 -4.411508e-07) 
( 1.872545e-07 0 -4.017449e-07) 
( 1.872545e-07 0 -4.017449e-07) 
( 1.872545e-07 0 -4.017449e-07) 
( 1.872545e-07 0 -4.017449e-07) 
( 1.872545e-07 0 -4.017449e-07) 
( 1.872545e-07 0 -4.017449e-07) 
( 1.872545e-07 0 -4.017449e-07) 
( 1.872545e-07 0 -4.017449e-07) 
( 1.872545e-07 0 -4.017449e-07) 
( 1.942776e-07 0 -3.782114e-07) 
( 1.942776e-07 0 -3.782114e-07) 
( 1.942776e-07 0 -3.782114e-07) 
( 1.942776e-07 0 -3.782114e-07) 
( 1.942776e-07 0 -3.782114e-07) 
( 1.942776e-07 0 -3.782114e-07) 
( 1.942776e-07 0 -3.782114e-07) 
( 1.942776e-07 0 -3.782114e-07) 
( 1.942776e-07 0 -3.782114e-07) 
( 1.938727e-07 0 -3.681728e-07) 
( 1.938727e-07 0 -3.681728e-07) 
( 1.938727e-07 0 -3.681728e-07) 
( 1.938727e-07 0 -3.681728e-07) 
( 1.938727e-07 0 -3.681728e-07) 
( 1.938727e-07 0 -3.681728e-07) 
( 1.938727e-07 0 -3.681728e-07) 
( 1.938727e-07 0 -3.681728e-07) 
( 1.938727e-07 0 -3.681728e-07) 
( 1.777498e-07 0 -3.612812e-07) 
( 1.777498e-07 0 -3.612812e-07) 
( 1.777498e-07 0 -3.612812e-07) 
( 1.777498e-07 0 -3.612812e-07) 
( 1.777498e-07 0 -3.612812e-07) 
( 1.777498e-07 0 -3.612812e-07) 
( 1.777498e-07 0 -3.612812e-07) 
( 1.777498e-07 0 -3.612812e-07) 
( 1.777498e-07 0 -3.612812e-07) 
( 1.814314e-07 0 -3.434343e-07) 
( 1.814263e-07 0 -3.434393e-07) 
( 1.814263e-07 0 -3.434393e-07) 
( 1.814263e-07 0 -3.434393e-07) 
( 1.814767e-07 0 -3.434054e-07) 
( 1.816228e-07 0 -3.433087e-07) 
( 1.817689e-07 0 -3.432120e-07) 
( 1.823534e-07 0 -3.428252e-07) 
( 1.813264e-07 0 -3.452669e-07) 
( 1.978789e-07 0 -3.170782e-07) 
( 1.978831e-07 0 -3.170760e-07) 
( 1.978831e-07 0 -3.170760e-07) 
( 1.978831e-07 0 -3.170760e-07) 
( 1.978808e-07 0 -3.170772e-07) 
( 1.978719e-07 0 -3.170818e-07) 
( 1.978428e-07 0 -3.170968e-07) 
( 1.977776e-07 0 -3.171303e-07) 
( 1.978555e-07 0 -3.170900e-07) 
( 3.096924e-07 0 -2.939087e-07) 
( 3.096830e-07 0 -2.938508e-07) 
( 3.096830e-07 0 -2.938508e-07) 
( 3.096764e-07 0 -2.938574e-07) 
( 3.096727e-07 0 -2.939283e-07) 
( 3.096858e-07 0 -2.939153e-07) 
( 3.095929e-07 0 -2.941421e-07) 
( 3.094896e-07 0 -2.944464e-07) 
( 3.101259e-07 0 -2.930071e-07) 
( 6.104588e-07 0 -2.535861e-07) 
( 6.104584e-07 0 -2.535947e-07) 
( 6.104588e-07 0 -2.535861e-07) 
( 6.104584e-07 0 -2.535947e-07) 
( 6.104584e-07 0 -2.535947e-07) 
( 6.102816e-07 0 -2.537468e-07) 
( 6.101066e-07 0 -2.538563e-07) 
( 6.104273e-07 0 -2.543202e-07) 
( 6.096255e-07 0 -2.531606e-07) 
( 8.127888e-07 0 -9.277927e-08) 
( 8.126481e-07 0 -9.197311e-08) 
( 8.127889e-07 0 -9.271809e-08) 
( 8.127889e-07 0 -9.270280e-08) 
( 8.127889e-07 0 -9.271809e-08) 
( 8.127889e-07 0 -9.271809e-08) 
( 8.129296e-07 0 -9.353954e-08) 
( 8.132544e-07 0 -9.449141e-08) 
( 8.182898e-07 0 -7.034832e-08) 
( 8.403693e-07 0 2.141630e-08) 
( 8.403693e-07 0 2.141630e-08) 
( 8.403693e-07 0 2.141630e-08) 
( 8.403693e-07 0 2.141630e-08) 
( 8.403693e-07 0 2.141630e-08) 
( 8.403693e-07 0 2.141630e-08) 
( 8.403693e-07 0 2.141630e-08) 
( 8.403693e-07 0 2.141630e-08) 
( 8.403693e-07 0 2.141630e-08) 
( -1.105467e-07 0 -4.816684e-07) 
( -1.105467e-07 0 -4.816684e-07) 
( -1.105467e-07 0 -4.816684e-07) 
( -1.105467e-07 0 -4.816684e-07) 
( -1.105467e-07 0 -4.816684e-07) 
( -1.105467e-07 0 -4.816684e-07) 
( -1.105467e-07 0 -4.816684e-07) 
( -1.105467e-07 0 -4.816684e-07) 
( -1.105467e-07 0 -4.816684e-07) 
( -1.047454e-07 0 -4.358814e-07) 
( -1.047454e-07 0 -4.358814e-07) 
( -1.047456e-07 0 -4.358802e-07) 
( -1.047468e-07 0 -4.358786e-07) 
( -1.047492e-07 0 -4.358809e-07) 
( -1.047494e-07 0 -4.358797e-07) 
( -1.047488e-07 0 -4.358833e-07) 
( -1.047484e-07 0 -4.358857e-07) 
( -1.047481e-07 0 -4.359472e-07) 
( -1.124480e-07 0 -3.877355e-07) 
( -1.124480e-07 0 -3.877355e-07) 
( -1.124480e-07 0 -3.877355e-07) 
( -1.114668e-07 0 -3.897000e-07) 
( -1.114913e-07 0 -3.896512e-07) 
( -1.114926e-07 0 -3.896488e-07) 
( -1.105287e-07 0 -3.901866e-07) 
( -1.124480e-07 0 -3.877355e-07) 
( -1.124480e-07 0 -3.877355e-07) 
( -1.244731e-07 0 -3.486835e-07) 
( -1.244773e-07 0 -3.486761e-07) 
( -1.244735e-07 0 -3.486847e-07) 
( -1.244457e-07 0 -3.487405e-07) 
( -1.244463e-07 0 -3.487422e-07) 
( -1.244506e-07 0 -3.487348e-07) 
( -1.244154e-07 0 -3.487902e-07) 
( -1.243776e-07 0 -3.488569e-07) 
( -1.248534e-07 0 -3.501346e-07) 
( -1.392033e-07 0 -3.223291e-07) 
( -1.392033e-07 0 -3.223291e-07) 
( -1.392036e-07 0 -3.223291e-07) 
( -1.392038e-07 0 -3.223305e-07) 
( -1.392040e-07 0 -3.223319e-07) 
( -1.392040e-07 0 -3.223319e-07) 
( -1.392038e-07 0 -3.223305e-07) 
( -1.392019e-07 0 -3.223207e-07) 
( -1.392410e-07 0 -3.220702e-07) 
( -1.411101e-07 0 -3.123906e-07) 
( -1.411291e-07 0 -3.123745e-07) 
( -1.411291e-07 0 -3.123745e-07) 
( -1.413384e-07 0 -3.122070e-07) 
( -1.413874e-07 0 -3.121684e-07) 
( -1.413874e-07 0 -3.121684e-07) 
( -1.413653e-07 0 -3.121815e-07) 
( -1.413402e-07 0 -3.121918e-07) 
( -1.388246e-07 0 -3.155881e-07) 
( -1.361078e-07 0 -3.070455e-07) 
( -1.361054e-07 0 -3.070468e-07) 
( -1.361054e-07 0 -3.070468e-07) 
( -1.361054e-07 0 -3.070468e-07) 
( -1.361054e-07 0 -3.070468e-07) 
( -1.361056e-07 0 -3.070454e-07) 
( -1.360960e-07 0 -3.070440e-07) 
( -1.360935e-07 0 -3.070276e-07) 
( -1.359786e-07 0 -3.067267e-07) 
( -1.363311e-07 0 -2.961281e-07) 
( -1.363311e-07 0 -2.961281e-07) 
( -1.363311e-07 0 -2.961281e-07) 
( -1.363311e-07 0 -2.961281e-07) 
( -1.363311e-07 0 -2.961281e-07) 
( -1.363322e-07 0 -2.961278e-07) 
( -1.363322e-07 0 -2.961278e-07) 
( -1.363350e-07 0 -2.961345e-07) 
( -1.358576e-07 0 -2.962803e-07) 
( -1.310954e-07 0 -2.888126e-07) 
( -1.310955e-07 0 -2.888128e-07) 
( -1.310954e-07 0 -2.888126e-07) 
( -1.310955e-07 0 -2.888128e-07) 
( -1.310955e-07 0 -2.888128e-07) 
( -1.310955e-07 0 -2.888128e-07) 
( -1.310964e-07 0 -2.888118e-07) 
( -1.311111e-07 0 -2.887882e-07) 
( -1.318583e-07 0 -2.887990e-07) 
( -1.282597e-07 0 -2.801672e-07) 
( -1.282604e-07 0 -2.801593e-07) 
( -1.282604e-07 0 -2.801593e-07) 
( -1.282604e-07 0 -2.801593e-07) 
( -1.282604e-07 0 -2.801593e-07) 
( -1.282605e-07 0 -2.801576e-07) 
( -1.282605e-07 0 -2.801583e-07) 
( -1.282601e-07 0 -2.801619e-07) 
( -1.282485e-07 0 -2.802854e-07) 
( -1.223660e-07 0 -2.735380e-07) 
( -1.223660e-07 0 -2.735380e-07) 
( -1.223660e-07 0 -2.735380e-07) 
( -1.223660e-07 0 -2.735380e-07) 
( -1.223660e-07 0 -2.735380e-07) 
( -1.223660e-07 0 -2.735380e-07) 
( -1.223660e-07 0 -2.735380e-07) 
( -1.223660e-07 0 -2.735380e-07) 
( -1.223660e-07 0 -2.735380e-07) 
( -1.294238e-07 0 -2.472026e-07) 
( -1.294225e-07 0 -2.472058e-07) 
( -1.294225e-07 0 -2.472058e-07) 
( -1.294225e-07 0 -2.472058e-07) 
( -1.294225e-07 0 -2.472058e-07) 
( -1.294213e-07 0 -2.472090e-07) 
( -1.294101e-07 0 -2.472325e-07) 
( -1.293026e-07 0 -2.474032e-07) 
( -1.295226e-07 0 -2.472180e-07) 
( -1.708769e-07 0 -1.888911e-07) 
( -1.708769e-07 0 -1.888911e-07) 
( -1.708769e-07 0 -1.888911e-07) 
( -1.708769e-07 0 -1.888911e-07) 
( -1.708775e-07 0 -1.888886e-07) 
( -1.708815e-07 0 -1.888802e-07) 
( -1.708867e-07 0 -1.888668e-07) 
( -1.709009e-07 0 -1.888283e-07) 
( -1.708379e-07 0 -1.890842e-07) 
( -1.931997e-07 0 -1.474277e-07) 
( -1.931994e-07 0 -1.474299e-07) 
( -1.931990e-07 0 -1.474291e-07) 
( -1.931994e-07 0 -1.474299e-07) 
( -1.931996e-07 0 -1.474329e-07) 
( -1.932000e-07 0 -1.474337e-07) 
( -1.932009e-07 0 -1.474436e-07) 
( -1.932039e-07 0 -1.474680e-07) 
( -1.931817e-07 0 -1.476468e-07) 
( -1.923950e-07 0 -9.502293e-08) 
( -1.923968e-07 0 -9.502305e-08) 
( -1.923968e-07 0 -9.502305e-08) 
( -1.923995e-07 0 -9.502060e-08) 
( -1.923995e-07 0 -9.502060e-08) 
( -1.924066e-07 0 -9.502110e-08) 
( -1.924214e-07 0 -9.503006e-08) 
( -1.924377e-07 0 -9.501536e-08) 
( -1.927752e-07 0 -9.477497e-08) 
( -1.830666e-07 0 -6.767972e-08) 
( -1.830681e-07 0 -6.768047e-08) 
( -1.830681e-07 0 -6.768047e-08) 
( -1.830681e-07 0 -6.768047e-08) 
( -1.830702e-07 0 -6.767903e-08) 
( -1.830739e-07 0 -6.768347e-08) 
( -1.830840e-07 0 -6.769896e-08) 
( -1.830920e-07 0 -6.768517e-08) 
( -1.816963e-07 0 -6.890773e-08) 
( -1.737160e-07 0 -4.700311e-08) 
( -1.737160e-07 0 -4.700311e-08) 
( -1.737160e-07 0 -4.700311e-08) 
( -1.737160e-07 0 -4.700311e-08) 
( -1.737160e-07 0 -4.700311e-08) 
( -1.737160e-07 0 -4.700311e-08) 
( -1.737160e-07 0 -4.700311e-08) 
( -1.737160e-07 0 -4.700311e-08) 
( -1.737160e-07 0 -4.700311e-08) 
( -1.542776e-07 0 -1.699381e-08) 
( -1.542690e-07 0 -1.700509e-08) 
( -1.542690e-07 0 -1.700509e-08) 
( -1.542683e-07 0 -1.700727e-08) 
( -1.542620e-07 0 -1.701202e-08) 
( -1.542556e-07 0 -1.701677e-08) 
( -1.542352e-07 0 -1.703538e-08) 
( -1.541853e-07 0 -1.707121e-08) 
( -1.538729e-07 0 -1.724057e-08) 
( -1.525423e-07 0 -3.745139e-09) 
( -1.525423e-07 0 -3.745139e-09) 
( -1.525423e-07 0 -3.745139e-09) 
( -1.525423e-07 0 -3.745139e-09) 
( -1.525423e-07 0 -3.745139e-09) 
( -1.525423e-07 0 -3.745139e-09) 
( -1.525423e-07 0 -3.745139e-09) 
( -1.525423e-07 0 -3.745139e-09) 
( -1.525423e-07 0 -3.745139e-09) 
( -1.558539e-07 0 5.685133e-09) 
( -1.558539e-07 0 5.685133e-09) 
( -1.558539e-07 0 5.685133e-09) 
( -1.558539e-07 0 5.685133e-09) 
( -1.558539e-07 0 5.685133e-09) 
( -1.558539e-07 0 5.685133e-09) 
( -1.558539e-07 0 5.685133e-09) 
( -1.558539e-07 0 5.685133e-09) 
( -1.558539e-07 0 5.685133e-09) 
( -1.508519e-07 0 7.841855e-09) 
( -1.508519e-07 0 7.841855e-09) 
( -1.508519e-07 0 7.841855e-09) 
( -1.508519e-07 0 7.841855e-09) 
( -1.508519e-07 0 7.841855e-09) 
( -1.508519e-07 0 7.841855e-09) 
( -1.508519e-07 0 7.841855e-09) 
( -1.508519e-07 0 7.841855e-09) 
( -1.527654e-07 0 1.920594e-08) 
( -1.529734e-07 0 3.134501e-08) 
( -1.529727e-07 0 3.134681e-08) 
( -1.529727e-07 0 3.134681e-08) 
( -1.529665e-07 0 3.135328e-08) 
( -1.529665e-07 0 3.135328e-08) 
( -1.529652e-07 0 3.135687e-08) 
( -1.529632e-07 0 3.136226e-08) 
( -1.529584e-07 0 3.137483e-08) 
( -1.559696e-07 0 3.818953e-08) 
( -1.644490e-07 0 5.261746e-08) 
( -1.644500e-07 0 5.261613e-08) 
( -1.644500e-07 0 5.261613e-08) 
( -1.644500e-07 0 5.261613e-08) 
( -1.644490e-07 0 5.261746e-08) 
( -1.644345e-07 0 5.261901e-08) 
( -1.644252e-07 0 5.262244e-08) 
( -1.643931e-07 0 5.262954e-08) 
( -1.755098e-07 0 7.581402e-08) 
( -1.979212e-07 0 8.990201e-08) 
( -1.979266e-07 0 8.991133e-08) 
( -1.979236e-07 0 8.991072e-08) 
( -1.979266e-07 0 8.991133e-08) 
( -1.979295e-07 0 8.991193e-08) 
( -1.979357e-07 0 8.990908e-08) 
( -1.979448e-07 0 8.990682e-08) 
( -1.979723e-07 0 8.989601e-08) 
( -2.089769e-07 0 1.153423e-07) 
( -2.284287e-07 0 1.403468e-07) 
( -2.284289e-07 0 1.403517e-07) 
( -2.284289e-07 0 1.403517e-07) 
( -2.284289e-07 0 1.403517e-07) 
( -2.284285e-07 0 1.403615e-07) 
( -2.284283e-07 0 1.403762e-07) 
( -2.284279e-07 0 1.404055e-07) 
( -2.284260e-07 0 1.404790e-07) 
( -2.315165e-07 0 1.802496e-07) 
( -2.212784e-07 0 2.397468e-07) 
( -2.210514e-07 0 2.400827e-07) 
( -2.210623e-07 0 2.400728e-07) 
( -2.210708e-07 0 2.400696e-07) 
( -2.210816e-07 0 2.400597e-07) 
( -2.211095e-07 0 2.400434e-07) 
( -2.211962e-07 0 2.399641e-07) 
( -2.199892e-07 0 2.416867e-07) 
( -2.103548e-07 0 2.869691e-07) 
( -2.007203e-07 0 3.291825e-07) 
( -2.007203e-07 0 3.291825e-07) 
( -2.007203e-07 0 3.291825e-07) 
( -2.007203e-07 0 3.291825e-07) 
( -2.007203e-07 0 3.291825e-07) 
( -2.007203e-07 0 3.291825e-07) 
( -2.007203e-07 0 3.291825e-07) 
( -2.007203e-07 0 3.291825e-07) 
( -2.023837e-07 0 3.539732e-07) 
( -2.107185e-07 0 3.499820e-07) 
( -2.107185e-07 0 3.499820e-07) 
( -2.107185e-07 0 3.499820e-07) 
( -2.107185e-07 0 3.499820e-07) 
( -2.107185e-07 0 3.499820e-07) 
( -2.107185e-07 0 3.499820e-07) 
( -2.107185e-07 0 3.499820e-07) 
( -2.107185e-07 0 3.499820e-07) 
( -1.983139e-07 0 3.486011e-07) 
( -1.925291e-07 0 3.493894e-07) 
( -1.925014e-07 0 3.494211e-07) 
( -1.925652e-07 0 3.493560e-07) 
( -1.925652e-07 0 3.493560e-07) 
( -1.926838e-07 0 3.492416e-07) 
( -1.926838e-07 0 3.492416e-07) 
( -1.931119e-07 0 3.488316e-07) 
( -1.980510e-07 0 3.481968e-07) 
( -1.960032e-07 0 3.425815e-07) 
( -1.890060e-07 0 3.431293e-07) 
( -1.892175e-07 0 3.430276e-07) 
( -1.892175e-07 0 3.430276e-07) 
( -1.892175e-07 0 3.430276e-07) 
( -1.892748e-07 0 3.429993e-07) 
( -1.892748e-07 0 3.429993e-07) 
( -1.891338e-07 0 3.430671e-07) 
( -1.890160e-07 0 3.430244e-07) 
( -1.919907e-07 0 3.359284e-07) 
( -1.875701e-07 0 3.345898e-07) 
( -1.875701e-07 0 3.345898e-07) 
( -1.875290e-07 0 3.345979e-07) 
( -1.874569e-07 0 3.346169e-07) 
( -1.874569e-07 0 3.346169e-07) 
( -1.874569e-07 0 3.346169e-07) 
( -1.874091e-07 0 3.346320e-07) 
( -1.867800e-07 0 3.348015e-07) 
( -1.876316e-07 0 3.310769e-07) 
( -1.875627e-07 0 3.260005e-07) 
( -1.875680e-07 0 3.259802e-07) 
( -1.875496e-07 0 3.260617e-07) 
( -1.875479e-07 0 3.260727e-07) 
( -1.875479e-07 0 3.260727e-07) 
( -1.875459e-07 0 3.260797e-07) 
( -1.875490e-07 0 3.261102e-07) 
( -1.875765e-07 0 3.265074e-07) 
( -1.881645e-07 0 3.190225e-07) 
( -1.777596e-07 0 3.220767e-07) 
( -1.777600e-07 0 3.220776e-07) 
( -1.777595e-07 0 3.220725e-07) 
( -1.777593e-07 0 3.220714e-07) 
( -1.777566e-07 0 3.220593e-07) 
( -1.777551e-07 0 3.220527e-07) 
( -1.777509e-07 0 3.220492e-07) 
( -1.777651e-07 0 3.220251e-07) 
( -1.803688e-07 0 3.149615e-07) 
( -1.751830e-07 0 3.158854e-07) 
( -1.751828e-07 0 3.158841e-07) 
( -1.751831e-07 0 3.158841e-07) 
( -1.751748e-07 0 3.158969e-07) 
( -1.743213e-07 0 3.139317e-07) 
( -1.743568e-07 0 3.137159e-07) 
( -1.743939e-07 0 3.137624e-07) 
( -1.752422e-07 0 3.157288e-07) 
( -1.710914e-07 0 3.120197e-07) 
( -1.738225e-07 0 3.087364e-07) 
( -1.738207e-07 0 3.087348e-07) 
( -1.738133e-07 0 3.087347e-07) 
( -1.737976e-07 0 3.087435e-07) 
( -1.738591e-07 0 3.086531e-07) 
( -1.738436e-07 0 3.086500e-07) 
( -1.736903e-07 0 3.087781e-07) 
( -1.716343e-07 0 3.084049e-07) 
( -1.692065e-07 0 3.098196e-07) 
( -1.677719e-07 0 3.072134e-07) 
( -1.677719e-07 0 3.072134e-07) 
( -1.677719e-07 0 3.072134e-07) 
( -1.677719e-07 0 3.072134e-07) 
( -1.677719e-07 0 3.072134e-07) 
( -1.677719e-07 0 3.072134e-07) 
( -1.677719e-07 0 3.072134e-07) 
( -1.677719e-07 0 3.072134e-07) 
( -1.527359e-07 0 3.207893e-07) 
( -1.363701e-07 0 3.239326e-07) 
( -1.363701e-07 0 3.239326e-07) 
( -1.363701e-07 0 3.239326e-07) 
( -1.363282e-07 0 3.239394e-07) 
( -1.366955e-07 0 3.238137e-07) 
( -1.368956e-07 0 3.235820e-07) 
( -1.369940e-07 0 3.235201e-07) 
( -1.366733e-07 0 3.237226e-07) 
( -1.228373e-07 0 3.483813e-07) 
( -1.026462e-07 0 3.648238e-07) 
( -1.026493e-07 0 3.648225e-07) 
( -1.026493e-07 0 3.648225e-07) 
( -1.026355e-07 0 3.648316e-07) 
( -1.027552e-07 0 3.647426e-07) 
( -1.027705e-07 0 3.647298e-07) 
( -1.027382e-07 0 3.647530e-07) 
( -1.025073e-07 0 3.649150e-07) 
( -8.517747e-08 0 3.758847e-07) 
( 8.491809e-07 0 3.256859e-08) 
( 8.491809e-07 0 3.256859e-08) 
( 8.491809e-07 0 3.256859e-08) 
( 8.491809e-07 0 3.256859e-08) 
( 8.491809e-07 0 3.256859e-08) 
( 8.491809e-07 0 3.256859e-08) 
( 8.491809e-07 0 3.256859e-08) 
( 8.491809e-07 0 3.256859e-08) 
( 8.491809e-07 0 3.256859e-08) 
( 8.600262e-07 0 1.653868e-08) 
( 8.600262e-07 0 1.653868e-08) 
( 8.600262e-07 0 1.653868e-08) 
( 8.600262e-07 0 1.653868e-08) 
( 8.600262e-07 0 1.653868e-08) 
( 8.600262e-07 0 1.653868e-08) 
( 8.600262e-07 0 1.653868e-08) 
( 8.600262e-07 0 1.653868e-08) 
( 8.600262e-07 0 1.653868e-08) 
( 8.653167e-07 0 1.064689e-07) 
( 8.653150e-07 0 1.064646e-07) 
( 8.653167e-07 0 1.064689e-07) 
( 8.653167e-07 0 1.064689e-07) 
( 8.653183e-07 0 1.064732e-07) 
( 8.653216e-07 0 1.064818e-07) 
( 8.654955e-07 0 1.065119e-07) 
( 8.658467e-07 0 1.065808e-07) 
( 8.686279e-07 0 1.035938e-07) 
( 6.687298e-07 0 3.173241e-07) 
( 6.687360e-07 0 3.173404e-07) 
( 6.687391e-07 0 3.173485e-07) 
( 6.687391e-07 0 3.173485e-07) 
( 6.687421e-07 0 3.173567e-07) 
( 6.687483e-07 0 3.173730e-07) 
( 6.690819e-07 0 3.174421e-07) 
( 6.710399e-07 0 3.177429e-07) 
( 6.895982e-07 0 3.552098e-07) 
( 3.504734e-07 0 3.669929e-07) 
( 3.504322e-07 0 3.667739e-07) 
( 3.504322e-07 0 3.667739e-07) 
( 3.504839e-07 0 3.669207e-07) 
( 3.504942e-07 0 3.669755e-07) 
( 3.504420e-07 0 3.670825e-07) 
( 3.503690e-07 0 3.671435e-07) 
( 3.503370e-07 0 3.674870e-07) 
( 3.395995e-07 0 3.731629e-07) 
( 2.093067e-07 0 3.680234e-07) 
( 2.093067e-07 0 3.680234e-07) 
( 2.093067e-07 0 3.680234e-07) 
( 2.093067e-07 0 3.680234e-07) 
( 2.093067e-07 0 3.680234e-07) 
( 2.093067e-07 0 3.680234e-07) 
( 2.093067e-07 0 3.680234e-07) 
( 2.093067e-07 0 3.680234e-07) 
( 2.093067e-07 0 3.680234e-07) 
( 1.992247e-07 0 3.554129e-07) 
( 1.992247e-07 0 3.554129e-07) 
( 1.992247e-07 0 3.554129e-07) 
( 1.992247e-07 0 3.554129e-07) 
( 1.992247e-07 0 3.554129e-07) 
( 1.992247e-07 0 3.554129e-07) 
( 1.992247e-07 0 3.554129e-07) 
( 1.992247e-07 0 3.554129e-07) 
( 1.992247e-07 0 3.554129e-07) 
( 1.779559e-07 0 3.561342e-07) 
( 1.779559e-07 0 3.561342e-07) 
( 1.779559e-07 0 3.561342e-07) 
( 1.779559e-07 0 3.561342e-07) 
( 1.779559e-07 0 3.561342e-07) 
( 1.779559e-07 0 3.561342e-07) 
( 1.779559e-07 0 3.561342e-07) 
( 1.779559e-07 0 3.561342e-07) 
( 1.778222e-07 0 3.538695e-07) 
( 1.629544e-07 0 3.597910e-07) 
( 1.629544e-07 0 3.597910e-07) 
( 1.629544e-07 0 3.597910e-07) 
( 1.629544e-07 0 3.597910e-07) 
( 1.629544e-07 0 3.597910e-07) 
( 1.629544e-07 0 3.597910e-07) 
( 1.629544e-07 0 3.597910e-07) 
( 1.629544e-07 0 3.597910e-07) 
( 1.661234e-07 0 3.569720e-07) 
( 1.589598e-07 0 3.661882e-07) 
( 1.589614e-07 0 3.661875e-07) 
( 1.589614e-07 0 3.661875e-07) 
( 1.589614e-07 0 3.661875e-07) 
( 1.589614e-07 0 3.661875e-07) 
( 1.589614e-07 0 3.661875e-07) 
( 1.589597e-07 0 3.661914e-07) 
( 1.589626e-07 0 3.661775e-07) 
( 1.589671e-07 0 3.645489e-07) 
( 1.511467e-07 0 3.856169e-07) 
( 1.511467e-07 0 3.856169e-07) 
( 1.511467e-07 0 3.856169e-07) 
( 1.511467e-07 0 3.856169e-07) 
( 1.511467e-07 0 3.856169e-07) 
( 1.511467e-07 0 3.856169e-07) 
( 1.511467e-07 0 3.856169e-07) 
( 1.511467e-07 0 3.856169e-07) 
( 1.512226e-07 0 3.840407e-07) 
( 1.437244e-07 0 4.111546e-07) 
( 1.437251e-07 0 4.111495e-07) 
( 1.437251e-07 0 4.111495e-07) 
( 1.437248e-07 0 4.111520e-07) 
( 1.437248e-07 0 4.111520e-07) 
( 1.437344e-07 0 4.111976e-07) 
( 1.437209e-07 0 4.112060e-07) 
( 1.437394e-07 0 4.112656e-07) 
( 1.434892e-07 0 4.103444e-07) 
( 1.500191e-07 0 4.309833e-07) 
( 1.500191e-07 0 4.309833e-07) 
( 1.500191e-07 0 4.309833e-07) 
( 1.500191e-07 0 4.309833e-07) 
( 1.500191e-07 0 4.309833e-07) 
( 1.500191e-07 0 4.309833e-07) 
( 1.500191e-07 0 4.309833e-07) 
( 1.500191e-07 0 4.309833e-07) 
( 1.497649e-07 0 4.301367e-07) 
( 1.415660e-07 0 4.475460e-07) 
( 1.415660e-07 0 4.475460e-07) 
( 1.415660e-07 0 4.475460e-07) 
( 1.415660e-07 0 4.475460e-07) 
( 1.415660e-07 0 4.475460e-07) 
( 1.415660e-07 0 4.475460e-07) 
( 1.415660e-07 0 4.475460e-07) 
( 1.415660e-07 0 4.475460e-07) 
( 1.433189e-07 0 4.463279e-07) 
( 1.191540e-07 0 4.454675e-07) 
( 1.191540e-07 0 4.454675e-07) 
( 1.191540e-07 0 4.454675e-07) 
( 1.191540e-07 0 4.454675e-07) 
( 1.191540e-07 0 4.454675e-07) 
( 1.191540e-07 0 4.454675e-07) 
( 1.191540e-07 0 4.454675e-07) 
( 1.191540e-07 0 4.454675e-07) 
( 1.178507e-07 0 4.438249e-07) 
( 8.589995e-08 0 4.399468e-07) 
( 8.590139e-08 0 4.399474e-07) 
( 8.590139e-08 0 4.399474e-07) 
( 8.589889e-08 0 4.399455e-07) 
( 8.591660e-08 0 4.399523e-07) 
( 8.590427e-08 0 4.399486e-07) 
( 8.590965e-08 0 4.399518e-07) 
( 8.590258e-08 0 4.399545e-07) 
( 8.494378e-08 0 4.387692e-07) 
( 3.947800e-08 0 4.311290e-07) 
( 3.947800e-08 0 4.311290e-07) 
( 3.947800e-08 0 4.311290e-07) 
( 3.947800e-08 0 4.311290e-07) 
( 3.947800e-08 0 4.311290e-07) 
( 3.947800e-08 0 4.311290e-07) 
( 3.947800e-08 0 4.311290e-07) 
( 3.947800e-08 0 4.311290e-07) 
( 4.118230e-08 0 4.294790e-07) 
( 1.014263e-08 0 4.231774e-07) 
( 1.014263e-08 0 4.231774e-07) 
( 1.014263e-08 0 4.231774e-07) 
( 1.013912e-08 0 4.231787e-07) 
( 1.014422e-08 0 4.231803e-07) 
( 1.013466e-08 0 4.231822e-07) 
( 1.031156e-08 0 4.231568e-07) 
( 1.031697e-08 0 4.231512e-07) 
( 9.471926e-09 0 4.205022e-07) 
( -5.783757e-08 0 3.977210e-07) 
( -5.783757e-08 0 3.977210e-07) 
( -5.783757e-08 0 3.977210e-07) 
( -5.783757e-08 0 3.977210e-07) 
( -5.783757e-08 0 3.977210e-07) 
( -5.783757e-08 0 3.977210e-07) 
( -5.783757e-08 0 3.977210e-07) 
( -5.783757e-08 0 3.977210e-07) 
( -6.239748e-08 0 3.936917e-07) 
( 1.942776e-07 0 -3.782114e-07) 
( 1.945861e-07 0 -3.732314e-07) 
( 1.945861e-07 0 -3.732314e-07) 
( 1.942776e-07 0 -3.782114e-07) 
( 1.945861e-07 0 -3.732314e-07) 
( 1.945861e-07 0 -3.732314e-07) 
( 1.942776e-07 0 -3.782114e-07) 
( 1.945861e-07 0 -3.732314e-07) 
( 1.945861e-07 0 -3.732314e-07) 
( 1.942776e-07 0 -3.782114e-07) 
( 1.945861e-07 0 -3.732314e-07) 
( 1.945861e-07 0 -3.732314e-07) 
( 1.942776e-07 0 -3.782114e-07) 
( 1.945861e-07 0 -3.732314e-07) 
( 1.945861e-07 0 -3.732314e-07) 
( 1.942776e-07 0 -3.782114e-07) 
( 1.945861e-07 0 -3.732314e-07) 
( 1.945861e-07 0 -3.732314e-07) 
( 1.942776e-07 0 -3.782114e-07) 
( 1.945861e-07 0 -3.732314e-07) 
( 1.945861e-07 0 -3.732314e-07) 
( 1.942776e-07 0 -3.782114e-07) 
( 1.945861e-07 0 -3.732314e-07) 
( 1.945861e-07 0 -3.732314e-07) 
( 1.942156e-07 0 -3.782903e-07) 
( 1.980094e-07 0 -3.698769e-07) 
( 1.945861e-07 0 -3.732314e-07) 
( 1.938727e-07 0 -3.681728e-07) 
( 2.056600e-07 0 -3.523850e-07) 
( 2.056600e-07 0 -3.523850e-07) 
( 1.938727e-07 0 -3.681728e-07) 
( 2.056600e-07 0 -3.523850e-07) 
( 2.056600e-07 0 -3.523850e-07) 
( 1.938727e-07 0 -3.681728e-07) 
( 2.056600e-07 0 -3.523850e-07) 
( 2.056600e-07 0 -3.523850e-07) 
( 1.938727e-07 0 -3.681728e-07) 
( 2.056600e-07 0 -3.523850e-07) 
( 2.056600e-07 0 -3.523850e-07) 
( 1.938727e-07 0 -3.681728e-07) 
( 2.056600e-07 0 -3.523850e-07) 
( 2.056600e-07 0 -3.523850e-07) 
( 1.938727e-07 0 -3.681728e-07) 
( 2.056600e-07 0 -3.523850e-07) 
( 2.056600e-07 0 -3.523850e-07) 
( 1.938727e-07 0 -3.681728e-07) 
( 2.056600e-07 0 -3.523850e-07) 
( 2.056600e-07 0 -3.523850e-07) 
( 1.938727e-07 0 -3.681728e-07) 
( 2.056600e-07 0 -3.523850e-07) 
( 2.056600e-07 0 -3.523850e-07) 
( 1.936324e-07 0 -3.670189e-07) 
( 1.890395e-07 0 -3.615178e-07) 
( 1.918156e-07 0 -3.593132e-07) 
( 1.777498e-07 0 -3.612812e-07) 
( 1.852620e-07 0 -3.514970e-07) 
( 1.852620e-07 0 -3.514970e-07) 
( 1.777498e-07 0 -3.612812e-07) 
( 1.852620e-07 0 -3.514970e-07) 
( 1.852620e-07 0 -3.514970e-07) 
( 1.777498e-07 0 -3.612812e-07) 
( 1.852620e-07 0 -3.514970e-07) 
( 1.852620e-07 0 -3.514970e-07) 
( 1.777498e-07 0 -3.612812e-07) 
( 1.852620e-07 0 -3.514970e-07) 
( 1.852620e-07 0 -3.514970e-07) 
( 1.777498e-07 0 -3.612812e-07) 
( 1.852620e-07 0 -3.514970e-07) 
( 1.852620e-07 0 -3.514970e-07) 
( 1.777498e-07 0 -3.612812e-07) 
( 1.852620e-07 0 -3.514970e-07) 
( 1.852620e-07 0 -3.514970e-07) 
( 1.777498e-07 0 -3.612812e-07) 
( 1.852620e-07 0 -3.514970e-07) 
( 1.852620e-07 0 -3.514970e-07) 
( 1.777498e-07 0 -3.612812e-07) 
( 1.852620e-07 0 -3.514970e-07) 
( 1.852620e-07 0 -3.514970e-07) 
( 1.941041e-07 0 -3.535028e-07) 
( 1.907489e-07 0 -3.484077e-07) 
( 1.852620e-07 0 -3.514970e-07) 
( 1.814263e-07 0 -3.434393e-07) 
( 1.881526e-07 0 -3.293049e-07) 
( 1.881554e-07 0 -3.293032e-07) 
( 1.814263e-07 0 -3.434393e-07) 
( 1.881526e-07 0 -3.293049e-07) 
( 1.881526e-07 0 -3.293049e-07) 
( 1.814263e-07 0 -3.434393e-07) 
( 1.881526e-07 0 -3.293049e-07) 
( 1.881485e-07 0 -3.293065e-07) 
( 1.814263e-07 0 -3.434393e-07) 
( 1.881526e-07 0 -3.293049e-07) 
( 1.881485e-07 0 -3.293065e-07) 
( 1.814767e-07 0 -3.434054e-07) 
( 1.881457e-07 0 -3.293083e-07) 
( 1.881457e-07 0 -3.293083e-07) 
( 1.816732e-07 0 -3.432748e-07) 
( 1.881167e-07 0 -3.293213e-07) 
( 1.881347e-07 0 -3.293131e-07) 
( 1.820560e-07 0 -3.430236e-07) 
( 1.880780e-07 0 -3.293417e-07) 
( 1.881043e-07 0 -3.293282e-07) 
( 1.822119e-07 0 -3.428037e-07) 
( 1.879565e-07 0 -3.293997e-07) 
( 1.880283e-07 0 -3.293647e-07) 
( 1.813264e-07 0 -3.452669e-07) 
( 1.874122e-07 0 -3.295597e-07) 
( 1.874122e-07 0 -3.295597e-07) 
( 1.978855e-07 0 -3.170748e-07) 
( 2.438148e-07 0 -3.001017e-07) 
( 2.438183e-07 0 -3.001012e-07) 
( 1.978831e-07 0 -3.170760e-07) 
( 2.438083e-07 0 -3.001055e-07) 
( 2.438148e-07 0 -3.001017e-07) 
( 1.978831e-07 0 -3.170760e-07) 
( 2.438083e-07 0 -3.001055e-07) 
( 2.438083e-07 0 -3.001055e-07) 
( 1.978831e-07 0 -3.170760e-07) 
( 2.438083e-07 0 -3.001055e-07) 
( 2.438083e-07 0 -3.001055e-07) 
( 1.978808e-07 0 -3.170772e-07) 
( 2.438003e-07 0 -3.001110e-07) 
( 2.438003e-07 0 -3.001110e-07) 
( 1.978606e-07 0 -3.170876e-07) 
( 2.437883e-07 0 -3.001244e-07) 
( 2.437973e-07 0 -3.001143e-07) 
( 1.978161e-07 0 -3.171105e-07) 
( 2.437278e-07 0 -3.001679e-07) 
( 2.437613e-07 0 -3.001442e-07) 
( 1.976896e-07 0 -3.171755e-07) 
( 2.435558e-07 0 -3.003016e-07) 
( 2.436838e-07 0 -3.002033e-07) 
( 1.908135e-07 0 -3.207189e-07) 
( 2.459586e-07 0 -3.007328e-07) 
( 2.446004e-07 0 -2.996198e-07) 
( 3.096830e-07 0 -2.938508e-07) 
( 4.275898e-07 0 -2.846134e-07) 
( 4.275902e-07 0 -2.846049e-07) 
( 3.096830e-07 0 -2.938508e-07) 
( 4.275898e-07 0 -2.846134e-07) 
( 4.275902e-07 0 -2.846049e-07) 
( 3.096830e-07 0 -2.938508e-07) 
( 4.275898e-07 0 -2.846134e-07) 
( 4.275898e-07 0 -2.846134e-07) 
( 3.096727e-07 0 -2.939283e-07) 
( 4.275895e-07 0 -2.846220e-07) 
( 4.275898e-07 0 -2.846134e-07) 
( 3.096727e-07 0 -2.939283e-07) 
( 4.275876e-07 0 -2.846646e-07) 
( 4.275895e-07 0 -2.846220e-07) 
( 3.096689e-07 0 -2.939993e-07) 
( 4.275789e-07 0 -2.848695e-07) 
( 4.275840e-07 0 -2.847500e-07) 
( 3.095366e-07 0 -2.942653e-07) 
( 4.275657e-07 0 -2.851768e-07) 
( 4.275704e-07 0 -2.850658e-07) 
( 3.091434e-07 0 -2.949923e-07) 
( 4.278582e-07 0 -2.862978e-07) 
( 4.277235e-07 0 -2.854684e-07) 
( 3.082877e-07 0 -2.972427e-07) 
( 4.093780e-07 0 -3.032680e-07) 
( 4.266160e-07 0 -2.834951e-07) 
( 6.104588e-07 0 -2.535861e-07) 
( 7.500896e-07 0 -1.987691e-07) 
( 7.500895e-07 0 -1.987596e-07) 
( 6.104588e-07 0 -2.535861e-07) 
( 7.500896e-07 0 -1.987691e-07) 
( 7.500896e-07 0 -1.987691e-07) 
( 6.104584e-07 0 -2.535947e-07) 
( 7.500898e-07 0 -1.987786e-07) 
( 7.500898e-07 0 -1.987786e-07) 
( 6.104584e-07 0 -2.535947e-07) 
( 7.500900e-07 0 -1.987881e-07) 
( 7.500900e-07 0 -1.987881e-07) 
( 6.104548e-07 0 -2.536800e-07) 
( 7.500910e-07 0 -1.988451e-07) 
( 7.500901e-07 0 -1.987976e-07) 
( 6.101110e-07 0 -2.537539e-07) 
( 7.500943e-07 0 -1.990352e-07) 
( 7.500929e-07 0 -1.989592e-07) 
( 6.102699e-07 0 -2.540200e-07) 
( 7.502859e-07 0 -1.992781e-07) 
( 7.500948e-07 0 -1.990637e-07) 
( 6.109176e-07 0 -2.548025e-07) 
( 7.514285e-07 0 -2.003364e-07) 
( 7.506691e-07 0 -1.997640e-07) 
( 6.211820e-07 0 -2.769280e-07) 
( 7.443590e-07 0 -2.216540e-07) 
( 7.493384e-07 0 -1.986718e-07) 
( 8.126481e-07 0 -9.197311e-08) 
( 8.317815e-07 0 6.959779e-09) 
( 8.317752e-07 0 6.951926e-09) 
( 8.126481e-07 0 -9.197311e-08) 
( 8.317822e-07 0 6.960651e-09) 
( 8.317822e-07 0 6.960651e-09) 
( 8.127889e-07 0 -9.270280e-08) 
( 8.317822e-07 0 6.960651e-09) 
( 8.317822e-07 0 6.960651e-09) 
( 8.127889e-07 0 -9.271809e-08) 
( 8.317822e-07 0 6.960651e-09) 
( 8.317822e-07 0 6.960651e-09) 
( 8.127889e-07 0 -9.271809e-08) 
( 8.317822e-07 0 6.960651e-09) 
( 8.317822e-07 0 6.960651e-09) 
( 8.127888e-07 0 -9.276397e-08) 
( 8.317787e-07 0 6.956288e-09) 
( 8.317808e-07 0 6.958906e-09) 
( 8.130703e-07 0 -9.433041e-08) 
( 8.293550e-07 0 3.724857e-09) 
( 8.293550e-07 0 3.724857e-09) 
( 8.156495e-07 0 -8.150996e-08) 
( 8.293550e-07 0 3.724857e-09) 
( 8.293550e-07 0 3.724857e-09) 
( 8.182898e-07 0 -7.034832e-08) 
( 8.345459e-07 0 1.060193e-08) 
( 8.293550e-07 0 3.724857e-09) 
( 8.403693e-07 0 2.141630e-08) 
( 8.438350e-07 0 2.251953e-08) 
( 8.438350e-07 0 2.251953e-08) 
( 8.403693e-07 0 2.141630e-08) 
( 8.438350e-07 0 2.251953e-08) 
( 8.438350e-07 0 2.251953e-08) 
( 8.403693e-07 0 2.141630e-08) 
( 8.438350e-07 0 2.251953e-08) 
( 8.438350e-07 0 2.251953e-08) 
( 8.403693e-07 0 2.141630e-08) 
( 8.438350e-07 0 2.251953e-08) 
( 8.438350e-07 0 2.251953e-08) 
( 8.403693e-07 0 2.141630e-08) 
( 8.438350e-07 0 2.251953e-08) 
( 8.438350e-07 0 2.251953e-08) 
( 8.403693e-07 0 2.141630e-08) 
( 8.438350e-07 0 2.251953e-08) 
( 8.438350e-07 0 2.251953e-08) 
( 8.403693e-07 0 2.141630e-08) 
( 8.438350e-07 0 2.251953e-08) 
( 8.438350e-07 0 2.251953e-08) 
( 8.403693e-07 0 2.141630e-08) 
( 8.438350e-07 0 2.251953e-08) 
( 8.438350e-07 0 2.251953e-08) 
( 8.403693e-07 0 2.141630e-08) 
( 8.438350e-07 0 2.251953e-08) 
( 8.438350e-07 0 2.251953e-08) 
( -1.275055e-07 0 -2.663284e-07) 
( -1.275055e-07 0 -2.663284e-07) 
( -1.223660e-07 0 -2.735380e-07) 
( -1.275055e-07 0 -2.663284e-07) 
( -1.275055e-07 0 -2.663284e-07) 
( -1.223660e-07 0 -2.735380e-07) 
( -1.586089e-07 0 -2.086666e-07) 
( -1.585955e-07 0 -2.086798e-07) 
( -1.294289e-07 0 -2.471951e-07) 
( -1.585955e-07 0 -2.086798e-07) 
( -1.585955e-07 0 -2.086798e-07) 
( -1.294238e-07 0 -2.472026e-07) 
( -1.585955e-07 0 -2.086798e-07) 
( -1.585955e-07 0 -2.086798e-07) 
( -1.294225e-07 0 -2.472058e-07) 
( -1.586121e-07 0 -2.086649e-07) 
( -1.586121e-07 0 -2.086649e-07) 
( -1.294225e-07 0 -2.472058e-07) 
( -1.586121e-07 0 -2.086649e-07) 
( -1.586287e-07 0 -2.086500e-07) 
( -1.294213e-07 0 -2.472090e-07) 
( -1.586421e-07 0 -2.086368e-07) 
( -1.586721e-07 0 -2.086088e-07) 
( -1.294138e-07 0 -2.472229e-07) 
( -1.587021e-07 0 -2.085808e-07) 
( -1.587787e-07 0 -2.085098e-07) 
( -1.293696e-07 0 -2.472976e-07) 
( -1.589255e-07 0 -2.083715e-07) 
( -1.591151e-07 0 -2.081981e-07) 
( -1.292597e-07 0 -2.474747e-07) 
( -1.582874e-07 0 -2.088203e-07) 
( -1.669112e-07 0 -2.010957e-07) 
( -1.238280e-07 0 -2.541770e-07) 
( -1.854602e-07 0 -1.726166e-07) 
( -1.854586e-07 0 -1.726191e-07) 
( -1.708769e-07 0 -1.888911e-07) 
( -1.854587e-07 0 -1.726197e-07) 
( -1.854602e-07 0 -1.726172e-07) 
( -1.708769e-07 0 -1.888911e-07) 
( -1.854587e-07 0 -1.726197e-07) 
( -1.854603e-07 0 -1.726178e-07) 
( -1.708769e-07 0 -1.888911e-07) 
( -1.854603e-07 0 -1.726178e-07) 
( -1.854603e-07 0 -1.726178e-07) 
( -1.708775e-07 0 -1.888886e-07) 
( -1.854603e-07 0 -1.726178e-07) 
( -1.854604e-07 0 -1.726184e-07) 
( -1.708788e-07 0 -1.888869e-07) 
( -1.854604e-07 0 -1.726184e-07) 
( -1.854621e-07 0 -1.726170e-07) 
( -1.708834e-07 0 -1.888760e-07) 
( -1.854574e-07 0 -1.726251e-07) 
( -1.854480e-07 0 -1.726418e-07) 
( -1.708891e-07 0 -1.888568e-07) 
( -1.854516e-07 0 -1.726414e-07) 
( -1.854224e-07 0 -1.726988e-07) 
( -1.706589e-07 0 -1.890040e-07) 
( -1.853066e-07 0 -1.728254e-07) 
( -1.777589e-07 0 -1.729732e-07) 
( -1.700927e-07 0 -1.898498e-07) 
( -1.945850e-07 0 -1.186485e-07) 
( -1.945837e-07 0 -1.186531e-07) 
( -1.931990e-07 0 -1.474291e-07) 
( -1.945837e-07 0 -1.186531e-07) 
( -1.945865e-07 0 -1.186477e-07) 
( -1.931990e-07 0 -1.474291e-07) 
( -1.945837e-07 0 -1.186531e-07) 
( -1.945865e-07 0 -1.186477e-07) 
( -1.931994e-07 0 -1.474299e-07) 
( -1.945865e-07 0 -1.186477e-07) 
( -1.945881e-07 0 -1.186469e-07) 
( -1.931994e-07 0 -1.474299e-07) 
( -1.945881e-07 0 -1.186469e-07) 
( -1.945909e-07 0 -1.186415e-07) 
( -1.931996e-07 0 -1.474329e-07) 
( -1.945909e-07 0 -1.186415e-07) 
( -1.945953e-07 0 -1.186353e-07) 
( -1.932006e-07 0 -1.474376e-07) 
( -1.946025e-07 0 -1.186237e-07) 
( -1.946097e-07 0 -1.186122e-07) 
( -1.932013e-07 0 -1.474578e-07) 
( -1.946285e-07 0 -1.185828e-07) 
( -1.946391e-07 0 -1.186557e-07) 
( -1.932015e-07 0 -1.475778e-07) 
( -1.947998e-07 0 -1.183486e-07) 
( -1.966816e-07 0 -1.095434e-07) 
( -1.854232e-07 0 -1.458485e-07) 
( -1.900736e-07 0 -7.587731e-08) 
( -1.900736e-07 0 -7.587731e-08) 
( -1.923968e-07 0 -9.502305e-08) 
( -1.900736e-07 0 -7.587731e-08) 
( -1.900736e-07 0 -7.587731e-08) 
( -1.923968e-07 0 -9.502305e-08) 
( -1.900736e-07 0 -7.587731e-08) 
( -1.900744e-07 0 -7.587692e-08) 
( -1.923995e-07 0 -9.502060e-08) 
( -1.900744e-07 0 -7.587692e-08) 
( -1.900744e-07 0 -7.587692e-08) 
( -1.923995e-07 0 -9.502060e-08) 
( -1.900744e-07 0 -7.587692e-08) 
( -1.900744e-07 0 -7.587692e-08) 
( -1.924022e-07 0 -9.501815e-08) 
( -1.900770e-07 0 -7.588197e-08) 
( -1.900791e-07 0 -7.589586e-08) 
( -1.924143e-07 0 -9.502956e-08) 
( -1.900818e-07 0 -7.590091e-08) 
( -1.900859e-07 0 -7.589455e-08) 
( -1.924251e-07 0 -9.502504e-08) 
( -1.900910e-07 0 -7.588559e-08) 
( -1.900899e-07 0 -7.594580e-08) 
( -1.924722e-07 0 -9.508906e-08) 
( -1.900859e-07 0 -7.355339e-08) 
( -1.870026e-07 0 -8.127588e-08) 
( -1.873866e-07 0 -9.747081e-08) 
( -1.725952e-07 0 -5.504130e-08) 
( -1.725952e-07 0 -5.504130e-08) 
( -1.830681e-07 0 -6.768047e-08) 
( -1.725952e-07 0 -5.504130e-08) 
( -1.725952e-07 0 -5.504130e-08) 
( -1.830681e-07 0 -6.768047e-08) 
( -1.725952e-07 0 -5.504130e-08) 
( -1.725952e-07 0 -5.504130e-08) 
( -1.830681e-07 0 -6.768047e-08) 
( -1.725952e-07 0 -5.504130e-08) 
( -1.725952e-07 0 -5.504130e-08) 
( -1.830702e-07 0 -6.767903e-08) 
( -1.725952e-07 0 -5.504130e-08) 
( -1.725952e-07 0 -5.504130e-08) 
( -1.830702e-07 0 -6.767903e-08) 
( -1.725952e-07 0 -5.504130e-08) 
( -1.725952e-07 0 -5.504130e-08) 
( -1.830804e-07 0 -6.769452e-08) 
( -1.725952e-07 0 -5.504130e-08) 
( -1.725952e-07 0 -5.504130e-08) 
( -1.830898e-07 0 -6.769684e-08) 
( -1.725952e-07 0 -5.504130e-08) 
( -1.725952e-07 0 -5.504130e-08) 
( -1.830935e-07 0 -6.770127e-08) 
( -1.725952e-07 0 -5.504130e-08) 
( -1.721804e-07 0 -5.889183e-08) 
( -1.799826e-07 0 -6.979454e-08) 
( -1.595553e-07 0 -3.555005e-08) 
( -1.595531e-07 0 -3.555658e-08) 
( -1.737160e-07 0 -4.700311e-08) 
( -1.595531e-07 0 -3.555658e-08) 
( -1.595531e-07 0 -3.555658e-08) 
( -1.737160e-07 0 -4.700311e-08) 
( -1.595531e-07 0 -3.555658e-08) 
( -1.595531e-07 0 -3.555658e-08) 
( -1.737160e-07 0 -4.700311e-08) 
( -1.595531e-07 0 -3.555658e-08) 
( -1.595523e-07 0 -3.555876e-08) 
( -1.737160e-07 0 -4.700311e-08) 
( -1.595523e-07 0 -3.555876e-08) 
( -1.595460e-07 0 -3.556351e-08) 
( -1.737160e-07 0 -4.700311e-08) 
( -1.595438e-07 0 -3.557005e-08) 
( -1.595408e-07 0 -3.557877e-08) 
( -1.737160e-07 0 -4.700311e-08) 
( -1.595323e-07 0 -3.559005e-08) 
( -1.595245e-07 0 -3.559916e-08) 
( -1.737160e-07 0 -4.700311e-08) 
( -1.595096e-07 0 -3.561520e-08) 
( -1.594788e-07 0 -3.566431e-08) 
( -1.737160e-07 0 -4.700311e-08) 
( -1.593773e-07 0 -3.561530e-08) 
( -1.572754e-07 0 -3.711763e-08) 
( -1.663330e-07 0 -4.915955e-08) 
( -1.516399e-07 0 -6.914635e-09) 
( -1.516399e-07 0 -6.914635e-09) 
( -1.542690e-07 0 -1.700509e-08) 
( -1.516399e-07 0 -6.914635e-09) 
( -1.516399e-07 0 -6.914635e-09) 
( -1.542690e-07 0 -1.700509e-08) 
( -1.516399e-07 0 -6.914635e-09) 
( -1.516399e-07 0 -6.914635e-09) 
( -1.542690e-07 0 -1.700509e-08) 
( -1.516399e-07 0 -6.914635e-09) 
( -1.516399e-07 0 -6.914635e-09) 
( -1.542683e-07 0 -1.700727e-08) 
( -1.516399e-07 0 -6.914635e-09) 
( -1.516399e-07 0 -6.914635e-09) 
( -1.542620e-07 0 -1.701202e-08) 
( -1.516399e-07 0 -6.914635e-09) 
( -1.516399e-07 0 -6.914635e-09) 
( -1.542478e-07 0 -1.702588e-08) 
( -1.516399e-07 0 -6.914635e-09) 
( -1.516399e-07 0 -6.914635e-09) 
( -1.542169e-07 0 -1.704745e-08) 
( -1.516399e-07 0 -6.914635e-09) 
( -1.516399e-07 0 -6.914635e-09) 
( -1.541205e-07 0 -1.712307e-08) 
( -1.516399e-07 0 -6.914635e-09) 
( -1.516399e-07 0 -6.914635e-09) 
( -1.529106e-07 0 -1.229342e-08) 
( -1.548938e-07 0 2.932025e-10) 
( -1.548938e-07 0 2.932025e-10) 
( -1.525423e-07 0 -3.745139e-09) 
( -1.548938e-07 0 2.932025e-10) 
( -1.548938e-07 0 2.932025e-10) 
( -1.525423e-07 0 -3.745139e-09) 
( -1.548938e-07 0 2.932025e-10) 
( -1.548938e-07 0 2.932025e-10) 
( -1.525423e-07 0 -3.745139e-09) 
( -1.548938e-07 0 2.932025e-10) 
( -1.548938e-07 0 2.932025e-10) 
( -1.525423e-07 0 -3.745139e-09) 
( -1.548938e-07 0 2.932025e-10) 
( -1.548938e-07 0 2.932025e-10) 
( -1.525423e-07 0 -3.745139e-09) 
( -1.548938e-07 0 2.932025e-10) 
( -1.548938e-07 0 2.932025e-10) 
( -1.525423e-07 0 -3.745139e-09) 
( -1.548938e-07 0 2.932025e-10) 
( -1.548938e-07 0 2.932025e-10) 
( -1.525423e-07 0 -3.745139e-09) 
( -1.548938e-07 0 2.932025e-10) 
( -1.548938e-07 0 2.932025e-10) 
( -1.525423e-07 0 -3.745139e-09) 
( -1.548938e-07 0 2.932025e-10) 
( -1.548938e-07 0 2.932025e-10) 
( -1.525423e-07 0 -3.745139e-09) 
( -1.538290e-07 0 6.581606e-09) 
( -1.538290e-07 0 6.581606e-09) 
( -1.558539e-07 0 5.685133e-09) 
( -1.538290e-07 0 6.581606e-09) 
( -1.538290e-07 0 6.581606e-09) 
( -1.558539e-07 0 5.685133e-09) 
( -1.538290e-07 0 6.581606e-09) 
( -1.538290e-07 0 6.581606e-09) 
( -1.558539e-07 0 5.685133e-09) 
( -1.538290e-07 0 6.581606e-09) 
( -1.538290e-07 0 6.581606e-09) 
( -1.558539e-07 0 5.685133e-09) 
( -1.538290e-07 0 6.581606e-09) 
( -1.538290e-07 0 6.581606e-09) 
( -1.558539e-07 0 5.685133e-09) 
( -1.538290e-07 0 6.581606e-09) 
( -1.538290e-07 0 6.581606e-09) 
( -1.558539e-07 0 5.685133e-09) 
( -1.538290e-07 0 6.581606e-09) 
( -1.538290e-07 0 6.581606e-09) 
( -1.558539e-07 0 5.685133e-09) 
( -1.538290e-07 0 6.581606e-09) 
( -1.538290e-07 0 6.581606e-09) 
( -1.558539e-07 0 5.685133e-09) 
( -1.538290e-07 0 6.581606e-09) 
( -1.546175e-07 0 1.020566e-08) 
( -1.567426e-07 0 8.101033e-09) 
( -1.500938e-07 0 1.944878e-08) 
( -1.500932e-07 0 1.945057e-08) 
( -1.508519e-07 0 7.841855e-09) 
( -1.500938e-07 0 1.944878e-08) 
( -1.500938e-07 0 1.944878e-08) 
( -1.508519e-07 0 7.841855e-09) 
( -1.500883e-07 0 1.945345e-08) 
( -1.500883e-07 0 1.945345e-08) 
( -1.508519e-07 0 7.841855e-09) 
( -1.500883e-07 0 1.945345e-08) 
( -1.500883e-07 0 1.945345e-08) 
( -1.508519e-07 0 7.841855e-09) 
( -1.500828e-07 0 1.945812e-08) 
( -1.500828e-07 0 1.945812e-08) 
( -1.508519e-07 0 7.841855e-09) 
( -1.500779e-07 0 1.946099e-08) 
( -1.500723e-07 0 1.946566e-08) 
( -1.508519e-07 0 7.841855e-09) 
( -1.500682e-07 0 1.946674e-08) 
( -1.500529e-07 0 1.947716e-08) 
( -1.508519e-07 0 7.841855e-09) 
( -1.500376e-07 0 1.948759e-08) 
( -1.500295e-07 0 1.950914e-08) 
( -1.508519e-07 0 7.841855e-09) 
( -1.518762e-07 0 1.173721e-08) 
( -1.508519e-07 0 7.841855e-09) 
( -1.497243e-07 0 1.717303e-08) 
( -1.568278e-07 0 4.019580e-08) 
( -1.568278e-07 0 4.019580e-08) 
( -1.529672e-07 0 3.135148e-08) 
( -1.568273e-07 0 4.019615e-08) 
( -1.568278e-07 0 4.019580e-08) 
( -1.529727e-07 0 3.134681e-08) 
( -1.568273e-07 0 4.019615e-08) 
( -1.568273e-07 0 4.019615e-08) 
( -1.529727e-07 0 3.134681e-08) 
( -1.568273e-07 0 4.019615e-08) 
( -1.568273e-07 0 4.019615e-08) 
( -1.529665e-07 0 3.135328e-08) 
( -1.568273e-07 0 4.019615e-08) 
( -1.568268e-07 0 4.019224e-08) 
( -1.529658e-07 0 3.135507e-08) 
( -1.568263e-07 0 4.019259e-08) 
( -1.568259e-07 0 4.018867e-08) 
( -1.529645e-07 0 3.135867e-08) 
( -1.568248e-07 0 4.018938e-08) 
( -1.568239e-07 0 4.018582e-08) 
( -1.529618e-07 0 3.136585e-08) 
( -1.568220e-07 0 4.017870e-08) 
( -1.568205e-07 0 4.017549e-08) 
( -1.529712e-07 0 3.138129e-08) 
( -1.521399e-07 0 2.470493e-08) 
( -1.525504e-07 0 3.148308e-08) 
( -1.567819e-07 0 3.993194e-08) 
( -1.788622e-07 0 7.160981e-08) 
( -1.788646e-07 0 7.161292e-08) 
( -1.644500e-07 0 5.261613e-08) 
( -1.788646e-07 0 7.161292e-08) 
( -1.788646e-07 0 7.161292e-08) 
( -1.644500e-07 0 5.261613e-08) 
( -1.788646e-07 0 7.161292e-08) 
( -1.788670e-07 0 7.161215e-08) 
( -1.644500e-07 0 5.261613e-08) 
( -1.788646e-07 0 7.161292e-08) 
( -1.788670e-07 0 7.161215e-08) 
( -1.644490e-07 0 5.261746e-08) 
( -1.788670e-07 0 7.161215e-08) 
( -1.788693e-07 0 7.160749e-08) 
( -1.644417e-07 0 5.261823e-08) 
( -1.788693e-07 0 7.160749e-08) 
( -1.788717e-07 0 7.160282e-08) 
( -1.644335e-07 0 5.262034e-08) 
( -1.788764e-07 0 7.159350e-08) 
( -1.788811e-07 0 7.158417e-08) 
( -1.644107e-07 0 5.262399e-08) 
( -1.788881e-07 0 7.157018e-08) 
( -1.788715e-07 0 7.156005e-08) 
( -1.643813e-07 0 5.252260e-08) 
( -1.647900e-07 0 4.560200e-08) 
( -1.644900e-07 0 5.101259e-08) 
( -1.787284e-07 0 7.125264e-08) 
( -2.133423e-07 0 1.111324e-07) 
( -2.133419e-07 0 1.111370e-07) 
( -1.979207e-07 0 8.991012e-08) 
( -2.133459e-07 0 1.111339e-07) 
( -2.133459e-07 0 1.111339e-07) 
( -1.979236e-07 0 8.991072e-08) 
( -2.133415e-07 0 1.111417e-07) 
( -2.133459e-07 0 1.111339e-07) 
( -1.979266e-07 0 8.991133e-08) 
( -2.133459e-07 0 1.111339e-07) 
( -2.133459e-07 0 1.111339e-07) 
( -1.979266e-07 0 8.991133e-08) 
( -2.133459e-07 0 1.111339e-07) 
( -2.133499e-07 0 1.111308e-07) 
( -1.979295e-07 0 8.991193e-08) 
( -2.133503e-07 0 1.111262e-07) 
( -2.133587e-07 0 1.111154e-07) 
( -1.979357e-07 0 8.990908e-08) 
( -2.133676e-07 0 1.110999e-07) 
( -2.133764e-07 0 1.110845e-07) 
( -1.979541e-07 0 8.990052e-08) 
( -2.133933e-07 0 1.110628e-07) 
( -2.132577e-07 0 1.112019e-07) 
( -1.979365e-07 0 8.994618e-08) 
( -1.939306e-07 0 9.155152e-08) 
( -1.977586e-07 0 8.930256e-08) 
( -2.129569e-07 0 1.108938e-07) 
( -2.367229e-07 0 1.716535e-07) 
( -2.367318e-07 0 1.716386e-07) 
( -2.284289e-07 0 1.403517e-07) 
( -2.367342e-07 0 1.716308e-07) 
( -2.367318e-07 0 1.716386e-07) 
( -2.284289e-07 0 1.403517e-07) 
( -2.367342e-07 0 1.716308e-07) 
( -2.367342e-07 0 1.716308e-07) 
( -2.284289e-07 0 1.403517e-07) 
( -2.367407e-07 0 1.716237e-07) 
( -2.367407e-07 0 1.716237e-07) 
( -2.284289e-07 0 1.403517e-07) 
( -2.367496e-07 0 1.716088e-07) 
( -2.367496e-07 0 1.716088e-07) 
( -2.284285e-07 0 1.403615e-07) 
( -2.367560e-07 0 1.716016e-07) 
( -2.367738e-07 0 1.715718e-07) 
( -2.284281e-07 0 1.403909e-07) 
( -2.368004e-07 0 1.715271e-07) 
( -2.368562e-07 0 1.714300e-07) 
( -2.284276e-07 0 1.404349e-07) 
( -2.369248e-07 0 1.713185e-07) 
( -2.369526e-07 0 1.712170e-07) 
( -2.284466e-07 0 1.401704e-07) 
( -2.236662e-07 0 1.429364e-07) 
( -2.285162e-07 0 1.392836e-07) 
( -2.365259e-07 0 1.717209e-07) 
( -2.116226e-07 0 2.886563e-07) 
( -2.114883e-07 0 2.889499e-07) 
( -2.211155e-07 0 2.399829e-07) 
( -2.114296e-07 0 2.890881e-07) 
( -2.114338e-07 0 2.890837e-07) 
( -2.210623e-07 0 2.400728e-07) 
( -2.114338e-07 0 2.890837e-07) 
( -2.114338e-07 0 2.890837e-07) 
( -2.210623e-07 0 2.400728e-07) 
( -2.114381e-07 0 2.890794e-07) 
( -2.114411e-07 0 2.890806e-07) 
( -2.210816e-07 0 2.400597e-07) 
( -2.114411e-07 0 2.890806e-07) 
( -2.114411e-07 0 2.890806e-07) 
( -2.210902e-07 0 2.400565e-07) 
( -2.114485e-07 0 2.890774e-07) 
( -2.114558e-07 0 2.890742e-07) 
( -2.211204e-07 0 2.400335e-07) 
( -2.114897e-07 0 2.890395e-07) 
( -2.111198e-07 0 2.899210e-07) 
( -2.208021e-07 0 2.406135e-07) 
( -2.102743e-07 0 2.917925e-07) 
( -2.104180e-07 0 2.912292e-07) 
( -2.201823e-07 0 2.413443e-07) 
( -2.243454e-07 0 2.316758e-07) 
( -2.209277e-07 0 2.399147e-07) 
( -2.115580e-07 0 2.885666e-07) 
( -2.023837e-07 0 3.539732e-07) 
( -2.023837e-07 0 3.539732e-07) 
( -2.007203e-07 0 3.291825e-07) 
( -2.023837e-07 0 3.539732e-07) 
( -2.023837e-07 0 3.539732e-07) 
( -2.007203e-07 0 3.291825e-07) 
( -2.023837e-07 0 3.539732e-07) 
( -2.023837e-07 0 3.539732e-07) 
( -2.007203e-07 0 3.291825e-07) 
( -2.023837e-07 0 3.539732e-07) 
( -2.023837e-07 0 3.539732e-07) 
( -2.007203e-07 0 3.291825e-07) 
( -2.023837e-07 0 3.539732e-07) 
( -2.023837e-07 0 3.539732e-07) 
( -2.007203e-07 0 3.291825e-07) 
( -2.023837e-07 0 3.539732e-07) 
( -2.023837e-07 0 3.539732e-07) 
( -2.007203e-07 0 3.291825e-07) 
( -2.023837e-07 0 3.539732e-07) 
( -2.023837e-07 0 3.539732e-07) 
( -2.007203e-07 0 3.291825e-07) 
( -2.023837e-07 0 3.539732e-07) 
( -2.023837e-07 0 3.539732e-07) 
( -2.007203e-07 0 3.291825e-07) 
( -2.014744e-07 0 3.290858e-07) 
( -2.007203e-07 0 3.291825e-07) 
( -2.023837e-07 0 3.539732e-07) 
( -1.987626e-07 0 3.509920e-07) 
( -1.984085e-07 0 3.511262e-07) 
( -2.107185e-07 0 3.499820e-07) 
( -2.104688e-07 0 3.485361e-07) 
( -2.107185e-07 0 3.499820e-07) 
( -1.949695e-07 0 3.517232e-07) 
( 8.491809e-07 0 3.256859e-08) 
( 8.546049e-07 0 1.918536e-08) 
( 8.546049e-07 0 1.918536e-08) 
( 8.491809e-07 0 3.256859e-08) 
( 8.546049e-07 0 1.918536e-08) 
( 8.546049e-07 0 1.918536e-08) 
( 8.491809e-07 0 3.256859e-08) 
( 8.546049e-07 0 1.918536e-08) 
( 8.546049e-07 0 1.918536e-08) 
( 8.491809e-07 0 3.256859e-08) 
( 8.546049e-07 0 1.918536e-08) 
( 8.546049e-07 0 1.918536e-08) 
( 8.491809e-07 0 3.256859e-08) 
( 8.546049e-07 0 1.918536e-08) 
( 8.546049e-07 0 1.918536e-08) 
( 8.491809e-07 0 3.256859e-08) 
( 8.546049e-07 0 1.918536e-08) 
( 8.546049e-07 0 1.918536e-08) 
( 8.491809e-07 0 3.256859e-08) 
( 8.546049e-07 0 1.918536e-08) 
( 8.546049e-07 0 1.918536e-08) 
( 8.491809e-07 0 3.256859e-08) 
( 8.546049e-07 0 1.918536e-08) 
( 8.546049e-07 0 1.918536e-08) 
( 8.491809e-07 0 3.256859e-08) 
( 8.551811e-07 0 2.424419e-08) 
( 8.551811e-07 0 2.424419e-08) 
( 8.600262e-07 0 1.653868e-08) 
( 8.654260e-07 0 3.710200e-08) 
( 8.654260e-07 0 3.710200e-08) 
( 8.600262e-07 0 1.653868e-08) 
( 8.654260e-07 0 3.710200e-08) 
( 8.654260e-07 0 3.710200e-08) 
( 8.600262e-07 0 1.653868e-08) 
( 8.654260e-07 0 3.710200e-08) 
( 8.654260e-07 0 3.710200e-08) 
( 8.600262e-07 0 1.653868e-08) 
( 8.654260e-07 0 3.710200e-08) 
( 8.654260e-07 0 3.710200e-08) 
( 8.600262e-07 0 1.653868e-08) 
( 8.654260e-07 0 3.710200e-08) 
( 8.654260e-07 0 3.710200e-08) 
( 8.600262e-07 0 1.653868e-08) 
( 8.654260e-07 0 3.710200e-08) 
( 8.654260e-07 0 3.710200e-08) 
( 8.600262e-07 0 1.653868e-08) 
( 8.654260e-07 0 3.710200e-08) 
( 8.654260e-07 0 3.710200e-08) 
( 8.600262e-07 0 1.653868e-08) 
( 8.654260e-07 0 3.710200e-08) 
( 8.654260e-07 0 3.710200e-08) 
( 8.654260e-07 0 3.710200e-08) 
( 8.654260e-07 0 3.710200e-08) 
( 8.600262e-07 0 1.653868e-08) 
( 8.653167e-07 0 1.064689e-07) 
( 8.297829e-07 0 1.889168e-07) 
( 8.297908e-07 0 1.889332e-07) 
( 8.653167e-07 0 1.064689e-07) 
( 8.297868e-07 0 1.889250e-07) 
( 8.297868e-07 0 1.889250e-07) 
( 8.653167e-07 0 1.064689e-07) 
( 8.297868e-07 0 1.889250e-07) 
( 8.297868e-07 0 1.889250e-07) 
( 8.653183e-07 0 1.064732e-07) 
( 8.297868e-07 0 1.889250e-07) 
( 8.297868e-07 0 1.889250e-07) 
( 8.653199e-07 0 1.064775e-07) 
( 8.297829e-07 0 1.889168e-07) 
( 8.297868e-07 0 1.889250e-07) 
( 8.653232e-07 0 1.064861e-07) 
( 8.300307e-07 0 1.889912e-07) 
( 8.297829e-07 0 1.889168e-07) 
( 8.656678e-07 0 1.065378e-07) 
( 8.305302e-07 0 1.891480e-07) 
( 8.300228e-07 0 1.889748e-07) 
( 8.663375e-07 0 1.065895e-07) 
( 8.323358e-07 0 1.898158e-07) 
( 8.310692e-07 0 1.893868e-07) 
( 8.518126e-07 0 1.963188e-07) 
( 8.289537e-07 0 1.889554e-07) 
( 8.660914e-07 0 1.076527e-07) 
( 6.687360e-07 0 3.173404e-07) 
( 4.891268e-07 0 3.729179e-07) 
( 4.891196e-07 0 3.729300e-07) 
( 6.687360e-07 0 3.173404e-07) 
( 4.891268e-07 0 3.729179e-07) 
( 4.891268e-07 0 3.729179e-07) 
( 6.687360e-07 0 3.173404e-07) 
( 4.891268e-07 0 3.729179e-07) 
( 4.891268e-07 0 3.729179e-07) 
( 6.687391e-07 0 3.173485e-07) 
( 4.891196e-07 0 3.729300e-07) 
( 4.891268e-07 0 3.729179e-07) 
( 6.687452e-07 0 3.173648e-07) 
( 4.891196e-07 0 3.729300e-07) 
( 4.891196e-07 0 3.729300e-07) 
( 6.690726e-07 0 3.174177e-07) 
( 4.891653e-07 0 3.730965e-07) 
( 4.891124e-07 0 3.729420e-07) 
( 6.697304e-07 0 3.175315e-07) 
( 4.893960e-07 0 3.734397e-07) 
( 4.891437e-07 0 3.731325e-07) 
( 6.731432e-07 0 3.184267e-07) 
( 4.897384e-07 0 3.752971e-07) 
( 4.897371e-07 0 3.738413e-07) 
( 4.861545e-07 0 3.693272e-07) 
( 4.884654e-07 0 3.660047e-07) 
( 6.613970e-07 0 3.168677e-07) 
( 3.504529e-07 0 3.668199e-07) 
( 2.596106e-07 0 3.674797e-07) 
( 2.597531e-07 0 3.675304e-07) 
( 3.504008e-07 0 3.668635e-07) 
( 2.595463e-07 0 3.674640e-07) 
( 2.595391e-07 0 3.674656e-07) 
( 3.504529e-07 0 3.668199e-07) 
( 2.596033e-07 0 3.674851e-07) 
( 2.595391e-07 0 3.674656e-07) 
( 3.505047e-07 0 3.669667e-07) 
( 2.598029e-07 0 3.675530e-07) 
( 2.597388e-07 0 3.675336e-07) 
( 3.504838e-07 0 3.669842e-07) 
( 2.597956e-07 0 3.675621e-07) 
( 2.597957e-07 0 3.675584e-07) 
( 3.504107e-07 0 3.671087e-07) 
( 2.597810e-07 0 3.675842e-07) 
( 2.597883e-07 0 3.675713e-07) 
( 3.503688e-07 0 3.672070e-07) 
( 2.597442e-07 0 3.676450e-07) 
( 2.597662e-07 0 3.676100e-07) 
( 3.500749e-07 0 3.684031e-07) 
( 2.600743e-07 0 3.680778e-07) 
( 2.597715e-07 0 3.677327e-07) 
( 2.425818e-07 0 3.718900e-07) 
( 2.612267e-07 0 3.667804e-07) 
( 3.523847e-07 0 3.638744e-07) 
( 2.093067e-07 0 3.680234e-07) 
( 2.057303e-07 0 3.600930e-07) 
( 2.057303e-07 0 3.600930e-07) 
( 2.093067e-07 0 3.680234e-07) 
( 2.057303e-07 0 3.600930e-07) 
( 2.057303e-07 0 3.600930e-07) 
( 2.093067e-07 0 3.680234e-07) 
( 2.057303e-07 0 3.600930e-07) 
( 2.057303e-07 0 3.600930e-07) 
( 2.093067e-07 0 3.680234e-07) 
( 2.057303e-07 0 3.600930e-07) 
( 2.057303e-07 0 3.600930e-07) 
( 2.093067e-07 0 3.680234e-07) 
( 2.057303e-07 0 3.600930e-07) 
( 2.057303e-07 0 3.600930e-07) 
( 2.093067e-07 0 3.680234e-07) 
( 2.057303e-07 0 3.600930e-07) 
( 2.057303e-07 0 3.600930e-07) 
( 2.093067e-07 0 3.680234e-07) 
( 2.057303e-07 0 3.600930e-07) 
( 2.057303e-07 0 3.600930e-07) 
( 2.093067e-07 0 3.680234e-07) 
( 2.057303e-07 0 3.600930e-07) 
( 2.057303e-07 0 3.600930e-07) 
( 1.929936e-07 0 3.640575e-07) 
( 2.057303e-07 0 3.600930e-07) 
( 2.093067e-07 0 3.680234e-07) 
( 1.992247e-07 0 3.554129e-07) 
( 1.832081e-07 0 3.591530e-07) 
( 1.832081e-07 0 3.591530e-07) 
( 1.992247e-07 0 3.554129e-07) 
( 1.832081e-07 0 3.591530e-07) 
( 1.832081e-07 0 3.591530e-07) 
( 1.992247e-07 0 3.554129e-07) 
( 1.832081e-07 0 3.591530e-07) 
( 1.832081e-07 0 3.591530e-07) 
( 1.992247e-07 0 3.554129e-07) 
( 1.832081e-07 0 3.591530e-07) 
( 1.832081e-07 0 3.591530e-07) 
( 1.992247e-07 0 3.554129e-07) 
( 1.832081e-07 0 3.591530e-07) 
( 1.832081e-07 0 3.591530e-07) 
( 1.992247e-07 0 3.554129e-07) 
( 1.832081e-07 0 3.591530e-07) 
( 1.832081e-07 0 3.591530e-07) 
( 1.992247e-07 0 3.554129e-07) 
( 1.832081e-07 0 3.591530e-07) 
( 1.832081e-07 0 3.591530e-07) 
( 1.992247e-07 0 3.554129e-07) 
( 1.832081e-07 0 3.591530e-07) 
( 1.832081e-07 0 3.591530e-07) 
( 1.832081e-07 0 3.591530e-07) 
( 1.832081e-07 0 3.591530e-07) 
( 1.992247e-07 0 3.554129e-07) 
( 1.779559e-07 0 3.561342e-07) 
( 1.842443e-07 0 3.514950e-07) 
( 1.842443e-07 0 3.514950e-07) 
( 1.779559e-07 0 3.561342e-07) 
( 1.842443e-07 0 3.514950e-07) 
( 1.842443e-07 0 3.514950e-07) 
( 1.779559e-07 0 3.561342e-07) 
( 1.842443e-07 0 3.514950e-07) 
( 1.842443e-07 0 3.514950e-07) 
( 1.779559e-07 0 3.561342e-07) 
( 1.842443e-07 0 3.514950e-07) 
( 1.842443e-07 0 3.514950e-07) 
( 1.779559e-07 0 3.561342e-07) 
( 1.842443e-07 0 3.514950e-07) 
( 1.842443e-07 0 3.514950e-07) 
( 1.779559e-07 0 3.561342e-07) 
( 1.842443e-07 0 3.514950e-07) 
( 1.842443e-07 0 3.514950e-07) 
( 1.779559e-07 0 3.561342e-07) 
( 1.842443e-07 0 3.514950e-07) 
( 1.842443e-07 0 3.514950e-07) 
( 1.779559e-07 0 3.561342e-07) 
( 1.842443e-07 0 3.514950e-07) 
( 1.842443e-07 0 3.514950e-07) 
( 1.828431e-07 0 3.511013e-07) 
( 1.842443e-07 0 3.514950e-07) 
( 1.779559e-07 0 3.561342e-07) 
( 1.629544e-07 0 3.597910e-07) 
( 1.724384e-07 0 3.561488e-07) 
( 1.724384e-07 0 3.561488e-07) 
( 1.629544e-07 0 3.597910e-07) 
( 1.724493e-07 0 3.561394e-07) 
( 1.724384e-07 0 3.561488e-07) 
( 1.629544e-07 0 3.597910e-07) 
( 1.724493e-07 0 3.561394e-07) 
( 1.724384e-07 0 3.561488e-07) 
( 1.629544e-07 0 3.597910e-07) 
( 1.724493e-07 0 3.561394e-07) 
( 1.724493e-07 0 3.561394e-07) 
( 1.629544e-07 0 3.597910e-07) 
( 1.724493e-07 0 3.561394e-07) 
( 1.724493e-07 0 3.561394e-07) 
( 1.629544e-07 0 3.597910e-07) 
( 1.724493e-07 0 3.561394e-07) 
( 1.724493e-07 0 3.561394e-07) 
( 1.629544e-07 0 3.597910e-07) 
( 1.724828e-07 0 3.561263e-07) 
( 1.724772e-07 0 3.561130e-07) 
( 1.629544e-07 0 3.597910e-07) 
( 1.722991e-07 0 3.562240e-07) 
( 1.725145e-07 0 3.561399e-07) 
( 1.734164e-07 0 3.547163e-07) 
( 1.710692e-07 0 3.560787e-07) 
( 1.629544e-07 0 3.597910e-07) 
( 1.756437e-07 0 -4.411508e-07) 
( 1.746096e-07 0 -4.263825e-07) 
( 1.746096e-07 0 -4.263825e-07) 
( 1.764835e-07 0 -4.383593e-07) 
( 1.769410e-07 0 -4.219720e-07) 
( 1.746096e-07 0 -4.263825e-07) 
( 1.872545e-07 0 -4.017449e-07) 
( 1.797988e-07 0 -3.938023e-07) 
( 1.797988e-07 0 -3.938023e-07) 
( 1.876224e-07 0 -4.016676e-07) 
( 1.871677e-07 0 -3.909423e-07) 
( 1.797988e-07 0 -3.938023e-07) 
( 1.589228e-07 0 3.662319e-07) 
( 1.595005e-07 0 3.715117e-07) 
( 1.595005e-07 0 3.715117e-07) 
( 1.575133e-07 0 3.717091e-07) 
( 1.595005e-07 0 3.715117e-07) 
( 1.590786e-07 0 3.660733e-07) 
( 1.511467e-07 0 3.856169e-07) 
( 1.568259e-07 0 3.928101e-07) 
( 1.568259e-07 0 3.928101e-07) 
( 1.566073e-07 0 3.919249e-07) 
( 1.568259e-07 0 3.928101e-07) 
( 1.511467e-07 0 3.856169e-07) 
( 1.756437e-07 0 -4.411508e-07) 
( 1.746096e-07 0 -4.263825e-07) 
( 1.746096e-07 0 -4.263825e-07) 
( 1.756437e-07 0 -4.411508e-07) 
( 1.746096e-07 0 -4.263825e-07) 
( 1.746096e-07 0 -4.263825e-07) 
( 1.756437e-07 0 -4.411508e-07) 
( 1.746096e-07 0 -4.263825e-07) 
( 1.746096e-07 0 -4.263825e-07) 
( 1.756437e-07 0 -4.411508e-07) 
( 1.746096e-07 0 -4.263825e-07) 
( 1.746096e-07 0 -4.263825e-07) 
( 1.756437e-07 0 -4.411508e-07) 
( 1.746096e-07 0 -4.263825e-07) 
( 1.746096e-07 0 -4.263825e-07) 
( 1.756437e-07 0 -4.411508e-07) 
( 1.746096e-07 0 -4.263825e-07) 
( 1.746096e-07 0 -4.263825e-07) 
( 1.756437e-07 0 -4.411508e-07) 
( 1.746096e-07 0 -4.263825e-07) 
( 1.746096e-07 0 -4.263825e-07) 
( 1.872545e-07 0 -4.017449e-07) 
( 1.797988e-07 0 -3.938023e-07) 
( 1.797988e-07 0 -3.938023e-07) 
( 1.872545e-07 0 -4.017449e-07) 
( 1.797988e-07 0 -3.938023e-07) 
( 1.797988e-07 0 -3.938023e-07) 
( 1.872545e-07 0 -4.017449e-07) 
( 1.797988e-07 0 -3.938023e-07) 
( 1.797988e-07 0 -3.938023e-07) 
( 1.872545e-07 0 -4.017449e-07) 
( 1.797988e-07 0 -3.938023e-07) 
( 1.797988e-07 0 -3.938023e-07) 
( 1.872545e-07 0 -4.017449e-07) 
( 1.797988e-07 0 -3.938023e-07) 
( 1.797988e-07 0 -3.938023e-07) 
( 1.872545e-07 0 -4.017449e-07) 
( 1.797988e-07 0 -3.938023e-07) 
( 1.797988e-07 0 -3.938023e-07) 
( 1.872545e-07 0 -4.017449e-07) 
( 1.797988e-07 0 -3.938023e-07) 
( 1.797988e-07 0 -3.938023e-07) 
( -1.300021e-07 0 -2.757098e-07) 
( -1.300021e-07 0 -2.757082e-07) 
( -1.282601e-07 0 -2.801621e-07) 
( -1.300022e-07 0 -2.757065e-07) 
( -1.300022e-07 0 -2.757065e-07) 
( -1.282604e-07 0 -2.801593e-07) 
( -1.300022e-07 0 -2.757065e-07) 
( -1.300022e-07 0 -2.757065e-07) 
( -1.282604e-07 0 -2.801593e-07) 
( -1.300022e-07 0 -2.757065e-07) 
( -1.300022e-07 0 -2.757065e-07) 
( -1.282604e-07 0 -2.801593e-07) 
( -1.300022e-07 0 -2.757065e-07) 
( -1.300043e-07 0 -2.757052e-07) 
( -1.282605e-07 0 -2.801576e-07) 
( -1.300043e-07 0 -2.757052e-07) 
( -1.300064e-07 0 -2.757039e-07) 
( -1.282605e-07 0 -2.801579e-07) 
( -1.300209e-07 0 -2.756997e-07) 
( -1.300503e-07 0 -2.756829e-07) 
( -1.282602e-07 0 -2.801607e-07) 
( -1.246030e-07 0 -2.625813e-07) 
( -1.246030e-07 0 -2.625813e-07) 
( -1.223660e-07 0 -2.735380e-07) 
( -1.246030e-07 0 -2.625813e-07) 
( -1.246030e-07 0 -2.625813e-07) 
( -1.223660e-07 0 -2.735380e-07) 
( -1.246030e-07 0 -2.625813e-07) 
( -1.246030e-07 0 -2.625813e-07) 
( -1.223660e-07 0 -2.735380e-07) 
( -1.246030e-07 0 -2.625813e-07) 
( -1.246030e-07 0 -2.625813e-07) 
( -1.223660e-07 0 -2.735380e-07) 
( -1.246030e-07 0 -2.625813e-07) 
( -1.246030e-07 0 -2.625813e-07) 
( -1.223660e-07 0 -2.735380e-07) 
( -1.246030e-07 0 -2.625813e-07) 
( -1.246030e-07 0 -2.625813e-07) 
( -1.223660e-07 0 -2.735380e-07) 
( -1.275055e-07 0 -2.663284e-07) 
( -1.275055e-07 0 -2.663284e-07) 
( -1.223660e-07 0 -2.735380e-07) 
( -1.994630e-07 0 3.507103e-07) 
( -1.994650e-07 0 3.507119e-07) 
( -2.107185e-07 0 3.499820e-07) 
( -1.994650e-07 0 3.507119e-07) 
( -1.994650e-07 0 3.507119e-07) 
( -2.107185e-07 0 3.499820e-07) 
( -1.994650e-07 0 3.507119e-07) 
( -1.994670e-07 0 3.507134e-07) 
( -2.107185e-07 0 3.499820e-07) 
( -1.994670e-07 0 3.507134e-07) 
( -1.994670e-07 0 3.507134e-07) 
( -2.107185e-07 0 3.499820e-07) 
( -1.994670e-07 0 3.507134e-07) 
( -1.994670e-07 0 3.507134e-07) 
( -2.107185e-07 0 3.499820e-07) 
( -1.994670e-07 0 3.507134e-07) 
( -1.994650e-07 0 3.507119e-07) 
( -2.107185e-07 0 3.499820e-07) 
( -1.994716e-07 0 3.507152e-07) 
( -1.993515e-07 0 3.507771e-07) 
( -2.107185e-07 0 3.499820e-07) 
( -1.899009e-07 0 3.464608e-07) 
( -1.899370e-07 0 3.464274e-07) 
( -1.925014e-07 0 3.494211e-07) 
( -1.900917e-07 0 3.462795e-07) 
( -1.900917e-07 0 3.462795e-07) 
( -1.925652e-07 0 3.493560e-07) 
( -1.900917e-07 0 3.462795e-07) 
( -1.900917e-07 0 3.462795e-07) 
( -1.925014e-07 0 3.494211e-07) 
( -1.900917e-07 0 3.462795e-07) 
( -1.903651e-07 0 3.460173e-07) 
( -1.928385e-07 0 3.490938e-07) 
( -1.903651e-07 0 3.460173e-07) 
( -1.903651e-07 0 3.460173e-07) 
( -1.926838e-07 0 3.492416e-07) 
( -1.903651e-07 0 3.460173e-07) 
( -1.903651e-07 0 3.460173e-07) 
( -1.925291e-07 0 3.493894e-07) 
( -1.906384e-07 0 3.457552e-07) 
( -1.896950e-07 0 3.466475e-07) 
( -1.980510e-07 0 3.481968e-07) 
( 1.589614e-07 0 3.661875e-07) 
( 1.595005e-07 0 3.715117e-07) 
( 1.595005e-07 0 3.715117e-07) 
( 1.589614e-07 0 3.661875e-07) 
( 1.595005e-07 0 3.715117e-07) 
( 1.595005e-07 0 3.715117e-07) 
( 1.589614e-07 0 3.661875e-07) 
( 1.595005e-07 0 3.715117e-07) 
( 1.595005e-07 0 3.715117e-07) 
( 1.589614e-07 0 3.661875e-07) 
( 1.595005e-07 0 3.715117e-07) 
( 1.595005e-07 0 3.715117e-07) 
( 1.589606e-07 0 3.661878e-07) 
( 1.595005e-07 0 3.715117e-07) 
( 1.595005e-07 0 3.715117e-07) 
( 1.589606e-07 0 3.661894e-07) 
( 1.595005e-07 0 3.715117e-07) 
( 1.595005e-07 0 3.715117e-07) 
( 1.589615e-07 0 3.661859e-07) 
( 1.595005e-07 0 3.715117e-07) 
( 1.595005e-07 0 3.715117e-07) 
( 1.511467e-07 0 3.856169e-07) 
( 1.568259e-07 0 3.928101e-07) 
( 1.568259e-07 0 3.928101e-07) 
( 1.511467e-07 0 3.856169e-07) 
( 1.568259e-07 0 3.928101e-07) 
( 1.568259e-07 0 3.928101e-07) 
( 1.511467e-07 0 3.856169e-07) 
( 1.568259e-07 0 3.928101e-07) 
( 1.568259e-07 0 3.928101e-07) 
( 1.511467e-07 0 3.856169e-07) 
( 1.568259e-07 0 3.928101e-07) 
( 1.568259e-07 0 3.928101e-07) 
( 1.511467e-07 0 3.856169e-07) 
( 1.568259e-07 0 3.928101e-07) 
( 1.568259e-07 0 3.928101e-07) 
( 1.511467e-07 0 3.856169e-07) 
( 1.568259e-07 0 3.928101e-07) 
( 1.568259e-07 0 3.928101e-07) 
( 1.511467e-07 0 3.856169e-07) 
( 1.568259e-07 0 3.928101e-07) 
( 1.568259e-07 0 3.928101e-07) 
( -1.287574e-07 0 -2.848779e-07) 
( -1.305691e-07 0 -2.838888e-07) 
( -1.316579e-07 0 -2.875630e-07) 
( -1.275952e-07 0 -2.846895e-07) 
( -1.327711e-07 0 -2.857901e-07) 
( -1.309033e-07 0 -2.872120e-07) 
( -1.300400e-07 0 -2.756828e-07) 
( -1.300497e-07 0 -2.757030e-07) 
( -1.282522e-07 0 -2.802530e-07) 
( -1.299535e-07 0 -2.756794e-07) 
( -1.315522e-07 0 -2.760561e-07) 
( -1.281853e-07 0 -2.809797e-07) 
( -1.909287e-07 0 3.462090e-07) 
( -1.896301e-07 0 3.467147e-07) 
( -1.980510e-07 0 3.481968e-07) 
( -1.977303e-07 0 3.467111e-07) 
( -1.980510e-07 0 3.481968e-07) 
( -1.914073e-07 0 3.450074e-07) 
( -1.926117e-07 0 3.374730e-07) 
( -1.926173e-07 0 3.374614e-07) 
( -1.890711e-07 0 3.429887e-07) 
( -1.893938e-07 0 3.411980e-07) 
( -1.891154e-07 0 3.429618e-07) 
( -1.906646e-07 0 3.378199e-07) 
( 1.436740e-07 0 4.112530e-07) 
( 1.491021e-07 0 4.210375e-07) 
( 1.491021e-07 0 4.210375e-07) 
( 1.489306e-07 0 4.197747e-07) 
( 1.484444e-07 0 4.198896e-07) 
( 1.436486e-07 0 4.113832e-07) 
( 1.500191e-07 0 4.309833e-07) 
( 1.441775e-07 0 4.424370e-07) 
( 1.441775e-07 0 4.424370e-07) 
( 1.438192e-07 0 4.422492e-07) 
( 1.441775e-07 0 4.424370e-07) 
( 1.500191e-07 0 4.309833e-07) 
( 1.429880e-07 0 -5.143090e-07) 
( 1.655693e-07 0 -4.891523e-07) 
( 1.625166e-07 0 -4.926850e-07) 
( 1.426401e-07 0 -5.175501e-07) 
( 1.567087e-07 0 -4.948776e-07) 
( 1.655693e-07 0 -4.891523e-07) 
( 1.661499e-07 0 -4.734529e-07) 
( 1.780594e-07 0 -4.551976e-07) 
( 1.780395e-07 0 -4.551368e-07) 
( 1.659657e-07 0 -4.736018e-07) 
( 1.778374e-07 0 -4.551506e-07) 
( 1.782084e-07 0 -4.556080e-07) 
( 1.437166e-07 0 4.112020e-07) 
( 1.491021e-07 0 4.210375e-07) 
( 1.491021e-07 0 4.210375e-07) 
( 1.437526e-07 0 4.112509e-07) 
( 1.491021e-07 0 4.210375e-07) 
( 1.491021e-07 0 4.210375e-07) 
( 1.500191e-07 0 4.309833e-07) 
( 1.441775e-07 0 4.424370e-07) 
( 1.441775e-07 0 4.424370e-07) 
( 1.500191e-07 0 4.309833e-07) 
( 1.441775e-07 0 4.424370e-07) 
( 1.441775e-07 0 4.424370e-07) 
( 1.429880e-07 0 -5.143090e-07) 
( 1.606037e-07 0 -4.936838e-07) 
( 1.606037e-07 0 -4.936838e-07) 
( 1.429880e-07 0 -5.143090e-07) 
( 1.606037e-07 0 -4.936838e-07) 
( 1.606037e-07 0 -4.936838e-07) 
( 1.429880e-07 0 -5.143090e-07) 
( 1.606037e-07 0 -4.936838e-07) 
( 1.606037e-07 0 -4.936838e-07) 
( 1.429880e-07 0 -5.143090e-07) 
( 1.606037e-07 0 -4.936838e-07) 
( 1.606037e-07 0 -4.936838e-07) 
( 1.429880e-07 0 -5.143090e-07) 
( 1.607393e-07 0 -4.936142e-07) 
( 1.606037e-07 0 -4.936838e-07) 
( 1.429880e-07 0 -5.143090e-07) 
( 1.607393e-07 0 -4.936142e-07) 
( 1.607393e-07 0 -4.936142e-07) 
( 1.429880e-07 0 -5.143090e-07) 
( 1.618241e-07 0 -4.930570e-07) 
( 1.609644e-07 0 -4.934997e-07) 
( 1.661621e-07 0 -4.733144e-07) 
( 1.779938e-07 0 -4.550213e-07) 
( 1.779955e-07 0 -4.550236e-07) 
( 1.661622e-07 0 -4.733161e-07) 
( 1.779938e-07 0 -4.550213e-07) 
( 1.779938e-07 0 -4.550213e-07) 
( 1.661622e-07 0 -4.733161e-07) 
( 1.779938e-07 0 -4.550213e-07) 
( 1.779938e-07 0 -4.550213e-07) 
( 1.661622e-07 0 -4.733161e-07) 
( 1.779938e-07 0 -4.550213e-07) 
( 1.779938e-07 0 -4.550213e-07) 
( 1.661622e-07 0 -4.733161e-07) 
( 1.779938e-07 0 -4.550213e-07) 
( 1.779938e-07 0 -4.550213e-07) 
( 1.661623e-07 0 -4.733155e-07) 
( 1.779944e-07 0 -4.550238e-07) 
( 1.779944e-07 0 -4.550221e-07) 
( 1.661580e-07 0 -4.733579e-07) 
( 1.780174e-07 0 -4.550841e-07) 
( 1.779974e-07 0 -4.550329e-07) 
( 1.437251e-07 0 4.111495e-07) 
( 1.491021e-07 0 4.210375e-07) 
( 1.491021e-07 0 4.210375e-07) 
( 1.437248e-07 0 4.111520e-07) 
( 1.491021e-07 0 4.210375e-07) 
( 1.491021e-07 0 4.210375e-07) 
( 1.437251e-07 0 4.111495e-07) 
( 1.491021e-07 0 4.210375e-07) 
( 1.491021e-07 0 4.210375e-07) 
( 1.437251e-07 0 4.111495e-07) 
( 1.491021e-07 0 4.210375e-07) 
( 1.491021e-07 0 4.210375e-07) 
( 1.437220e-07 0 4.111651e-07) 
( 1.491021e-07 0 4.210375e-07) 
( 1.491021e-07 0 4.210375e-07) 
( 1.500191e-07 0 4.309833e-07) 
( 1.441775e-07 0 4.424370e-07) 
( 1.441775e-07 0 4.424370e-07) 
( 1.500191e-07 0 4.309833e-07) 
( 1.441775e-07 0 4.424370e-07) 
( 1.441775e-07 0 4.424370e-07) 
( 1.500191e-07 0 4.309833e-07) 
( 1.441775e-07 0 4.424370e-07) 
( 1.441775e-07 0 4.424370e-07) 
( 1.500191e-07 0 4.309833e-07) 
( 1.441775e-07 0 4.424370e-07) 
( 1.441775e-07 0 4.424370e-07) 
( 1.500191e-07 0 4.309833e-07) 
( 1.441775e-07 0 4.424370e-07) 
( 1.441775e-07 0 4.424370e-07) 
( 1.415660e-07 0 4.475460e-07) 
( 1.464682e-07 0 4.424445e-07) 
( 1.464682e-07 0 4.424445e-07) 
( 1.417831e-07 0 4.427096e-07) 
( 1.464682e-07 0 4.424445e-07) 
( 1.415660e-07 0 4.475460e-07) 
( 1.191540e-07 0 4.454675e-07) 
( 1.039489e-07 0 4.443111e-07) 
( 1.039563e-07 0 4.442987e-07) 
( 1.028457e-07 0 4.424661e-07) 
( 1.037085e-07 0 4.443136e-07) 
( 1.191540e-07 0 4.454675e-07) 
( 9.752244e-08 0 -5.632449e-07) 
( 1.167492e-07 0 -5.536490e-07) 
( 1.167492e-07 0 -5.536490e-07) 
( 8.065606e-08 0 -5.642856e-07) 
( 1.031679e-07 0 -5.556623e-07) 
( 9.226550e-08 0 -5.591090e-07) 
( 1.236126e-07 0 -5.470975e-07) 
( 1.323551e-07 0 -5.356154e-07) 
( 1.323551e-07 0 -5.356154e-07) 
( 1.224822e-07 0 -5.466452e-07) 
( 1.294115e-07 0 -5.363178e-07) 
( 1.323551e-07 0 -5.356154e-07) 
( -1.341193e-07 0 -2.922899e-07) 
( -1.341031e-07 0 -2.922844e-07) 
( -1.363311e-07 0 -2.961281e-07) 
( -1.341031e-07 0 -2.922844e-07) 
( -1.341031e-07 0 -2.922844e-07) 
( -1.363311e-07 0 -2.961281e-07) 
( -1.341031e-07 0 -2.922844e-07) 
( -1.341031e-07 0 -2.922844e-07) 
( -1.363311e-07 0 -2.961281e-07) 
( -1.341031e-07 0 -2.922844e-07) 
( -1.341031e-07 0 -2.922844e-07) 
( -1.363311e-07 0 -2.961281e-07) 
( -1.341031e-07 0 -2.922844e-07) 
( -1.341031e-07 0 -2.922844e-07) 
( -1.363322e-07 0 -2.961278e-07) 
( -1.341193e-07 0 -2.922899e-07) 
( -1.341193e-07 0 -2.922899e-07) 
( -1.363322e-07 0 -2.961278e-07) 
( -1.341212e-07 0 -2.922905e-07) 
( -1.341649e-07 0 -2.923163e-07) 
( -1.363299e-07 0 -2.961312e-07) 
( -1.287655e-07 0 -2.848527e-07) 
( -1.287629e-07 0 -2.848512e-07) 
( -1.310955e-07 0 -2.888128e-07) 
( -1.287621e-07 0 -2.848501e-07) 
( -1.287621e-07 0 -2.848501e-07) 
( -1.310954e-07 0 -2.888126e-07) 
( -1.287621e-07 0 -2.848501e-07) 
( -1.287621e-07 0 -2.848501e-07) 
( -1.310954e-07 0 -2.888126e-07) 
( -1.287621e-07 0 -2.848501e-07) 
( -1.287621e-07 0 -2.848501e-07) 
( -1.310955e-07 0 -2.888128e-07) 
( -1.287621e-07 0 -2.848501e-07) 
( -1.287619e-07 0 -2.848517e-07) 
( -1.310955e-07 0 -2.888128e-07) 
( -1.287619e-07 0 -2.848517e-07) 
( -1.287629e-07 0 -2.848512e-07) 
( -1.310955e-07 0 -2.888128e-07) 
( -1.287624e-07 0 -2.848544e-07) 
( -1.287695e-07 0 -2.848656e-07) 
( -1.310989e-07 0 -2.888088e-07) 
( -1.302210e-07 0 -3.032468e-07) 
( -1.302075e-07 0 -3.032826e-07) 
( -1.360346e-07 0 -3.070393e-07) 
( -1.301746e-07 0 -3.030211e-07) 
( -1.289033e-07 0 -3.052863e-07) 
( -1.349366e-07 0 -3.071527e-07) 
( -1.341255e-07 0 -2.922890e-07) 
( -1.305903e-07 0 -2.937662e-07) 
( -1.361919e-07 0 -2.962975e-07) 
( -1.320542e-07 0 -2.937047e-07) 
( -1.305903e-07 0 -2.937662e-07) 
( -1.388191e-07 0 -2.943547e-07) 
( -1.926119e-07 0 3.375096e-07) 
( -1.926119e-07 0 3.375111e-07) 
( -1.892175e-07 0 3.430276e-07) 
( -1.926119e-07 0 3.375111e-07) 
( -1.926119e-07 0 3.375111e-07) 
( -1.892175e-07 0 3.430276e-07) 
( -1.926119e-07 0 3.375111e-07) 
( -1.926119e-07 0 3.375111e-07) 
( -1.892175e-07 0 3.430276e-07) 
( -1.926119e-07 0 3.375111e-07) 
( -1.926119e-07 0 3.375111e-07) 
( -1.893454e-07 0 3.429654e-07) 
( -1.926119e-07 0 3.375111e-07) 
( -1.926119e-07 0 3.375111e-07) 
( -1.892748e-07 0 3.429993e-07) 
( -1.926119e-07 0 3.375111e-07) 
( -1.926116e-07 0 3.375114e-07) 
( -1.891470e-07 0 3.430615e-07) 
( -1.926113e-07 0 3.375133e-07) 
( -1.926114e-07 0 3.374901e-07) 
( -1.889467e-07 0 3.431169e-07) 
( -1.870481e-07 0 3.299829e-07) 
( -1.868827e-07 0 3.300720e-07) 
( -1.875701e-07 0 3.345898e-07) 
( -1.868827e-07 0 3.300720e-07) 
( -1.868368e-07 0 3.300961e-07) 
( -1.875579e-07 0 3.345917e-07) 
( -1.866852e-07 0 3.301767e-07) 
( -1.866393e-07 0 3.302008e-07) 
( -1.874953e-07 0 3.346063e-07) 
( -1.866393e-07 0 3.302008e-07) 
( -1.866393e-07 0 3.302008e-07) 
( -1.874569e-07 0 3.346169e-07) 
( -1.866393e-07 0 3.302008e-07) 
( -1.866393e-07 0 3.302008e-07) 
( -1.874569e-07 0 3.346169e-07) 
( -1.866393e-07 0 3.302008e-07) 
( -1.866574e-07 0 3.301937e-07) 
( -1.875290e-07 0 3.345979e-07) 
( -1.864538e-07 0 3.303223e-07) 
( -1.859054e-07 0 3.306376e-07) 
( -1.870319e-07 0 3.347313e-07) 
( -1.862727e-07 0 3.304452e-07) 
( -1.848003e-07 0 3.309593e-07) 
( -1.859308e-07 0 3.349846e-07) 
( -1.844786e-07 0 3.359537e-07) 
( -1.844093e-07 0 3.364099e-07) 
( -1.872293e-07 0 3.323986e-07) 
( -1.888997e-07 0 3.204240e-07) 
( -1.887401e-07 0 3.204920e-07) 
( -1.874780e-07 0 3.264022e-07) 
( -1.874987e-07 0 3.251684e-07) 
( -1.875889e-07 0 3.263800e-07) 
( -1.884333e-07 0 3.204415e-07) 
( 1.415660e-07 0 4.475460e-07) 
( 1.464682e-07 0 4.424445e-07) 
( 1.464682e-07 0 4.424445e-07) 
( 1.415660e-07 0 4.475460e-07) 
( 1.464682e-07 0 4.424445e-07) 
( 1.464682e-07 0 4.424445e-07) 
( 1.415660e-07 0 4.475460e-07) 
( 1.464682e-07 0 4.424445e-07) 
( 1.464682e-07 0 4.424445e-07) 
( 1.191540e-07 0 4.454675e-07) 
( 1.039713e-07 0 4.442869e-07) 
( 1.039729e-07 0 4.442875e-07) 
( 1.191540e-07 0 4.454675e-07) 
( 1.039569e-07 0 4.442841e-07) 
( 1.039603e-07 0 4.442852e-07) 
( 1.191540e-07 0 4.454675e-07) 
( 1.039667e-07 0 4.442947e-07) 
( 1.039703e-07 0 4.442885e-07) 
( 8.594305e-08 0 4.399992e-07) 
( 6.348005e-08 0 4.359491e-07) 
( 6.329283e-08 0 4.358429e-07) 
( 6.487902e-08 0 4.342514e-07) 
( 6.130375e-08 0 4.361739e-07) 
( 8.599336e-08 0 4.400548e-07) 
( 3.947800e-08 0 4.311290e-07) 
( 3.136000e-08 0 4.278030e-07) 
( 3.136000e-08 0 4.278030e-07) 
( 2.496239e-08 0 4.247428e-07) 
( 2.337498e-08 0 4.281274e-07) 
( 3.947800e-08 0 4.311290e-07) 
( -3.132000e-09 0 -5.664925e-07) 
( 2.575280e-08 0 -5.708576e-07) 
( 2.575280e-08 0 -5.708576e-07) 
( -1.248521e-08 0 -5.580984e-07) 
( 1.349705e-08 0 -5.646149e-07) 
( 2.575280e-08 0 -5.708576e-07) 
( 2.520300e-08 0 -5.742470e-07) 
( 5.982856e-08 0 -5.730812e-07) 
( 5.615725e-08 0 -5.738842e-07) 
( 4.345502e-08 0 -5.701010e-07) 
( 5.850525e-08 0 -5.720299e-07) 
( 5.982856e-08 0 -5.730812e-07) 
( 9.684132e-08 0 -5.633319e-07) 
( 1.167492e-07 0 -5.536490e-07) 
( 1.167492e-07 0 -5.536490e-07) 
( 9.684132e-08 0 -5.633319e-07) 
( 1.167492e-07 0 -5.536490e-07) 
( 1.167492e-07 0 -5.536490e-07) 
( 9.681061e-08 0 -5.633370e-07) 
( 1.167492e-07 0 -5.536490e-07) 
( 1.167492e-07 0 -5.536490e-07) 
( 9.662064e-08 0 -5.633656e-07) 
( 1.167492e-07 0 -5.536490e-07) 
( 1.167492e-07 0 -5.536490e-07) 
( 9.662064e-08 0 -5.633656e-07) 
( 1.167492e-07 0 -5.536490e-07) 
( 1.167492e-07 0 -5.536490e-07) 
( 9.662064e-08 0 -5.633656e-07) 
( 1.167492e-07 0 -5.536490e-07) 
( 1.167492e-07 0 -5.536490e-07) 
( 9.697562e-08 0 -5.633154e-07) 
( 1.167492e-07 0 -5.536490e-07) 
( 1.167492e-07 0 -5.536490e-07) 
( 1.236126e-07 0 -5.470975e-07) 
( 1.323551e-07 0 -5.356154e-07) 
( 1.323551e-07 0 -5.356154e-07) 
( 1.236126e-07 0 -5.470975e-07) 
( 1.323551e-07 0 -5.356154e-07) 
( 1.323551e-07 0 -5.356154e-07) 
( 1.236126e-07 0 -5.470975e-07) 
( 1.323551e-07 0 -5.356154e-07) 
( 1.323551e-07 0 -5.356154e-07) 
( 1.236126e-07 0 -5.470975e-07) 
( 1.323551e-07 0 -5.356154e-07) 
( 1.323551e-07 0 -5.356154e-07) 
( 1.236126e-07 0 -5.470975e-07) 
( 1.323551e-07 0 -5.356154e-07) 
( 1.323551e-07 0 -5.356154e-07) 
( 1.236126e-07 0 -5.470975e-07) 
( 1.323551e-07 0 -5.356154e-07) 
( 1.323551e-07 0 -5.356154e-07) 
( 1.236126e-07 0 -5.470975e-07) 
( 1.323551e-07 0 -5.356154e-07) 
( 1.323551e-07 0 -5.356154e-07) 
( 1.415660e-07 0 4.475460e-07) 
( 1.464682e-07 0 4.424445e-07) 
( 1.464682e-07 0 4.424445e-07) 
( 1.415660e-07 0 4.475460e-07) 
( 1.464682e-07 0 4.424445e-07) 
( 1.464682e-07 0 4.424445e-07) 
( 1.415660e-07 0 4.475460e-07) 
( 1.464682e-07 0 4.424445e-07) 
( 1.464682e-07 0 4.424445e-07) 
( 1.415660e-07 0 4.475460e-07) 
( 1.464682e-07 0 4.424445e-07) 
( 1.464682e-07 0 4.424445e-07) 
( 1.191540e-07 0 4.454675e-07) 
( 1.039459e-07 0 4.442823e-07) 
( 1.039459e-07 0 4.442823e-07) 
( 1.191540e-07 0 4.454675e-07) 
( 1.039459e-07 0 4.442823e-07) 
( 1.039459e-07 0 4.442823e-07) 
( 1.191540e-07 0 4.454675e-07) 
( 1.039442e-07 0 4.442817e-07) 
( 1.039459e-07 0 4.442823e-07) 
( 1.191540e-07 0 4.454675e-07) 
( 1.039612e-07 0 4.442836e-07) 
( 1.039502e-07 0 4.442818e-07) 
( -9.975568e-08 0 -4.992974e-07) 
( -6.338905e-08 0 -5.240251e-07) 
( -6.275824e-08 0 -5.240336e-07) 
( -9.109129e-08 0 -5.026880e-07) 
( -7.327499e-08 0 -5.197951e-07) 
( -6.304188e-08 0 -5.239020e-07) 
( -5.052348e-08 0 -5.406013e-07) 
( -2.886467e-08 0 -5.560413e-07) 
( -2.886467e-08 0 -5.560413e-07) 
( -4.922750e-08 0 -5.385419e-07) 
( -3.124720e-08 0 -5.519592e-07) 
( -2.754426e-08 0 -5.571003e-07) 
( -1.363858e-07 0 -3.323891e-07) 
( -1.363396e-07 0 -3.324899e-07) 
( -1.245215e-07 0 -3.485534e-07) 
( -1.361332e-07 0 -3.325755e-07) 
( -1.362142e-07 0 -3.311290e-07) 
( -1.261661e-07 0 -3.501020e-07) 
( -1.449185e-07 0 -3.147561e-07) 
( -1.459325e-07 0 -3.156132e-07) 
( -1.391971e-07 0 -3.223401e-07) 
( -1.452189e-07 0 -3.156660e-07) 
( -1.456042e-07 0 -3.141234e-07) 
( -1.394057e-07 0 -3.205464e-07) 
( -1.407143e-07 0 -3.084280e-07) 
( -1.407056e-07 0 -3.084492e-07) 
( -1.384895e-07 0 -3.155469e-07) 
( -1.407212e-07 0 -3.081984e-07) 
( -1.405848e-07 0 -3.082064e-07) 
( -1.392013e-07 0 -3.144387e-07) 
( -7.436800e-08 0 3.818130e-07) 
( -7.508296e-08 0 3.818361e-07) 
( -1.027057e-07 0 3.646660e-07) 
( -1.044841e-07 0 3.624826e-07) 
( -1.051138e-07 0 3.631224e-07) 
( -9.031861e-08 0 3.769581e-07) 
( 1.019108e-08 0 4.231730e-07) 
( -1.028763e-08 0 4.134452e-07) 
( -1.033562e-08 0 4.134293e-07) 
( -1.568159e-08 0 4.107518e-07) 
( -1.088910e-08 0 4.131733e-07) 
( 9.893762e-09 0 4.229096e-07) 
( -4.606982e-08 0 4.033960e-07) 
( -4.601350e-08 0 4.033059e-07) 
( -5.977076e-08 0 3.959838e-07) 
( -4.502673e-08 0 4.025546e-07) 
( -3.940497e-08 0 3.996702e-07) 
( -6.391315e-08 0 3.879427e-07) 
( -1.067916e-07 0 -4.587884e-07) 
( -1.067916e-07 0 -4.587884e-07) 
( -1.105467e-07 0 -4.816684e-07) 
( -1.067916e-07 0 -4.587884e-07) 
( -1.067654e-07 0 -4.581510e-07) 
( -1.036835e-07 0 -4.789082e-07) 
( -1.100735e-07 0 -4.107604e-07) 
( -1.100775e-07 0 -4.107955e-07) 
( -1.047277e-07 0 -4.358698e-07) 
( -1.100983e-07 0 -4.107347e-07) 
( -1.104298e-07 0 -4.086367e-07) 
( -1.048031e-07 0 -4.350616e-07) 
( -1.141469e-07 0 -3.674205e-07) 
( -1.137626e-07 0 -3.672091e-07) 
( -1.124480e-07 0 -3.877355e-07) 
( -1.136407e-07 0 -3.677056e-07) 
( -1.163238e-07 0 -3.682421e-07) 
( -1.122454e-07 0 -3.874602e-07) 
( -1.407175e-07 0 -3.084462e-07) 
( -1.407173e-07 0 -3.084467e-07) 
( -1.411291e-07 0 -3.123745e-07) 
( -1.407175e-07 0 -3.084462e-07) 
( -1.407173e-07 0 -3.084467e-07) 
( -1.411291e-07 0 -3.123745e-07) 
( -1.407175e-07 0 -3.084462e-07) 
( -1.407174e-07 0 -3.084477e-07) 
( -1.411781e-07 0 -3.123358e-07) 
( -1.407173e-07 0 -3.084491e-07) 
( -1.407173e-07 0 -3.084491e-07) 
( -1.413874e-07 0 -3.121684e-07) 
( -1.407174e-07 0 -3.084487e-07) 
( -1.407174e-07 0 -3.084487e-07) 
( -1.413874e-07 0 -3.121684e-07) 
( -1.407174e-07 0 -3.084487e-07) 
( -1.407169e-07 0 -3.084489e-07) 
( -1.414253e-07 0 -3.121363e-07) 
( -1.407159e-07 0 -3.084450e-07) 
( -1.407149e-07 0 -3.084352e-07) 
( -1.413188e-07 0 -3.122140e-07) 
( -1.302388e-07 0 -3.032210e-07) 
( -1.302401e-07 0 -3.032202e-07) 
( -1.361054e-07 0 -3.070468e-07) 
( -1.302401e-07 0 -3.032202e-07) 
( -1.302401e-07 0 -3.032202e-07) 
( -1.361054e-07 0 -3.070468e-07) 
( -1.302401e-07 0 -3.032202e-07) 
( -1.302401e-07 0 -3.032202e-07) 
( -1.361054e-07 0 -3.070468e-07) 
( -1.302401e-07 0 -3.032202e-07) 
( -1.302401e-07 0 -3.032202e-07) 
( -1.361054e-07 0 -3.070468e-07) 
( -1.302401e-07 0 -3.032202e-07) 
( -1.302401e-07 0 -3.032202e-07) 
( -1.361054e-07 0 -3.070468e-07) 
( -1.302394e-07 0 -3.032206e-07) 
( -1.302394e-07 0 -3.032206e-07) 
( -1.361021e-07 0 -3.070473e-07) 
( -1.302395e-07 0 -3.032191e-07) 
( -1.302298e-07 0 -3.032304e-07) 
( -1.360917e-07 0 -3.070341e-07) 
( -1.617885e-07 0 3.061764e-07) 
( -1.617885e-07 0 3.061764e-07) 
( -1.677719e-07 0 3.072134e-07) 
( -1.677719e-07 0 3.072134e-07) 
( -1.677719e-07 0 3.072134e-07) 
( -1.561088e-07 0 3.104597e-07) 
( -1.227658e-07 0 3.432465e-07) 
( -1.231778e-07 0 3.429065e-07) 
( -1.375135e-07 0 3.236948e-07) 
( -1.418382e-07 0 3.302961e-07) 
( -1.416367e-07 0 3.236912e-07) 
( -1.211772e-07 0 3.443712e-07) 
( 8.589995e-08 0 4.399468e-07) 
( 6.318244e-08 0 4.358334e-07) 
( 6.318672e-08 0 4.358339e-07) 
( 8.590992e-08 0 4.399544e-07) 
( 6.322277e-08 0 4.358368e-07) 
( 6.320587e-08 0 4.358358e-07) 
( 3.947800e-08 0 4.311290e-07) 
( 3.136000e-08 0 4.278030e-07) 
( 3.136000e-08 0 4.278030e-07) 
( 3.947800e-08 0 4.311290e-07) 
( 3.136000e-08 0 4.278030e-07) 
( 3.136000e-08 0 4.278030e-07) 
( -3.132000e-09 0 -5.664925e-07) 
( 2.575280e-08 0 -5.708576e-07) 
( 2.575280e-08 0 -5.708576e-07) 
( -3.132000e-09 0 -5.664925e-07) 
( 2.575280e-08 0 -5.708576e-07) 
( 2.575280e-08 0 -5.708576e-07) 
( -3.132000e-09 0 -5.664925e-07) 
( 2.575280e-08 0 -5.708576e-07) 
( 2.575280e-08 0 -5.708576e-07) 
( -3.132000e-09 0 -5.664925e-07) 
( 2.575280e-08 0 -5.708576e-07) 
( 2.575280e-08 0 -5.708576e-07) 
( 2.520300e-08 0 -5.742470e-07) 
( 5.836867e-08 0 -5.734290e-07) 
( 5.831378e-08 0 -5.734402e-07) 
( 2.520300e-08 0 -5.742470e-07) 
( 5.836867e-08 0 -5.734290e-07) 
( 5.834122e-08 0 -5.734346e-07) 
( 2.520300e-08 0 -5.742470e-07) 
( 5.836867e-08 0 -5.734290e-07) 
( 5.836867e-08 0 -5.734290e-07) 
( 2.520300e-08 0 -5.742470e-07) 
( 5.698738e-08 0 -5.737131e-07) 
( 5.789985e-08 0 -5.735252e-07) 
( -1.799931e-07 0 3.172062e-07) 
( -1.799024e-07 0 3.173486e-07) 
( -1.778085e-07 0 3.219773e-07) 
( -1.779445e-07 0 3.198226e-07) 
( -1.779052e-07 0 3.216003e-07) 
( -1.798814e-07 0 3.171144e-07) 
( -1.744158e-07 0 3.116379e-07) 
( -1.743375e-07 0 3.117738e-07) 
( -1.756316e-07 0 3.156952e-07) 
( -1.750419e-07 0 3.141162e-07) 
( -1.751198e-07 0 3.158704e-07) 
( -1.712005e-07 0 3.133579e-07) 
( 8.590139e-08 0 4.399474e-07) 
( 6.316126e-08 0 4.358318e-07) 
( 6.316126e-08 0 4.358318e-07) 
( 8.590139e-08 0 4.399474e-07) 
( 6.316555e-08 0 4.358323e-07) 
( 6.316555e-08 0 4.358323e-07) 
( 8.589995e-08 0 4.399468e-07) 
( 6.316126e-08 0 4.358318e-07) 
( 6.316555e-08 0 4.358323e-07) 
( 8.590611e-08 0 4.399486e-07) 
( 6.316126e-08 0 4.358318e-07) 
( 6.316126e-08 0 4.358318e-07) 
( 8.591476e-08 0 4.399524e-07) 
( 6.317613e-08 0 4.358331e-07) 
( 6.316555e-08 0 4.358323e-07) 
( 3.947800e-08 0 4.311290e-07) 
( 3.136000e-08 0 4.278030e-07) 
( 3.136000e-08 0 4.278030e-07) 
( 3.947800e-08 0 4.311290e-07) 
( 3.136000e-08 0 4.278030e-07) 
( 3.136000e-08 0 4.278030e-07) 
( 3.947800e-08 0 4.311290e-07) 
( 3.136000e-08 0 4.278030e-07) 
( 3.136000e-08 0 4.278030e-07) 
( 3.947800e-08 0 4.311290e-07) 
( 3.136000e-08 0 4.278030e-07) 
( 3.136000e-08 0 4.278030e-07) 
( 3.947800e-08 0 4.311290e-07) 
( 3.136000e-08 0 4.278030e-07) 
( 3.136000e-08 0 4.278030e-07) 
( -3.132000e-09 0 -5.664925e-07) 
( 2.575280e-08 0 -5.708576e-07) 
( 2.575280e-08 0 -5.708576e-07) 
( -3.132000e-09 0 -5.664925e-07) 
( 2.575280e-08 0 -5.708576e-07) 
( 2.575280e-08 0 -5.708576e-07) 
( -3.132000e-09 0 -5.664925e-07) 
( 2.575280e-08 0 -5.708576e-07) 
( 2.575280e-08 0 -5.708576e-07) 
( 2.520300e-08 0 -5.742470e-07) 
( 5.831605e-08 0 -5.734392e-07) 
( 5.834349e-08 0 -5.734336e-07) 
( 2.520300e-08 0 -5.742470e-07) 
( 5.795701e-08 0 -5.735131e-07) 
( 5.828861e-08 0 -5.734448e-07) 
( 2.520300e-08 0 -5.742470e-07) 
( 5.812167e-08 0 -5.734794e-07) 
( 5.798445e-08 0 -5.735075e-07) 
( -1.363857e-07 0 -3.323928e-07) 
( -1.363838e-07 0 -3.323954e-07) 
( -1.244379e-07 0 -3.487570e-07) 
( -1.363838e-07 0 -3.323954e-07) 
( -1.363838e-07 0 -3.323954e-07) 
( -1.244463e-07 0 -3.487422e-07) 
( -1.363838e-07 0 -3.323967e-07) 
( -1.363799e-07 0 -3.324032e-07) 
( -1.244499e-07 0 -3.487331e-07) 
( -1.363740e-07 0 -3.324137e-07) 
( -1.363742e-07 0 -3.324087e-07) 
( -1.243649e-07 0 -3.488791e-07) 
( -1.449620e-07 0 -3.147207e-07) 
( -1.443088e-07 0 -3.149944e-07) 
( -1.392040e-07 0 -3.223319e-07) 
( -1.441195e-07 0 -3.150748e-07) 
( -1.441195e-07 0 -3.150748e-07) 
( -1.392040e-07 0 -3.223319e-07) 
( -1.441195e-07 0 -3.150748e-07) 
( -1.441195e-07 0 -3.150748e-07) 
( -1.392038e-07 0 -3.223305e-07) 
( -1.446498e-07 0 -3.148505e-07) 
( -1.449241e-07 0 -3.147528e-07) 
( -1.392035e-07 0 -3.223251e-07) 
( 1.020128e-08 0 4.231761e-07) 
( -1.035432e-08 0 4.134169e-07) 
( -1.035642e-08 0 4.134137e-07) 
( 1.033959e-08 0 4.231461e-07) 
( -1.038157e-08 0 4.134085e-07) 
( -1.037987e-08 0 4.134086e-07) 
( -4.611124e-08 0 4.033081e-07) 
( -4.608680e-08 0 4.033076e-07) 
( -5.783757e-08 0 3.977210e-07) 
( -4.605841e-08 0 4.033133e-07) 
( -4.606260e-08 0 4.033514e-07) 
( -5.783757e-08 0 3.977210e-07) 
( -1.022580e-07 0 -4.983523e-07) 
( -6.270314e-08 0 -5.240244e-07) 
( -6.269962e-08 0 -5.240259e-07) 
( -1.022930e-07 0 -4.983232e-07) 
( -6.275885e-08 0 -5.240168e-07) 
( -6.273276e-08 0 -5.240198e-07) 
( -1.022946e-07 0 -4.983236e-07) 
( -6.275885e-08 0 -5.240168e-07) 
( -6.275885e-08 0 -5.240168e-07) 
( -1.023134e-07 0 -4.983281e-07) 
( -6.273421e-08 0 -5.240275e-07) 
( -6.275181e-08 0 -5.240198e-07) 
( -5.015734e-08 0 -5.406193e-07) 
( -2.886467e-08 0 -5.560413e-07) 
( -2.886467e-08 0 -5.560413e-07) 
( -5.015734e-08 0 -5.406193e-07) 
( -2.886467e-08 0 -5.560413e-07) 
( -2.886467e-08 0 -5.560413e-07) 
( -5.017639e-08 0 -5.406193e-07) 
( -2.886467e-08 0 -5.560413e-07) 
( -2.886467e-08 0 -5.560413e-07) 
( -5.015237e-08 0 -5.406131e-07) 
( -2.886467e-08 0 -5.560413e-07) 
( -2.886467e-08 0 -5.560413e-07) 
( -1.067916e-07 0 -4.587884e-07) 
( -1.067916e-07 0 -4.587884e-07) 
( -1.105467e-07 0 -4.816684e-07) 
( -1.067916e-07 0 -4.587884e-07) 
( -1.067916e-07 0 -4.587884e-07) 
( -1.105467e-07 0 -4.816684e-07) 
( -1.067916e-07 0 -4.587884e-07) 
( -1.067916e-07 0 -4.587884e-07) 
( -1.105467e-07 0 -4.816684e-07) 
( -1.142978e-07 0 -3.674003e-07) 
( -1.143060e-07 0 -3.674008e-07) 
( -1.124480e-07 0 -3.877355e-07) 
( -1.143060e-07 0 -3.674008e-07) 
( -1.142978e-07 0 -3.674003e-07) 
( -1.124480e-07 0 -3.877355e-07) 
( -1.143052e-07 0 -3.673923e-07) 
( -1.143224e-07 0 -3.673707e-07) 
( -1.124480e-07 0 -3.877355e-07) 
( -1.363906e-07 0 -3.323849e-07) 
( -1.363906e-07 0 -3.323849e-07) 
( -1.244773e-07 0 -3.486761e-07) 
( -1.363906e-07 0 -3.323849e-07) 
( -1.363906e-07 0 -3.323849e-07) 
( -1.244773e-07 0 -3.486761e-07) 
( -1.363906e-07 0 -3.323849e-07) 
( -1.363896e-07 0 -3.323850e-07) 
( -1.244658e-07 0 -3.487012e-07) 
( -1.447906e-07 0 -3.148561e-07) 
( -1.447906e-07 0 -3.148561e-07) 
( -1.392036e-07 0 -3.223291e-07) 
( -1.447906e-07 0 -3.148561e-07) 
( -1.447906e-07 0 -3.148561e-07) 
( -1.392036e-07 0 -3.223291e-07) 
( -1.447906e-07 0 -3.148561e-07) 
( -1.448206e-07 0 -3.148335e-07) 
( -1.392039e-07 0 -3.223292e-07) 
( -1.226368e-07 0 3.433099e-07) 
( -1.226311e-07 0 3.433142e-07) 
( -1.364399e-07 0 3.238724e-07) 
( -1.226419e-07 0 3.433124e-07) 
( -1.226475e-07 0 3.433080e-07) 
( -1.368956e-07 0 3.235820e-07) 
( -1.226620e-07 0 3.432995e-07) 
( -1.226972e-07 0 3.432826e-07) 
( -1.369337e-07 0 3.235567e-07) 
( -7.436800e-08 0 3.818130e-07) 
( -7.436800e-08 0 3.818130e-07) 
( -1.026493e-07 0 3.648225e-07) 
( -7.436800e-08 0 3.818130e-07) 
( -7.436800e-08 0 3.818130e-07) 
( -1.026493e-07 0 3.648225e-07) 
( -7.436800e-08 0 3.818130e-07) 
( -7.436800e-08 0 3.818130e-07) 
( -1.026493e-07 0 3.648225e-07) 
( -7.436800e-08 0 3.818130e-07) 
( -7.436800e-08 0 3.818130e-07) 
( -1.026754e-07 0 3.648019e-07) 
( -7.436800e-08 0 3.818130e-07) 
( -7.436800e-08 0 3.818130e-07) 
( -1.027813e-07 0 3.647220e-07) 
( -7.436800e-08 0 3.818130e-07) 
( -7.436800e-08 0 3.818130e-07) 
( -1.027597e-07 0 3.647375e-07) 
( -7.436800e-08 0 3.818130e-07) 
( -7.436800e-08 0 3.818130e-07) 
( -1.026795e-07 0 3.647909e-07) 
( 1.014263e-08 0 4.231774e-07) 
( -1.037657e-08 0 4.134048e-07) 
( -1.037798e-08 0 4.134041e-07) 
( 1.014263e-08 0 4.231774e-07) 
( -1.037657e-08 0 4.134048e-07) 
( -1.037657e-08 0 4.134048e-07) 
( 1.014263e-08 0 4.231774e-07) 
( -1.037657e-08 0 4.134048e-07) 
( -1.037657e-08 0 4.134048e-07) 
( 1.013912e-08 0 4.231787e-07) 
( -1.037657e-08 0 4.134048e-07) 
( -1.037657e-08 0 4.134048e-07) 
( 1.013562e-08 0 4.231801e-07) 
( -1.037065e-08 0 4.134069e-07) 
( -1.037657e-08 0 4.134048e-07) 
( -4.608517e-08 0 4.032822e-07) 
( -4.608168e-08 0 4.032821e-07) 
( -5.783757e-08 0 3.977210e-07) 
( -4.608168e-08 0 4.032821e-07) 
( -4.608168e-08 0 4.032821e-07) 
( -5.783757e-08 0 3.977210e-07) 
( -4.608168e-08 0 4.032821e-07) 
( -4.608168e-08 0 4.032821e-07) 
( -5.783757e-08 0 3.977210e-07) 
( -4.608168e-08 0 4.032821e-07) 
( -4.608168e-08 0 4.032821e-07) 
( -5.783757e-08 0 3.977210e-07) 
( -4.609169e-08 0 4.032887e-07) 
( -4.611170e-08 0 4.033018e-07) 
( -5.783757e-08 0 3.977210e-07) 
( -1.021267e-07 0 -4.983958e-07) 
( -6.273980e-08 0 -5.240167e-07) 
( -6.273980e-08 0 -5.240167e-07) 
( -1.021267e-07 0 -4.983958e-07) 
( -6.273980e-08 0 -5.240167e-07) 
( -6.273980e-08 0 -5.240167e-07) 
( -1.022162e-07 0 -4.983610e-07) 
( -6.273276e-08 0 -5.240198e-07) 
( -6.273980e-08 0 -5.240167e-07) 
( -5.015030e-08 0 -5.406223e-07) 
( -2.886467e-08 0 -5.560413e-07) 
( -2.886467e-08 0 -5.560413e-07) 
( -5.015030e-08 0 -5.406223e-07) 
( -2.886467e-08 0 -5.560413e-07) 
( -2.886467e-08 0 -5.560413e-07) 
( -5.015382e-08 0 -5.406208e-07) 
( -2.886467e-08 0 -5.560413e-07) 
( -2.886467e-08 0 -5.560413e-07) 
( -1.067916e-07 0 -4.587884e-07) 
( -1.067916e-07 0 -4.587884e-07) 
( -1.105467e-07 0 -4.816684e-07) 
( -1.067916e-07 0 -4.587884e-07) 
( -1.067916e-07 0 -4.587884e-07) 
( -1.105467e-07 0 -4.816684e-07) 
( -1.067916e-07 0 -4.587884e-07) 
( -1.067916e-07 0 -4.587884e-07) 
( -1.105467e-07 0 -4.816684e-07) 
( -1.067916e-07 0 -4.587884e-07) 
( -1.067916e-07 0 -4.587884e-07) 
( -1.105467e-07 0 -4.816684e-07) 
( -1.100866e-07 0 -4.107056e-07) 
( -1.100862e-07 0 -4.107074e-07) 
( -1.047454e-07 0 -4.358814e-07) 
( -1.100862e-07 0 -4.107074e-07) 
( -1.100866e-07 0 -4.107056e-07) 
( -1.047454e-07 0 -4.358814e-07) 
( -1.100868e-07 0 -4.107020e-07) 
( -1.100867e-07 0 -4.106979e-07) 
( -1.047462e-07 0 -4.358766e-07) 
( -1.100864e-07 0 -4.106985e-07) 
( -1.100867e-07 0 -4.106979e-07) 
( -1.047482e-07 0 -4.358813e-07) 
( -1.100873e-07 0 -4.106948e-07) 
( -1.100868e-07 0 -4.106967e-07) 
( -1.047494e-07 0 -4.358797e-07) 
( -1.100868e-07 0 -4.106967e-07) 
( -1.100868e-07 0 -4.106967e-07) 
( -1.047490e-07 0 -4.358765e-07) 
( -1.100843e-07 0 -4.107108e-07) 
( -1.100783e-07 0 -4.107399e-07) 
( -1.047492e-07 0 -4.358921e-07) 
( -1.144031e-07 0 -3.673582e-07) 
( -1.144613e-07 0 -3.673388e-07) 
( -1.114844e-07 0 -3.896632e-07) 
( -1.144546e-07 0 -3.673243e-07) 
( -1.144546e-07 0 -3.673243e-07) 
( -1.114926e-07 0 -3.896488e-07) 
( -1.144546e-07 0 -3.673243e-07) 
( -1.144524e-07 0 -3.673299e-07) 
( -1.114926e-07 0 -3.896488e-07) 
( -1.144360e-07 0 -3.673599e-07) 
( -1.143082e-07 0 -3.673953e-07) 
( -1.124480e-07 0 -3.877355e-07) 
( -1.889176e-07 0 3.204543e-07) 
( -1.889246e-07 0 3.204530e-07) 
( -1.875479e-07 0 3.260727e-07) 
( -1.889264e-07 0 3.204534e-07) 
( -1.889263e-07 0 3.204520e-07) 
( -1.875479e-07 0 3.260727e-07) 
( -1.889263e-07 0 3.204520e-07) 
( -1.889263e-07 0 3.204520e-07) 
( -1.875459e-07 0 3.260797e-07) 
( -1.889263e-07 0 3.204520e-07) 
( -1.889141e-07 0 3.204563e-07) 
( -1.875507e-07 0 3.260602e-07) 
( -1.889299e-07 0 3.204527e-07) 
( -1.889420e-07 0 3.204296e-07) 
( -1.874791e-07 0 3.264485e-07) 
( -1.798858e-07 0 3.173541e-07) 
( -1.798858e-07 0 3.173541e-07) 
( -1.777596e-07 0 3.220739e-07) 
( -1.798688e-07 0 3.173662e-07) 
( -1.799672e-07 0 3.172393e-07) 
( -1.777583e-07 0 3.220670e-07) 
( -1.801451e-07 0 3.170112e-07) 
( -1.802481e-07 0 3.168803e-07) 
( -1.777556e-07 0 3.220549e-07) 
( -1.802477e-07 0 3.168766e-07) 
( -1.802394e-07 0 3.168845e-07) 
( -1.777541e-07 0 3.220511e-07) 
( -1.802296e-07 0 3.168968e-07) 
( -1.801433e-07 0 3.170028e-07) 
( -1.777555e-07 0 3.220367e-07) 
( -1.617885e-07 0 3.061764e-07) 
( -1.617885e-07 0 3.061764e-07) 
( -1.677719e-07 0 3.072134e-07) 
( -1.617885e-07 0 3.061764e-07) 
( -1.617885e-07 0 3.061764e-07) 
( -1.677719e-07 0 3.072134e-07) 
( -1.617885e-07 0 3.061764e-07) 
( -1.617885e-07 0 3.061764e-07) 
( -1.677719e-07 0 3.072134e-07) 
( -1.617885e-07 0 3.061764e-07) 
( -1.617885e-07 0 3.061764e-07) 
( -1.677719e-07 0 3.072134e-07) 
( -1.227339e-07 0 3.432749e-07) 
( -1.227383e-07 0 3.432728e-07) 
( -1.363701e-07 0 3.239326e-07) 
( -1.227383e-07 0 3.432728e-07) 
( -1.227383e-07 0 3.432728e-07) 
( -1.363701e-07 0 3.239326e-07) 
( -1.227383e-07 0 3.432728e-07) 
( -1.227383e-07 0 3.432728e-07) 
( -1.363701e-07 0 3.239326e-07) 
( -1.227427e-07 0 3.432707e-07) 
( -1.227023e-07 0 3.432851e-07) 
( -1.365489e-07 0 3.238743e-07) 
( -1.889018e-07 0 3.204646e-07) 
( -1.889036e-07 0 3.204650e-07) 
( -1.875680e-07 0 3.259802e-07) 
( -1.889036e-07 0 3.204650e-07) 
( -1.889071e-07 0 3.204603e-07) 
( -1.875590e-07 0 3.260186e-07) 
( -1.798872e-07 0 3.173588e-07) 
( -1.798863e-07 0 3.173591e-07) 
( -1.777600e-07 0 3.220776e-07) 
( -1.798853e-07 0 3.173594e-07) 
( -1.798851e-07 0 3.173569e-07) 
( -1.777596e-07 0 3.220739e-07) 
( -1.708548e-07 0 3.079653e-07) 
( -1.708335e-07 0 3.079726e-07) 
( -1.737352e-07 0 3.087276e-07) 
( -1.708254e-07 0 3.079758e-07) 
( -1.708284e-07 0 3.079734e-07) 
( -1.738441e-07 0 3.086533e-07) 
( -1.708400e-07 0 3.079761e-07) 
( -1.708208e-07 0 3.080030e-07) 
( -1.737752e-07 0 3.087755e-07) 
( -1.617885e-07 0 3.061764e-07) 
( -1.617885e-07 0 3.061764e-07) 
( -1.677719e-07 0 3.072134e-07) 
( -1.617885e-07 0 3.061764e-07) 
( -1.617885e-07 0 3.061764e-07) 
( -1.677719e-07 0 3.072134e-07) 
( -1.617885e-07 0 3.061764e-07) 
( -1.617885e-07 0 3.061764e-07) 
( -1.677719e-07 0 3.072134e-07) 
( -1.715165e-07 0 3.139696e-07) 
( -1.715165e-07 0 3.139696e-07) 
( -1.751830e-07 0 3.158854e-07) 
( -1.715165e-07 0 3.139696e-07) 
( -1.707671e-07 0 3.125978e-07) 
( -1.752297e-07 0 3.157242e-07) 
( -1.709528e-07 0 3.079157e-07) 
( -1.709467e-07 0 3.079206e-07) 
( -1.738179e-07 0 3.087330e-07) 
( -1.709356e-07 0 3.079262e-07) 
( -1.709026e-07 0 3.079418e-07) 
( -1.737885e-07 0 3.087279e-07) 
( -1.715165e-07 0 3.139696e-07) 
( -1.715165e-07 0 3.139696e-07) 
( -1.751830e-07 0 3.158854e-07) 
( -1.715165e-07 0 3.139696e-07) 
( -1.715165e-07 0 3.139696e-07) 
( -1.751828e-07 0 3.158841e-07) 
( -1.709688e-07 0 3.079176e-07) 
( -1.709710e-07 0 3.079165e-07) 
( -1.738216e-07 0 3.087362e-07) 
( -1.709695e-07 0 3.079149e-07) 
( -1.709669e-07 0 3.079104e-07) 
( -1.738151e-07 0 3.087351e-07) 
