( 2.099729e-08 0 -7.049291e-07) 
( 2.099729e-08 0 -7.049291e-07) 
( 2.099729e-08 0 -7.049291e-07) 
( 2.099729e-08 0 -7.049291e-07) 
( 2.099729e-08 0 -7.049291e-07) 
( 2.099729e-08 0 -7.049291e-07) 
( 2.099729e-08 0 -7.049291e-07) 
( 2.099729e-08 0 -7.049291e-07) 
( 2.099729e-08 0 -7.049291e-07) 
( 5.922860e-08 0 -7.265390e-07) 
( 5.922860e-08 0 -7.265390e-07) 
( 5.922860e-08 0 -7.265390e-07) 
( 5.922860e-08 0 -7.265390e-07) 
( 5.922860e-08 0 -7.265390e-07) 
( 5.922860e-08 0 -7.265390e-07) 
( 5.922860e-08 0 -7.265390e-07) 
( 5.922860e-08 0 -7.265390e-07) 
( 5.922860e-08 0 -7.265390e-07) 
( 1.034595e-07 0 -7.467727e-07) 
( 1.034595e-07 0 -7.467727e-07) 
( 1.034595e-07 0 -7.467727e-07) 
( 1.034595e-07 0 -7.467727e-07) 
( 1.034595e-07 0 -7.467727e-07) 
( 1.034595e-07 0 -7.467727e-07) 
( 1.034595e-07 0 -7.467727e-07) 
( 1.034595e-07 0 -7.467727e-07) 
( 1.034595e-07 0 -7.467727e-07) 
( 1.509192e-07 0 -7.683114e-07) 
( 1.509192e-07 0 -7.683114e-07) 
( 1.509192e-07 0 -7.683114e-07) 
( 1.509192e-07 0 -7.683114e-07) 
( 1.509192e-07 0 -7.683114e-07) 
( 1.509192e-07 0 -7.683114e-07) 
( 1.509192e-07 0 -7.683114e-07) 
( 1.509192e-07 0 -7.683114e-07) 
( 1.509192e-07 0 -7.683114e-07) 
( 1.990814e-07 0 -7.769962e-07) 
( 1.990814e-07 0 -7.769962e-07) 
( 1.990814e-07 0 -7.769962e-07) 
( 1.990814e-07 0 -7.769962e-07) 
( 1.990814e-07 0 -7.769962e-07) 
( 1.990814e-07 0 -7.769962e-07) 
( 1.990814e-07 0 -7.769962e-07) 
( 1.990814e-07 0 -7.769962e-07) 
( 1.990814e-07 0 -7.769962e-07) 
( 2.525197e-07 0 -7.839565e-07) 
( 2.525197e-07 0 -7.839565e-07) 
( 2.525197e-07 0 -7.839565e-07) 
( 2.525197e-07 0 -7.839565e-07) 
( 2.525197e-07 0 -7.839565e-07) 
( 2.525197e-07 0 -7.839565e-07) 
( 2.525197e-07 0 -7.839565e-07) 
( 2.525197e-07 0 -7.839565e-07) 
( 2.525197e-07 0 -7.839565e-07) 
( 3.085461e-07 0 -7.911962e-07) 
( 3.085461e-07 0 -7.911962e-07) 
( 3.085461e-07 0 -7.911962e-07) 
( 3.085461e-07 0 -7.911962e-07) 
( 3.085461e-07 0 -7.911962e-07) 
( 3.085461e-07 0 -7.911962e-07) 
( 3.085461e-07 0 -7.911962e-07) 
( 3.085461e-07 0 -7.911962e-07) 
( 3.085461e-07 0 -7.911962e-07) 
( 3.718316e-07 0 -7.928326e-07) 
( 3.718316e-07 0 -7.928326e-07) 
( 3.718316e-07 0 -7.928326e-07) 
( 3.718316e-07 0 -7.928326e-07) 
( 3.718316e-07 0 -7.928326e-07) 
( 3.718316e-07 0 -7.928326e-07) 
( 3.718316e-07 0 -7.928326e-07) 
( 3.718316e-07 0 -7.928326e-07) 
( 3.718316e-07 0 -7.928326e-07) 
( 4.383250e-07 0 -7.948854e-07) 
( 4.383250e-07 0 -7.948854e-07) 
( 4.383250e-07 0 -7.948854e-07) 
( 4.383250e-07 0 -7.948854e-07) 
( 4.383250e-07 0 -7.948854e-07) 
( 4.383250e-07 0 -7.948854e-07) 
( 4.383250e-07 0 -7.948854e-07) 
( 4.383250e-07 0 -7.948854e-07) 
( 4.383250e-07 0 -7.948854e-07) 
( 5.155408e-07 0 -7.869381e-07) 
( 5.155408e-07 0 -7.869381e-07) 
( 5.155408e-07 0 -7.869381e-07) 
( 5.155408e-07 0 -7.869381e-07) 
( 5.155408e-07 0 -7.869381e-07) 
( 5.155408e-07 0 -7.869381e-07) 
( 5.155408e-07 0 -7.869381e-07) 
( 5.155408e-07 0 -7.869381e-07) 
( 5.155408e-07 0 -7.869381e-07) 
( 5.906400e-07 0 -7.744259e-07) 
( 5.906400e-07 0 -7.744259e-07) 
( 5.906400e-07 0 -7.744259e-07) 
( 5.906400e-07 0 -7.744259e-07) 
( 5.906400e-07 0 -7.744259e-07) 
( 5.906400e-07 0 -7.744259e-07) 
( 5.906400e-07 0 -7.744259e-07) 
( 5.906400e-07 0 -7.744259e-07) 
( 5.906400e-07 0 -7.744259e-07) 
( 6.802564e-07 0 -7.437922e-07) 
( 6.802564e-07 0 -7.437922e-07) 
( 6.802564e-07 0 -7.437922e-07) 
( 6.802564e-07 0 -7.437922e-07) 
( 6.802564e-07 0 -7.437922e-07) 
( 6.802564e-07 0 -7.437922e-07) 
( 6.802564e-07 0 -7.437922e-07) 
( 6.802564e-07 0 -7.437922e-07) 
( 6.802564e-07 0 -7.437922e-07) 
( 7.543460e-07 0 -6.943923e-07) 
( 7.543460e-07 0 -6.943923e-07) 
( 7.543460e-07 0 -6.943923e-07) 
( 7.543460e-07 0 -6.943923e-07) 
( 7.543460e-07 0 -6.943923e-07) 
( 7.543460e-07 0 -6.943923e-07) 
( 7.543460e-07 0 -6.943923e-07) 
( 7.543460e-07 0 -6.943923e-07) 
( 7.543460e-07 0 -6.943923e-07) 
( 8.273762e-07 0 -6.295493e-07) 
( 8.273762e-07 0 -6.295493e-07) 
( 8.273762e-07 0 -6.295493e-07) 
( 8.273762e-07 0 -6.295493e-07) 
( 8.273762e-07 0 -6.295493e-07) 
( 8.273762e-07 0 -6.295493e-07) 
( 8.273762e-07 0 -6.295493e-07) 
( 8.273762e-07 0 -6.295493e-07) 
( 8.273762e-07 0 -6.295493e-07) 
( 8.938612e-07 0 -5.419927e-07) 
( 8.938612e-07 0 -5.419927e-07) 
( 8.938612e-07 0 -5.419927e-07) 
( 8.938612e-07 0 -5.419927e-07) 
( 8.938612e-07 0 -5.419927e-07) 
( 8.938612e-07 0 -5.419927e-07) 
( 8.938612e-07 0 -5.419927e-07) 
( 8.938612e-07 0 -5.419927e-07) 
( 8.938612e-07 0 -5.419927e-07) 
( 9.614141e-07 0 -4.442034e-07) 
( 9.614141e-07 0 -4.442034e-07) 
( 9.614141e-07 0 -4.442034e-07) 
( 9.614141e-07 0 -4.442034e-07) 
( 9.614141e-07 0 -4.442034e-07) 
( 9.614141e-07 0 -4.442034e-07) 
( 9.614141e-07 0 -4.442034e-07) 
( 9.614141e-07 0 -4.442034e-07) 
( 9.614141e-07 0 -4.442034e-07) 
( 1.007287e-06 0 -3.292748e-07) 
( 1.007287e-06 0 -3.292748e-07) 
( 1.007287e-06 0 -3.292748e-07) 
( 1.007287e-06 0 -3.292748e-07) 
( 1.007287e-06 0 -3.292748e-07) 
( 1.007287e-06 0 -3.292748e-07) 
( 1.007287e-06 0 -3.292748e-07) 
( 1.007287e-06 0 -3.292748e-07) 
( 1.007287e-06 0 -3.292748e-07) 
( 1.037539e-06 0 -2.026945e-07) 
( 1.037539e-06 0 -2.026945e-07) 
( 1.037539e-06 0 -2.026945e-07) 
( 1.037539e-06 0 -2.026945e-07) 
( 1.037539e-06 0 -2.026945e-07) 
( 1.037539e-06 0 -2.026945e-07) 
( 1.037539e-06 0 -2.026945e-07) 
( 1.037539e-06 0 -2.026945e-07) 
( 1.037539e-06 0 -2.026945e-07) 
( 1.036759e-06 0 -6.885277e-08) 
( 1.036759e-06 0 -6.885277e-08) 
( 1.036759e-06 0 -6.885277e-08) 
( 1.036759e-06 0 -6.885277e-08) 
( 1.036759e-06 0 -6.885277e-08) 
( 1.036759e-06 0 -6.885277e-08) 
( 1.036759e-06 0 -6.885277e-08) 
( 1.036759e-06 0 -6.885277e-08) 
( 1.036759e-06 0 -6.885277e-08) 
( -2.024569e-08 0 -6.796922e-07) 
( -2.024569e-08 0 -6.796922e-07) 
( -2.024569e-08 0 -6.796922e-07) 
( -2.024569e-08 0 -6.796922e-07) 
( -2.024569e-08 0 -6.796922e-07) 
( -2.024569e-08 0 -6.796922e-07) 
( -2.024569e-08 0 -6.796922e-07) 
( -2.024569e-08 0 -6.796922e-07) 
( -2.024569e-08 0 -6.796922e-07) 
( -5.280512e-08 0 -6.477402e-07) 
( -5.280512e-08 0 -6.477402e-07) 
( -5.280512e-08 0 -6.477402e-07) 
( -5.280512e-08 0 -6.477402e-07) 
( -5.280512e-08 0 -6.477402e-07) 
( -5.280512e-08 0 -6.477402e-07) 
( -5.280512e-08 0 -6.477402e-07) 
( -5.280512e-08 0 -6.477402e-07) 
( -5.280512e-08 0 -6.477402e-07) 
( -8.715921e-08 0 -6.290913e-07) 
( -8.715921e-08 0 -6.290913e-07) 
( -8.715921e-08 0 -6.290913e-07) 
( -8.715921e-08 0 -6.290913e-07) 
( -8.715921e-08 0 -6.290913e-07) 
( -8.715921e-08 0 -6.290913e-07) 
( -8.715921e-08 0 -6.290913e-07) 
( -8.715921e-08 0 -6.290913e-07) 
( -8.715921e-08 0 -6.290913e-07) 
( -1.156742e-07 0 -5.888799e-07) 
( -1.156742e-07 0 -5.888799e-07) 
( -1.156742e-07 0 -5.888799e-07) 
( -1.156742e-07 0 -5.888799e-07) 
( -1.156742e-07 0 -5.888799e-07) 
( -1.156742e-07 0 -5.888799e-07) 
( -1.156742e-07 0 -5.888799e-07) 
( -1.156742e-07 0 -5.888799e-07) 
( -1.156742e-07 0 -5.888799e-07) 
( -1.413006e-07 0 -5.514832e-07) 
( -1.413006e-07 0 -5.514832e-07) 
( -1.413006e-07 0 -5.514832e-07) 
( -1.413006e-07 0 -5.514832e-07) 
( -1.413006e-07 0 -5.514832e-07) 
( -1.413006e-07 0 -5.514832e-07) 
( -1.413006e-07 0 -5.514832e-07) 
( -1.413006e-07 0 -5.514832e-07) 
( -1.413006e-07 0 -5.514832e-07) 
( -1.677785e-07 0 -5.208590e-07) 
( -1.677785e-07 0 -5.208590e-07) 
( -1.677785e-07 0 -5.208590e-07) 
( -1.677785e-07 0 -5.208590e-07) 
( -1.677785e-07 0 -5.208590e-07) 
( -1.677785e-07 0 -5.208590e-07) 
( -1.677785e-07 0 -5.208590e-07) 
( -1.677785e-07 0 -5.208590e-07) 
( -1.677785e-07 0 -5.208590e-07) 
( -1.927869e-07 0 -4.943505e-07) 
( -1.927869e-07 0 -4.943505e-07) 
( -1.927869e-07 0 -4.943505e-07) 
( -1.927869e-07 0 -4.943505e-07) 
( -1.927869e-07 0 -4.943505e-07) 
( -1.927869e-07 0 -4.943505e-07) 
( -1.927869e-07 0 -4.943505e-07) 
( -1.927869e-07 0 -4.943505e-07) 
( -1.927869e-07 0 -4.943505e-07) 
( -2.224702e-07 0 -4.743540e-07) 
( -2.224702e-07 0 -4.743540e-07) 
( -2.224702e-07 0 -4.743540e-07) 
( -2.224702e-07 0 -4.743540e-07) 
( -2.224702e-07 0 -4.743540e-07) 
( -2.224702e-07 0 -4.743540e-07) 
( -2.224702e-07 0 -4.743540e-07) 
( -2.224702e-07 0 -4.743540e-07) 
( -2.224702e-07 0 -4.743540e-07) 
( -2.515488e-07 0 -4.561738e-07) 
( -2.515488e-07 0 -4.561738e-07) 
( -2.515488e-07 0 -4.561738e-07) 
( -2.515488e-07 0 -4.561738e-07) 
( -2.515488e-07 0 -4.561738e-07) 
( -2.515488e-07 0 -4.561738e-07) 
( -2.515488e-07 0 -4.561738e-07) 
( -2.515488e-07 0 -4.561738e-07) 
( -2.515488e-07 0 -4.561738e-07) 
( -2.819352e-07 0 -4.303509e-07) 
( -2.819352e-07 0 -4.303509e-07) 
( -2.819352e-07 0 -4.303509e-07) 
( -2.819352e-07 0 -4.303509e-07) 
( -2.819352e-07 0 -4.303509e-07) 
( -2.819352e-07 0 -4.303509e-07) 
( -2.819352e-07 0 -4.303509e-07) 
( -2.819352e-07 0 -4.303509e-07) 
( -2.819352e-07 0 -4.303509e-07) 
( -3.189784e-07 0 -4.182312e-07) 
( -3.189784e-07 0 -4.182312e-07) 
( -3.189784e-07 0 -4.182312e-07) 
( -3.189784e-07 0 -4.182312e-07) 
( -3.189784e-07 0 -4.182312e-07) 
( -3.189784e-07 0 -4.182312e-07) 
( -3.189784e-07 0 -4.182312e-07) 
( -3.189784e-07 0 -4.182312e-07) 
( -3.189784e-07 0 -4.182312e-07) 
( -3.547771e-07 0 -3.879099e-07) 
( -3.547771e-07 0 -3.879099e-07) 
( -3.547771e-07 0 -3.879099e-07) 
( -3.547771e-07 0 -3.879099e-07) 
( -3.547771e-07 0 -3.879099e-07) 
( -3.547771e-07 0 -3.879099e-07) 
( -3.547771e-07 0 -3.879099e-07) 
( -3.547771e-07 0 -3.879099e-07) 
( -3.547771e-07 0 -3.879099e-07) 
( -3.830937e-07 0 -3.526432e-07) 
( -3.830937e-07 0 -3.526432e-07) 
( -3.830937e-07 0 -3.526432e-07) 
( -3.830937e-07 0 -3.526432e-07) 
( -3.830937e-07 0 -3.526432e-07) 
( -3.830937e-07 0 -3.526432e-07) 
( -3.830937e-07 0 -3.526432e-07) 
( -3.830937e-07 0 -3.526432e-07) 
( -3.830937e-07 0 -3.526432e-07) 
( -4.083372e-07 0 -3.107027e-07) 
( -4.083372e-07 0 -3.107027e-07) 
( -4.083372e-07 0 -3.107027e-07) 
( -4.083372e-07 0 -3.107027e-07) 
( -4.083372e-07 0 -3.107027e-07) 
( -4.083372e-07 0 -3.107027e-07) 
( -4.083372e-07 0 -3.107027e-07) 
( -4.083372e-07 0 -3.107027e-07) 
( -4.083372e-07 0 -3.107027e-07) 
( -4.260091e-07 0 -2.583124e-07) 
( -4.260091e-07 0 -2.583124e-07) 
( -4.260091e-07 0 -2.583124e-07) 
( -4.260091e-07 0 -2.583124e-07) 
( -4.260091e-07 0 -2.583124e-07) 
( -4.260091e-07 0 -2.583124e-07) 
( -4.260091e-07 0 -2.583124e-07) 
( -4.260091e-07 0 -2.583124e-07) 
( -4.260091e-07 0 -2.583124e-07) 
( -4.349269e-07 0 -2.009224e-07) 
( -4.349269e-07 0 -2.009224e-07) 
( -4.349269e-07 0 -2.009224e-07) 
( -4.349269e-07 0 -2.009224e-07) 
( -4.349269e-07 0 -2.009224e-07) 
( -4.349269e-07 0 -2.009224e-07) 
( -4.349269e-07 0 -2.009224e-07) 
( -4.349269e-07 0 -2.009224e-07) 
( -4.349269e-07 0 -2.009224e-07) 
( -4.311815e-07 0 -1.409346e-07) 
( -4.311815e-07 0 -1.409346e-07) 
( -4.311815e-07 0 -1.409346e-07) 
( -4.311815e-07 0 -1.409346e-07) 
( -4.311815e-07 0 -1.409346e-07) 
( -4.311815e-07 0 -1.409346e-07) 
( -4.311815e-07 0 -1.409346e-07) 
( -4.311815e-07 0 -1.409346e-07) 
( -4.311815e-07 0 -1.409346e-07) 
( -4.326603e-07 0 -8.452541e-08) 
( -4.326603e-07 0 -8.452541e-08) 
( -4.326603e-07 0 -8.452541e-08) 
( -4.326603e-07 0 -8.452541e-08) 
( -4.326603e-07 0 -8.452541e-08) 
( -4.326603e-07 0 -8.452541e-08) 
( -4.326603e-07 0 -8.452541e-08) 
( -4.326603e-07 0 -8.452541e-08) 
( -4.326603e-07 0 -8.452541e-08) 
( -4.199071e-07 0 -2.792869e-08) 
( -4.199071e-07 0 -2.792869e-08) 
( -4.199071e-07 0 -2.792869e-08) 
( -4.199071e-07 0 -2.792869e-08) 
( -4.199071e-07 0 -2.792869e-08) 
( -4.199071e-07 0 -2.792869e-08) 
( -4.199071e-07 0 -2.792869e-08) 
( -4.199071e-07 0 -2.792869e-08) 
( -4.199071e-07 0 -2.792869e-08) 
( -4.169973e-07 0 2.771230e-08) 
( -4.169973e-07 0 2.771230e-08) 
( -4.169973e-07 0 2.771230e-08) 
( -4.169973e-07 0 2.771230e-08) 
( -4.169973e-07 0 2.771230e-08) 
( -4.169973e-07 0 2.771230e-08) 
( -4.169973e-07 0 2.771230e-08) 
( -4.169973e-07 0 2.771230e-08) 
( -4.169973e-07 0 2.771230e-08) 
( -4.214265e-07 0 8.233287e-08) 
( -4.214265e-07 0 8.233287e-08) 
( -4.214265e-07 0 8.233287e-08) 
( -4.214265e-07 0 8.233287e-08) 
( -4.214265e-07 0 8.233287e-08) 
( -4.214265e-07 0 8.233287e-08) 
( -4.214265e-07 0 8.233287e-08) 
( -4.214265e-07 0 8.233287e-08) 
( -4.214265e-07 0 8.233287e-08) 
( -4.249395e-07 0 1.388910e-07) 
( -4.249395e-07 0 1.388910e-07) 
( -4.249395e-07 0 1.388910e-07) 
( -4.249395e-07 0 1.388910e-07) 
( -4.249395e-07 0 1.388910e-07) 
( -4.249395e-07 0 1.388910e-07) 
( -4.249395e-07 0 1.388910e-07) 
( -4.249395e-07 0 1.388910e-07) 
( -4.249395e-07 0 1.388910e-07) 
( -4.421390e-07 0 2.042558e-07) 
( -4.421390e-07 0 2.042558e-07) 
( -4.421390e-07 0 2.042558e-07) 
( -4.421390e-07 0 2.042558e-07) 
( -4.421390e-07 0 2.042558e-07) 
( -4.421390e-07 0 2.042558e-07) 
( -4.421390e-07 0 2.042558e-07) 
( -4.421390e-07 0 2.042558e-07) 
( -4.421390e-07 0 2.042558e-07) 
( -4.527238e-07 0 2.745142e-07) 
( -4.527238e-07 0 2.745142e-07) 
( -4.527238e-07 0 2.745142e-07) 
( -4.527238e-07 0 2.745142e-07) 
( -4.527238e-07 0 2.745142e-07) 
( -4.527238e-07 0 2.745142e-07) 
( -4.527238e-07 0 2.745142e-07) 
( -4.527238e-07 0 2.745142e-07) 
( -4.527238e-07 0 2.745142e-07) 
( -4.502392e-07 0 3.425792e-07) 
( -4.502392e-07 0 3.425792e-07) 
( -4.502392e-07 0 3.425792e-07) 
( -4.502392e-07 0 3.425792e-07) 
( -4.502392e-07 0 3.425792e-07) 
( -4.502392e-07 0 3.425792e-07) 
( -4.502392e-07 0 3.425792e-07) 
( -4.502392e-07 0 3.425792e-07) 
( -4.502392e-07 0 3.425792e-07) 
( -4.383731e-07 0 4.035325e-07) 
( -4.383731e-07 0 4.035325e-07) 
( -4.383731e-07 0 4.035325e-07) 
( -4.383731e-07 0 4.035325e-07) 
( -4.383731e-07 0 4.035325e-07) 
( -4.383731e-07 0 4.035325e-07) 
( -4.383731e-07 0 4.035325e-07) 
( -4.383731e-07 0 4.035325e-07) 
( -4.383731e-07 0 4.035325e-07) 
( -4.080429e-07 0 4.461507e-07) 
( -4.080429e-07 0 4.461507e-07) 
( -4.080429e-07 0 4.461507e-07) 
( -4.080429e-07 0 4.461507e-07) 
( -4.080429e-07 0 4.461507e-07) 
( -4.080429e-07 0 4.461507e-07) 
( -4.080429e-07 0 4.461507e-07) 
( -4.080429e-07 0 4.461507e-07) 
( -4.080429e-07 0 4.461507e-07) 
( -3.536139e-07 0 4.636578e-07) 
( -3.536139e-07 0 4.636578e-07) 
( -3.536139e-07 0 4.636578e-07) 
( -3.536139e-07 0 4.636578e-07) 
( -3.536139e-07 0 4.636578e-07) 
( -3.536139e-07 0 4.636578e-07) 
( -3.536139e-07 0 4.636578e-07) 
( -3.536139e-07 0 4.636578e-07) 
( -3.536139e-07 0 4.636578e-07) 
( -3.061368e-07 0 4.672937e-07) 
( -3.061368e-07 0 4.672937e-07) 
( -3.061368e-07 0 4.672937e-07) 
( -3.061368e-07 0 4.672937e-07) 
( -3.061368e-07 0 4.672937e-07) 
( -3.061368e-07 0 4.672937e-07) 
( -3.061368e-07 0 4.672937e-07) 
( -3.061368e-07 0 4.672937e-07) 
( -3.061368e-07 0 4.672937e-07) 
( -2.563726e-07 0 4.649134e-07) 
( -2.563726e-07 0 4.649134e-07) 
( -2.563726e-07 0 4.649134e-07) 
( -2.563726e-07 0 4.649134e-07) 
( -2.563726e-07 0 4.649134e-07) 
( -2.563726e-07 0 4.649134e-07) 
( -2.563726e-07 0 4.649134e-07) 
( -2.563726e-07 0 4.649134e-07) 
( -2.563726e-07 0 4.649134e-07) 
( -2.190993e-07 0 4.671683e-07) 
( -2.190993e-07 0 4.671683e-07) 
( -2.190993e-07 0 4.671683e-07) 
( -2.190993e-07 0 4.671683e-07) 
( -2.190993e-07 0 4.671683e-07) 
( -2.190993e-07 0 4.671683e-07) 
( -2.190993e-07 0 4.671683e-07) 
( -2.190993e-07 0 4.671683e-07) 
( -2.190993e-07 0 4.671683e-07) 
( -1.819363e-07 0 4.665239e-07) 
( -1.819363e-07 0 4.665239e-07) 
( -1.819363e-07 0 4.665239e-07) 
( -1.819363e-07 0 4.665239e-07) 
( -1.819363e-07 0 4.665239e-07) 
( -1.819363e-07 0 4.665239e-07) 
( -1.819363e-07 0 4.665239e-07) 
( -1.819363e-07 0 4.665239e-07) 
( -1.819363e-07 0 4.665239e-07) 
( -1.549998e-07 0 4.811886e-07) 
( -1.549998e-07 0 4.811886e-07) 
( -1.549998e-07 0 4.811886e-07) 
( -1.549998e-07 0 4.811886e-07) 
( -1.549998e-07 0 4.811886e-07) 
( -1.549998e-07 0 4.811886e-07) 
( -1.549998e-07 0 4.811886e-07) 
( -1.549998e-07 0 4.811886e-07) 
( -1.549998e-07 0 4.811886e-07) 
( -1.300504e-07 0 5.075708e-07) 
( -1.300504e-07 0 5.075708e-07) 
( -1.300504e-07 0 5.075708e-07) 
( -1.300504e-07 0 5.075708e-07) 
( -1.300504e-07 0 5.075708e-07) 
( -1.300504e-07 0 5.075708e-07) 
( -1.300504e-07 0 5.075708e-07) 
( -1.300504e-07 0 5.075708e-07) 
( -1.300504e-07 0 5.075708e-07) 
( -1.055243e-07 0 5.371735e-07) 
( -1.055243e-07 0 5.371735e-07) 
( -1.055243e-07 0 5.371735e-07) 
( -1.055243e-07 0 5.371735e-07) 
( -1.055243e-07 0 5.371735e-07) 
( -1.055243e-07 0 5.371735e-07) 
( -1.055243e-07 0 5.371735e-07) 
( -1.055243e-07 0 5.371735e-07) 
( -1.055243e-07 0 5.371735e-07) 
( -8.044317e-08 0 5.805846e-07) 
( -8.044317e-08 0 5.805846e-07) 
( -8.044317e-08 0 5.805846e-07) 
( -8.044317e-08 0 5.805846e-07) 
( -8.044317e-08 0 5.805846e-07) 
( -8.044317e-08 0 5.805846e-07) 
( -8.044317e-08 0 5.805846e-07) 
( -8.044317e-08 0 5.805846e-07) 
( -8.044317e-08 0 5.805846e-07) 
( -5.125674e-08 0 6.286997e-07) 
( -5.125674e-08 0 6.286997e-07) 
( -5.125674e-08 0 6.286997e-07) 
( -5.125674e-08 0 6.286997e-07) 
( -5.125674e-08 0 6.286997e-07) 
( -5.125674e-08 0 6.286997e-07) 
( -5.125674e-08 0 6.286997e-07) 
( -5.125674e-08 0 6.286997e-07) 
( -5.125674e-08 0 6.286997e-07) 
( -2.034362e-08 0 6.828383e-07) 
( -2.034362e-08 0 6.828383e-07) 
( -2.034362e-08 0 6.828383e-07) 
( -2.034362e-08 0 6.828383e-07) 
( -2.034362e-08 0 6.828383e-07) 
( -2.034362e-08 0 6.828383e-07) 
( -2.034362e-08 0 6.828383e-07) 
( -2.034362e-08 0 6.828383e-07) 
( -2.034362e-08 0 6.828383e-07) 
( 1.031788e-06 0 6.854876e-08) 
( 1.031788e-06 0 6.854876e-08) 
( 1.031788e-06 0 6.854876e-08) 
( 1.031788e-06 0 6.854876e-08) 
( 1.031788e-06 0 6.854876e-08) 
( 1.031788e-06 0 6.854876e-08) 
( 1.031788e-06 0 6.854876e-08) 
( 1.031788e-06 0 6.854876e-08) 
( 1.031788e-06 0 6.854876e-08) 
( 1.019016e-06 0 1.902107e-07) 
( 1.019016e-06 0 1.902107e-07) 
( 1.019016e-06 0 1.902107e-07) 
( 1.019016e-06 0 1.902107e-07) 
( 1.019016e-06 0 1.902107e-07) 
( 1.019016e-06 0 1.902107e-07) 
( 1.019016e-06 0 1.902107e-07) 
( 1.019016e-06 0 1.902107e-07) 
( 1.019016e-06 0 1.902107e-07) 
( 9.953523e-07 0 3.252785e-07) 
( 9.953523e-07 0 3.252785e-07) 
( 9.953523e-07 0 3.252785e-07) 
( 9.953523e-07 0 3.252785e-07) 
( 9.953523e-07 0 3.252785e-07) 
( 9.953523e-07 0 3.252785e-07) 
( 9.953523e-07 0 3.252785e-07) 
( 9.953523e-07 0 3.252785e-07) 
( 9.953523e-07 0 3.252785e-07) 
( 9.517332e-07 0 4.396332e-07) 
( 9.517332e-07 0 4.396332e-07) 
( 9.517332e-07 0 4.396332e-07) 
( 9.517332e-07 0 4.396332e-07) 
( 9.517332e-07 0 4.396332e-07) 
( 9.517332e-07 0 4.396332e-07) 
( 9.517332e-07 0 4.396332e-07) 
( 9.517332e-07 0 4.396332e-07) 
( 9.517332e-07 0 4.396332e-07) 
( 8.983386e-07 0 5.446610e-07) 
( 8.983386e-07 0 5.446610e-07) 
( 8.983386e-07 0 5.446610e-07) 
( 8.983386e-07 0 5.446610e-07) 
( 8.983386e-07 0 5.446610e-07) 
( 8.983386e-07 0 5.446610e-07) 
( 8.983386e-07 0 5.446610e-07) 
( 8.983386e-07 0 5.446610e-07) 
( 8.983386e-07 0 5.446610e-07) 
( 8.316689e-07 0 6.328205e-07) 
( 8.316689e-07 0 6.328205e-07) 
( 8.316689e-07 0 6.328205e-07) 
( 8.316689e-07 0 6.328205e-07) 
( 8.316689e-07 0 6.328205e-07) 
( 8.316689e-07 0 6.328205e-07) 
( 8.316689e-07 0 6.328205e-07) 
( 8.316689e-07 0 6.328205e-07) 
( 8.316689e-07 0 6.328205e-07) 
( 7.679561e-07 0 7.069266e-07) 
( 7.679561e-07 0 7.069266e-07) 
( 7.679561e-07 0 7.069266e-07) 
( 7.679561e-07 0 7.069266e-07) 
( 7.679561e-07 0 7.069266e-07) 
( 7.679561e-07 0 7.069266e-07) 
( 7.679561e-07 0 7.069266e-07) 
( 7.679561e-07 0 7.069266e-07) 
( 7.679561e-07 0 7.069266e-07) 
( 6.933764e-07 0 7.581506e-07) 
( 6.933764e-07 0 7.581506e-07) 
( 6.933764e-07 0 7.581506e-07) 
( 6.933764e-07 0 7.581506e-07) 
( 6.933764e-07 0 7.581506e-07) 
( 6.933764e-07 0 7.581506e-07) 
( 6.933764e-07 0 7.581506e-07) 
( 6.933764e-07 0 7.581506e-07) 
( 6.933764e-07 0 7.581506e-07) 
( 6.119110e-07 0 8.023283e-07) 
( 6.119110e-07 0 8.023283e-07) 
( 6.119110e-07 0 8.023283e-07) 
( 6.119110e-07 0 8.023283e-07) 
( 6.119110e-07 0 8.023283e-07) 
( 6.119110e-07 0 8.023283e-07) 
( 6.119110e-07 0 8.023283e-07) 
( 6.119110e-07 0 8.023283e-07) 
( 6.119110e-07 0 8.023283e-07) 
( 5.386375e-07 0 8.222027e-07) 
( 5.386375e-07 0 8.222027e-07) 
( 5.386375e-07 0 8.222027e-07) 
( 5.386375e-07 0 8.222027e-07) 
( 5.386375e-07 0 8.222027e-07) 
( 5.386375e-07 0 8.222027e-07) 
( 5.386375e-07 0 8.222027e-07) 
( 5.386375e-07 0 8.222027e-07) 
( 5.386375e-07 0 8.222027e-07) 
( 4.624320e-07 0 8.385873e-07) 
( 4.624320e-07 0 8.385873e-07) 
( 4.624320e-07 0 8.385873e-07) 
( 4.624320e-07 0 8.385873e-07) 
( 4.624320e-07 0 8.385873e-07) 
( 4.624320e-07 0 8.385873e-07) 
( 4.624320e-07 0 8.385873e-07) 
( 4.624320e-07 0 8.385873e-07) 
( 4.624320e-07 0 8.385873e-07) 
( 3.935167e-07 0 8.390688e-07) 
( 3.935167e-07 0 8.390688e-07) 
( 3.935167e-07 0 8.390688e-07) 
( 3.935167e-07 0 8.390688e-07) 
( 3.935167e-07 0 8.390688e-07) 
( 3.935167e-07 0 8.390688e-07) 
( 3.935167e-07 0 8.390688e-07) 
( 3.935167e-07 0 8.390688e-07) 
( 3.935167e-07 0 8.390688e-07) 
( 3.282377e-07 0 8.417060e-07) 
( 3.282377e-07 0 8.417060e-07) 
( 3.282377e-07 0 8.417060e-07) 
( 3.282377e-07 0 8.417060e-07) 
( 3.282377e-07 0 8.417060e-07) 
( 3.282377e-07 0 8.417060e-07) 
( 3.282377e-07 0 8.417060e-07) 
( 3.282377e-07 0 8.417060e-07) 
( 3.282377e-07 0 8.417060e-07) 
( 2.677774e-07 0 8.313021e-07) 
( 2.677774e-07 0 8.313021e-07) 
( 2.677774e-07 0 8.313021e-07) 
( 2.677774e-07 0 8.313021e-07) 
( 2.677774e-07 0 8.313021e-07) 
( 2.677774e-07 0 8.313021e-07) 
( 2.677774e-07 0 8.313021e-07) 
( 2.677774e-07 0 8.313021e-07) 
( 2.677774e-07 0 8.313021e-07) 
( 2.120452e-07 0 8.275914e-07) 
( 2.120452e-07 0 8.275914e-07) 
( 2.120452e-07 0 8.275914e-07) 
( 2.120452e-07 0 8.275914e-07) 
( 2.120452e-07 0 8.275914e-07) 
( 2.120452e-07 0 8.275914e-07) 
( 2.120452e-07 0 8.275914e-07) 
( 2.120452e-07 0 8.275914e-07) 
( 2.120452e-07 0 8.275914e-07) 
( 1.598715e-07 0 8.138541e-07) 
( 1.598715e-07 0 8.138541e-07) 
( 1.598715e-07 0 8.138541e-07) 
( 1.598715e-07 0 8.138541e-07) 
( 1.598715e-07 0 8.138541e-07) 
( 1.598715e-07 0 8.138541e-07) 
( 1.598715e-07 0 8.138541e-07) 
( 1.598715e-07 0 8.138541e-07) 
( 1.598715e-07 0 8.138541e-07) 
( 1.094730e-07 0 7.901072e-07) 
( 1.094730e-07 0 7.901072e-07) 
( 1.094730e-07 0 7.901072e-07) 
( 1.094730e-07 0 7.901072e-07) 
( 1.094730e-07 0 7.901072e-07) 
( 1.094730e-07 0 7.901072e-07) 
( 1.094730e-07 0 7.901072e-07) 
( 1.094730e-07 0 7.901072e-07) 
( 1.094730e-07 0 7.901072e-07) 
( 6.263338e-08 0 7.682421e-07) 
( 6.263338e-08 0 7.682421e-07) 
( 6.263338e-08 0 7.682421e-07) 
( 6.263338e-08 0 7.682421e-07) 
( 6.263338e-08 0 7.682421e-07) 
( 6.263338e-08 0 7.682421e-07) 
( 6.263338e-08 0 7.682421e-07) 
( 6.263338e-08 0 7.682421e-07) 
( 6.263338e-08 0 7.682421e-07) 
( 2.178439e-08 0 7.311984e-07) 
( 2.178439e-08 0 7.311984e-07) 
( 2.178439e-08 0 7.311984e-07) 
( 2.178439e-08 0 7.311984e-07) 
( 2.178439e-08 0 7.311984e-07) 
( 2.178439e-08 0 7.311984e-07) 
( 2.178439e-08 0 7.311984e-07) 
( 2.178439e-08 0 7.311984e-07) 
( 2.178439e-08 0 7.311984e-07) 
