( 4.878958e-09 3.305410e-07 -1.284273e-07) 
( -8.430600e-09 3.253459e-07 -1.171518e-07) 
( -8.719779e-09 3.228306e-07 -1.061612e-07) 
( -1.490864e-08 3.187542e-07 -9.752122e-08) 
( -2.157513e-08 3.151359e-07 -8.933211e-08) 
( -2.580537e-08 3.126692e-07 -8.150009e-08) 
( -3.018295e-08 3.094658e-07 -7.454213e-08) 
( -3.453505e-08 3.060463e-07 -6.798149e-08) 
( -3.880808e-08 3.019977e-07 -6.140706e-08) 
( -4.313974e-08 2.983723e-07 -5.521440e-08) 
( -4.654035e-08 2.945752e-07 -4.919177e-08) 
( -4.692872e-08 2.916055e-07 -4.358789e-08) 
( -4.723422e-08 2.889336e-07 -3.808574e-08) 
( -5.241269e-08 2.863381e-07 -3.323480e-08) 
( -5.792217e-08 2.826183e-07 -2.821967e-08) 
( -6.341732e-08 2.788586e-07 -1.854503e-08) 
( -6.885544e-08 2.745123e-07 -8.987178e-09) 
( -6.998731e-08 2.721908e-07 -2.981291e-09) 
( -7.211339e-08 2.701669e-07 2.860133e-09) 
( 6.034613e-09 3.397779e-07 -1.204527e-07) 
( -7.182811e-09 3.326116e-07 -1.091827e-07) 
( -8.882903e-09 3.287600e-07 -9.961308e-08) 
( -8.806677e-09 3.259812e-07 -9.093977e-08) 
( -1.433128e-08 3.221563e-07 -8.290882e-08) 
( -2.111765e-08 3.178664e-07 -7.538988e-08) 
( -2.557650e-08 3.143594e-07 -6.833529e-08) 
( -2.984887e-08 3.099880e-07 -6.179447e-08) 
( -3.410742e-08 3.059250e-07 -5.550726e-08) 
( -3.839080e-08 3.011076e-07 -4.944750e-08) 
( -4.263700e-08 2.968384e-07 -4.375397e-08) 
( -4.572946e-08 2.927510e-07 -3.812031e-08) 
( -4.531076e-08 2.901067e-07 -3.284582e-08) 
( -4.694132e-08 2.875398e-07 -2.773335e-08) 
( -5.215390e-08 2.854703e-07 -1.915542e-08) 
( -5.761883e-08 2.826475e-07 -8.754101e-09) 
( -6.327048e-08 2.800529e-07 -2.187595e-09) 
( -6.907423e-08 2.766743e-07 2.818221e-09) 
( -7.106628e-08 2.748398e-07 7.917010e-09) 
( 1.021068e-08 3.474703e-07 -1.143855e-07) 
( 2.465546e-09 3.406718e-07 -1.026970e-07) 
( -8.009095e-09 3.341006e-07 -9.342246e-08) 
( -8.935725e-09 3.307649e-07 -8.551700e-08) 
( -8.866790e-09 3.282708e-07 -7.803616e-08) 
( -1.389816e-08 3.247010e-07 -6.930048e-08) 
( -1.983283e-08 3.201411e-07 -6.277725e-08) 
( -2.509055e-08 3.157604e-07 -5.583039e-08) 
( -2.920321e-08 3.102088e-07 -4.963347e-08) 
( -2.975456e-08 3.081832e-07 -4.017198e-08) 
( -3.779311e-08 2.993702e-07 -3.839788e-08) 
( -4.189160e-08 2.950500e-07 -3.304566e-08) 
( -4.546589e-08 2.910753e-07 -2.776258e-08) 
( -4.513669e-08 2.889898e-07 -1.963199e-08) 
( -4.673884e-08 2.871432e-07 -1.014691e-08) 
( -5.200066e-08 2.859803e-07 -2.710019e-09) 
( -5.752211e-08 2.841998e-07 3.101468e-09) 
( -6.342232e-08 2.821449e-07 7.983606e-09) 
( -6.958514e-08 2.794608e-07 1.274082e-08) 
( 1.343272e-08 3.523330e-07 -1.120025e-07) 
( 1.036353e-08 3.477959e-07 -9.817294e-08) 
( 2.470637e-09 3.418604e-07 -8.772863e-08) 
( -5.477623e-09 3.351965e-07 -8.465375e-08) 
( -8.967772e-09 3.319642e-07 -7.734252e-08) 
( -8.942717e-09 3.311037e-07 -6.684952e-08) 
( -8.978149e-09 3.279317e-07 -6.000472e-08) 
( -1.658619e-08 3.223584e-07 -5.309157e-08) 
( -2.300423e-08 3.169488e-07 -4.153248e-08) 
( -2.823525e-08 3.095243e-07 -3.789507e-08) 
( -2.939975e-08 3.045001e-07 -2.800275e-08) 
( -3.669065e-08 2.977629e-07 -2.799181e-08) 
( -4.133703e-08 2.934162e-07 -2.010976e-08) 
( -4.532519e-08 2.901687e-07 -1.138996e-08) 
( -4.513587e-08 2.889926e-07 -3.445510e-09) 
( -4.671683e-08 2.882442e-07 2.930768e-09) 
( -5.197140e-08 2.872650e-07 8.008034e-09) 
( -5.770656e-08 2.858961e-07 1.277471e-08) 
( -6.393488e-08 2.848038e-07 1.766330e-08) 
( 1.703889e-08 3.579079e-07 -1.102259e-07) 
( 1.219069e-08 3.522758e-07 -9.784109e-08) 
( 9.407202e-09 3.482813e-07 -8.653685e-08) 
( 9.235263e-09 3.418793e-07 -8.391471e-08) 
( 3.741089e-10 3.382204e-07 -7.572182e-08) 
( -8.467274e-09 3.354421e-07 -6.705891e-08) 
( -9.011953e-09 3.336654e-07 -5.650142e-08) 
( -8.871517e-09 3.284479e-07 -5.170345e-08) 
( -1.428268e-08 3.217735e-07 -4.134357e-08) 
( -2.051134e-08 3.158909e-07 -2.885489e-08) 
( -2.599862e-08 3.083131e-07 -2.827800e-08) 
( -2.939975e-08 3.045001e-07 -2.800275e-08) 
( -3.605654e-08 2.960633e-07 -1.231067e-08) 
( -3.713444e-08 2.950762e-07 -1.046500e-08) 
( -4.540027e-08 2.906743e-07 2.681525e-09) 
( -4.514031e-08 2.890204e-07 5.326773e-09) 
( -4.682054e-08 2.892628e-07 1.274178e-08) 
( -5.220508e-08 2.888041e-07 1.761417e-08) 
( -5.453821e-08 2.905719e-07 2.764446e-08) 
( 2.294191e-08 3.650890e-07 -1.073219e-07) 
( 2.155796e-08 3.585885e-07 -9.654581e-08) 
( 1.432159e-08 3.531750e-07 -8.738689e-08) 
( 9.638951e-09 3.488517e-07 -7.546518e-08) 
( 4.646959e-09 3.437837e-07 -6.681549e-08) 
( -7.150487e-09 3.391957e-07 -5.851342e-08) 
( -8.463657e-09 3.353875e-07 -5.133510e-08) 
( -8.978922e-09 3.324294e-07 -4.356378e-08) 
( -1.082824e-08 3.249779e-07 -3.695116e-08) 
( -1.055665e-08 3.190338e-07 -2.911840e-08) 
( -1.918078e-08 3.119664e-07 -2.315382e-08) 
( -2.530549e-08 3.049244e-07 -1.342782e-08) 
( -2.908297e-08 3.012413e-07 -1.141854e-08) 
( -3.620704e-08 2.955576e-07 2.402735e-09) 
( -4.545928e-08 2.910694e-07 5.363062e-09) 
( -4.559158e-08 2.919097e-07 1.625834e-08) 
( -4.543365e-08 2.908965e-07 1.756810e-08) 
( -4.707069e-08 2.906429e-07 2.247555e-08) 
( -5.255606e-08 2.906710e-07 2.758300e-08) 
( 2.950031e-08 3.743807e-07 -9.916802e-08) 
( 2.494599e-08 3.661707e-07 -8.819066e-08) 
( 1.694658e-08 3.584497e-07 -7.788716e-08) 
( 1.032436e-08 3.527898e-07 -6.773417e-08) 
( 9.418880e-09 3.487317e-07 -5.924413e-08) 
( 9.385669e-09 3.475259e-07 -5.831587e-08) 
( -8.565499e-09 3.373389e-07 -4.414985e-08) 
( -8.977356e-09 3.323673e-07 -3.742637e-08) 
( -8.849003e-09 3.275935e-07 -3.090580e-08) 
( -8.667093e-09 3.208820e-07 -2.264603e-08) 
( -1.027981e-08 3.138191e-07 -1.407984e-08) 
( -1.887315e-08 3.084376e-07 -4.391696e-09) 
( -2.538035e-08 3.030162e-07 3.719271e-09) 
( -2.896782e-08 3.000213e-07 5.425455e-09) 
( -3.719008e-08 2.955182e-07 1.626982e-08) 
( -4.186384e-08 2.936631e-07 1.767020e-08) 
( -4.566155e-08 2.923573e-07 2.253761e-08) 
( -4.559666e-08 2.919103e-07 2.734837e-08) 
( -4.827616e-08 2.928106e-07 3.277610e-08) 
( 3.467535e-08 3.815301e-07 -8.967075e-08) 
( 2.811700e-08 3.722708e-07 -7.936706e-08) 
( 2.157725e-08 3.639134e-07 -6.975873e-08) 
( 1.226157e-08 3.567262e-07 -6.044618e-08) 
( 9.590192e-09 3.550508e-07 -5.958186e-08) 
( 9.340283e-09 3.458147e-07 -4.508333e-08) 
( 9.305582e-09 3.445394e-07 -4.435523e-08) 
( -8.253104e-09 3.320238e-07 -3.131079e-08) 
( -8.823768e-09 3.266896e-07 -2.250473e-08) 
( -8.688835e-09 3.216947e-07 -1.385963e-08) 
( -8.532459e-09 3.159303e-07 -5.377936e-09) 
( -1.002765e-08 3.107782e-07 4.136288e-09) 
( -1.945674e-08 3.065283e-07 5.585385e-09) 
( -2.900262e-08 3.004062e-07 1.639223e-08) 
( -2.900262e-08 3.004062e-07 1.639223e-08) 
( -3.743249e-08 2.965186e-07 2.258574e-08) 
( -4.225987e-08 2.948063e-07 2.746190e-08) 
( -4.632664e-08 2.942456e-07 3.271901e-08) 
( -4.791389e-08 2.947207e-07 3.800137e-08) 
( 4.149684e-08 3.876907e-07 -8.230028e-08) 
( 3.450181e-08 3.775827e-07 -7.188489e-08) 
( 2.822896e-08 3.689477e-07 -6.225418e-08) 
( 2.489912e-08 3.655495e-07 -6.172053e-08) 
( 1.233848e-08 3.527460e-07 -4.590550e-08) 
( 9.477741e-09 3.509326e-07 -4.517696e-08) 
( 9.187477e-09 3.401317e-07 -3.206741e-08) 
( 9.140548e-09 3.383994e-07 -3.073428e-08) 
( -8.092026e-09 3.261553e-07 -1.349767e-08) 
( -8.694555e-09 3.219252e-07 -5.309562e-09) 
( -8.585566e-09 3.179132e-07 3.211099e-09) 
( -8.406721e-09 3.112945e-07 5.555187e-09) 
( -1.177094e-08 3.087432e-07 1.408392e-08) 
( -2.155041e-08 3.050413e-07 1.366611e-08) 
( -2.915438e-08 3.019732e-07 2.777068e-08) 
( -3.311325e-08 2.997136e-07 2.742480e-08) 
( -3.795661e-08 2.986787e-07 3.275194e-08) 
( -4.281324e-08 2.977435e-07 3.800439e-08) 
( -4.764192e-08 2.978504e-07 4.865332e-08) 
( 4.848358e-08 3.933453e-07 -7.554778e-08) 
( 4.126190e-08 3.828821e-07 -6.493536e-08) 
( 3.427808e-08 3.727081e-07 -5.589111e-08) 
( 2.800313e-08 3.637712e-07 -4.744955e-08) 
( 2.454094e-08 3.602839e-07 -4.666470e-08) 
( 1.228288e-08 3.469687e-07 -3.275084e-08) 
( 9.197234e-09 3.405173e-07 -2.309045e-08) 
( 9.034959e-09 3.345120e-07 -1.333404e-08) 
( 8.984137e-09 3.326561e-07 -1.121758e-08) 
( -7.856876e-09 3.224574e-07 3.111382e-09) 
( -8.687431e-09 3.216638e-07 5.738411e-09) 
( -8.523597e-09 3.155956e-07 1.701249e-08) 
( -8.962550e-09 3.120175e-07 2.131520e-08) 
( -1.417592e-08 3.082661e-07 2.443000e-08) 
( -2.370074e-08 3.049344e-07 2.658820e-08) 
( -2.879200e-08 3.035013e-07 3.374183e-08) 
( -3.363695e-08 3.024820e-07 3.900809e-08) 
( -3.851478e-08 3.019358e-07 4.884436e-08) 
( -4.353462e-08 3.019972e-07 6.206140e-08) 
( 5.609232e-08 3.991141e-07 -6.860838e-08) 
( 4.796536e-08 3.874826e-07 -5.878260e-08) 
( 4.075657e-08 3.768939e-07 -4.961168e-08) 
( 3.588032e-08 3.716344e-07 -4.844298e-08) 
( 2.760445e-08 3.577189e-07 -3.397899e-08) 
( 2.048865e-08 3.493781e-07 -2.390244e-08) 
( 1.211205e-08 3.415724e-07 -1.350846e-08) 
( 9.076559e-09 3.360819e-07 -4.889157e-09) 
( 8.894784e-09 3.293719e-07 5.877670e-09) 
( 8.894784e-09 3.293719e-07 5.877670e-09) 
( -7.993314e-09 3.205612e-07 1.432204e-08) 
( -8.571691e-09 3.173358e-07 2.046378e-08) 
( -8.342516e-09 3.148737e-07 2.682689e-08) 
( -8.425991e-09 3.119429e-07 3.500290e-08) 
( -1.796591e-08 3.085256e-07 3.741247e-08) 
( -2.437646e-08 3.068848e-07 4.313100e-08) 
( -2.932173e-08 3.063436e-07 5.075322e-08) 
( -3.420502e-08 3.059650e-07 6.219813e-08) 
( -3.926642e-08 3.066195e-07 7.028831e-08) 
( 6.360423e-08 4.043513e-07 -6.236249e-08) 
( 5.525867e-08 3.923990e-07 -5.242699e-08) 
( 4.725888e-08 3.811472e-07 -4.371664e-08) 
( 4.014585e-08 3.707263e-07 -3.561433e-08) 
( 3.335993e-08 3.610490e-07 -2.481270e-08) 
( 2.719187e-08 3.523069e-07 -1.396945e-08) 
( 2.022420e-08 3.450701e-07 -5.113112e-09) 
( 1.201317e-08 3.385599e-07 3.154032e-09) 
( 9.082061e-09 3.363068e-07 6.001422e-09) 
( 8.861449e-09 3.280634e-07 1.768128e-08) 
( 8.861449e-09 3.280634e-07 1.768128e-08) 
( -7.947741e-09 3.206730e-07 2.501572e-08) 
( -8.272922e-09 3.187667e-07 3.124672e-08) 
( -8.548378e-09 3.165051e-07 4.019284e-08) 
( -1.112457e-08 3.130436e-07 4.950775e-08) 
( -1.939459e-08 3.109505e-07 5.505158e-08) 
( -2.498888e-08 3.103081e-07 6.293253e-08) 
( -2.990223e-08 3.102038e-07 7.014617e-08) 
( -3.496394e-08 3.110589e-07 7.711550e-08) 
( 7.195635e-08 4.101489e-07 -5.585788e-08) 
( 6.259593e-08 3.975567e-07 -4.637429e-08) 
( 5.441047e-08 3.860967e-07 -3.767967e-08) 
( 4.653993e-08 3.752596e-07 -2.585253e-08) 
( 3.954714e-08 3.653010e-07 -1.410678e-08) 
( 3.470951e-08 3.595276e-07 -1.157724e-08) 
( 2.353163e-08 3.454584e-07 6.207470e-09) 
( 2.353163e-08 3.454584e-07 6.207470e-09) 
( 1.187831e-08 3.374359e-07 1.485550e-08) 
( 9.058730e-09 3.354128e-07 1.808064e-08) 
( 8.903682e-09 3.296591e-07 2.994124e-08) 
( 2.628288e-09 3.265332e-07 3.081619e-08) 
( -5.269489e-09 3.230285e-07 3.651033e-08) 
( -7.580843e-09 3.213644e-07 4.581678e-08) 
( -8.607837e-09 3.186859e-07 5.632067e-08) 
( -1.261894e-08 3.169955e-07 6.376996e-08) 
( -2.029197e-08 3.152249e-07 7.032874e-08) 
( -2.561117e-08 3.149872e-07 7.707746e-08) 
( -3.051269e-08 3.147663e-07 8.436484e-08) 
( 8.050134e-08 4.161792e-07 -4.966968e-08) 
( 7.078867e-08 4.034448e-07 -4.015116e-08) 
( 6.166371e-08 3.916409e-07 -2.721177e-08) 
( 5.364203e-08 3.807815e-07 -1.428761e-08) 
( 4.693735e-08 3.729751e-07 -1.155600e-08) 
( 3.445995e-08 3.569036e-07 6.449106e-09) 
( 3.445995e-08 3.569036e-07 6.449106e-09) 
( 2.351619e-08 3.451788e-07 1.871464e-08) 
( 2.351619e-08 3.451788e-07 1.871464e-08) 
( 1.174403e-08 3.385166e-07 2.597493e-08) 
( 9.052489e-09 3.351251e-07 3.135947e-08) 
( 9.022169e-09 3.340561e-07 4.300563e-08) 
( 4.196779e-09 3.301919e-07 4.309132e-08) 
( 2.991265e-09 3.277826e-07 5.181696e-08) 
( -8.764715e-09 3.244869e-07 6.325380e-08) 
( -8.735165e-09 3.233851e-07 7.098377e-08) 
( -1.344886e-08 3.220476e-07 7.773677e-08) 
( -2.101754e-08 3.199334e-07 8.462717e-08) 
( -2.619020e-08 3.194382e-07 9.221328e-08) 
( 8.962397e-08 4.220983e-07 -4.309735e-08) 
( 7.923941e-08 4.098604e-07 -2.910463e-08) 
( 6.983229e-08 3.981997e-07 -1.457982e-08) 
( 6.102354e-08 3.878008e-07 -4.653356e-09) 
( 4.663758e-08 3.705711e-07 6.750849e-09) 
( 4.663758e-08 3.705711e-07 6.750849e-09) 
( 3.445883e-08 3.569279e-07 1.947925e-08) 
( 3.445883e-08 3.569279e-07 1.947925e-08) 
( 2.369365e-08 3.478597e-07 3.178999e-08) 
( 1.993464e-08 3.454576e-07 3.235010e-08) 
( 1.155203e-08 3.417480e-07 3.791259e-08) 
( 9.163245e-09 3.392327e-07 4.367094e-08) 
( 9.123865e-09 3.377992e-07 5.072618e-08) 
( 9.075643e-09 3.359799e-07 5.870061e-08) 
( -2.227833e-09 3.318557e-07 7.081447e-08) 
( -8.906078e-09 3.297064e-07 7.875326e-08) 
( -8.881570e-09 3.288022e-07 8.582117e-08) 
( -1.413425e-08 3.268873e-07 9.298957e-08) 
( -2.163079e-08 3.237366e-07 1.004986e-07) 
( 9.946234e-08 4.287868e-07 -3.131649e-08) 
( 8.843389e-08 4.167819e-07 -1.483051e-08) 
( 7.847342e-08 4.062036e-07 -4.550330e-09) 
( 7.550788e-08 4.023177e-07 7.516239e-09) 
( 6.026129e-08 3.858446e-07 7.110476e-09) 
( 4.665615e-08 3.707407e-07 2.041734e-08) 
( 4.665615e-08 3.707407e-07 2.041734e-08) 
( 3.478116e-08 3.602333e-07 3.312858e-08) 
( 3.293724e-08 3.584670e-07 3.380524e-08) 
( 2.407832e-08 3.534923e-07 4.578722e-08) 
( 1.997002e-08 3.501969e-07 4.500074e-08) 
( 1.277261e-08 3.474304e-07 5.111547e-08) 
( 1.090353e-08 3.459200e-07 5.744830e-08) 
( 9.307465e-09 3.445707e-07 6.693424e-08) 
( 8.249473e-09 3.409711e-07 7.948123e-08) 
( -5.612973e-09 3.370243e-07 8.740485e-08) 
( -9.054035e-09 3.351450e-07 9.452185e-08) 
( -9.004191e-09 3.333233e-07 1.017931e-07) 
( -1.464204e-08 3.299263e-07 1.095419e-07) 
( 1.098380e-07 4.359578e-07 -1.482287e-08) 
( 9.856927e-08 4.253421e-07 -4.211714e-09) 
( 8.795338e-08 4.148512e-07 4.792570e-09) 
( 7.550788e-08 4.023177e-07 7.516239e-09) 
( 7.566135e-08 4.031402e-07 2.276312e-08) 
( 6.088592e-08 3.875101e-07 2.436416e-08) 
( 4.711678e-08 3.743613e-07 3.472928e-08) 
( 4.617473e-08 3.736226e-07 3.570158e-08) 
( 3.537350e-08 3.663849e-07 4.775757e-08) 
( 3.332883e-08 3.637849e-07 4.702068e-08) 
( 2.739338e-08 3.606508e-07 5.403676e-08) 
( 2.097018e-08 3.576238e-07 6.053166e-08) 
( 1.808154e-08 3.551064e-07 6.791058e-08) 
( 1.417340e-08 3.533505e-07 7.697221e-08) 
( 9.453539e-09 3.499555e-07 8.871522e-08) 
( 4.626499e-09 3.464637e-07 9.732665e-08) 
( -7.153770e-09 3.417575e-07 1.040895e-07) 
( -9.148773e-09 3.386417e-07 1.113384e-07) 
( -9.062574e-09 3.354529e-07 1.185852e-07) 
( 1.218227e-07 4.446841e-07 -3.654222e-09) 
( 1.093331e-07 4.343815e-07 5.382428e-09) 
( 9.835478e-08 4.247458e-07 1.337336e-08) 
( 8.802784e-08 4.153829e-07 1.997540e-08) 
( 7.847099e-08 4.066062e-07 2.626232e-08) 
( 7.646920e-08 4.074172e-07 3.875492e-08) 
( 6.139492e-08 3.910767e-07 3.804112e-08) 
( 5.417093e-08 3.855327e-07 4.425462e-08) 
( 4.683143e-08 3.795291e-07 4.964682e-08) 
( 4.044269e-08 3.759483e-07 5.626696e-08) 
( 3.394458e-08 3.719420e-07 6.392054e-08) 
( 2.774767e-08 3.692028e-07 7.090337e-08) 
( 2.496845e-08 3.665401e-07 7.939974e-08) 
( 2.261288e-08 3.637098e-07 8.776307e-08) 
( 9.688390e-09 3.586855e-07 9.835890e-08) 
( 9.593998e-09 3.551907e-07 1.075207e-07) 
( 3.297877e-09 3.503309e-07 1.149275e-07) 
( -8.263166e-09 3.439044e-07 1.218044e-07) 
( -9.185728e-09 3.400866e-07 1.290639e-07) 
( 1.323111e-07 4.539988e-07 6.065059e-09) 
( 1.216329e-07 4.444935e-07 1.440114e-08) 
( 1.094518e-07 4.351054e-07 2.146725e-08) 
( 9.872836e-08 4.264198e-07 2.837028e-08) 
( 9.366009e-08 4.246726e-07 4.108322e-08) 
( 7.924274e-08 4.107295e-07 4.095490e-08) 
( 7.781629e-08 4.146184e-07 5.590931e-08) 
( 6.233248e-08 3.974126e-07 5.289186e-08) 
( 5.520920e-08 3.932117e-07 5.958966e-08) 
( 4.786831e-08 3.884968e-07 6.543188e-08) 
( 4.108876e-08 3.848918e-07 7.560887e-08) 
( 3.451561e-08 3.815988e-07 8.473587e-08) 
( 3.324287e-08 3.786238e-07 9.097749e-08) 
( 2.809729e-08 3.746039e-07 9.957315e-08) 
( 1.409610e-08 3.678078e-07 1.105169e-07) 
( 1.169619e-08 3.629358e-07 1.186175e-07) 
( 1.056271e-08 3.583689e-07 1.264388e-07) 
( 2.206401e-09 3.520112e-07 1.337968e-07) 
( -5.102336e-09 3.445783e-07 1.420487e-07) 
( 1.822018e-08 2.363684e-08 -6.720632e-07) 
( 1.705731e-08 6.967761e-08 -6.457511e-07) 
( 1.629528e-08 1.114704e-07 -5.994095e-07) 
( 1.551186e-08 1.514878e-07 -5.562883e-07) 
( 1.195044e-08 1.822888e-07 -5.116066e-07) 
( 8.349998e-09 2.101979e-07 -4.661597e-07) 
( 9.585358e-09 2.266114e-07 -4.354597e-07) 
( 1.110503e-08 2.436816e-07 -4.016699e-07) 
( 7.155322e-09 2.643523e-07 -3.610957e-07) 
( 7.368416e-09 2.722384e-07 -3.368707e-07) 
( 7.672283e-09 2.836867e-07 -3.116318e-07) 
( 8.010994e-09 2.965239e-07 -2.844981e-07) 
( 8.181167e-09 3.027592e-07 -2.638634e-07) 
( 7.890720e-09 3.094888e-07 -2.415951e-07) 
( 8.512226e-09 3.180103e-07 -2.161908e-07) 
( 8.562736e-09 3.188742e-07 -2.024747e-07) 
( 6.375453e-09 3.214547e-07 -1.859714e-07) 
( 7.278572e-10 3.257739e-07 -1.640771e-07) 
( -7.115643e-10 3.299766e-07 -1.439999e-07) 
( 5.977566e-08 2.760749e-08 -7.084709e-07) 
( 5.812872e-08 8.424474e-08 -6.693076e-07) 
( 5.361972e-08 1.308073e-07 -6.293667e-07) 
( 4.904079e-08 1.692185e-07 -5.882273e-07) 
( 4.551251e-08 2.067605e-07 -5.427894e-07) 
( 4.056923e-08 2.297504e-07 -5.069617e-07) 
( 3.613369e-08 2.574386e-07 -4.629593e-07) 
( 3.142504e-08 2.720882e-07 -4.295372e-07) 
( 2.911581e-08 2.942287e-07 -3.875735e-07) 
( 2.760746e-08 3.063717e-07 -3.551397e-07) 
( 2.427437e-08 3.164821e-07 -3.241924e-07) 
( 1.696019e-08 3.251639e-07 -2.931872e-07) 
( 1.490849e-08 3.247858e-07 -2.764200e-07) 
( 1.092735e-08 3.341286e-07 -2.435727e-07) 
( 1.395020e-08 3.396278e-07 -2.157890e-07) 
( 9.094885e-09 3.365022e-07 -2.017765e-07) 
( 1.090082e-08 3.384303e-07 -1.803423e-07) 
( 9.192673e-09 3.402209e-07 -1.577109e-07) 
( 8.982344e-09 3.426551e-07 -1.364218e-07) 
( 1.032376e-07 2.897321e-08 -7.186204e-07) 
( 9.811900e-08 8.478054e-08 -6.955167e-07) 
( 8.880896e-08 1.306884e-07 -6.576865e-07) 
( 8.045270e-08 1.762635e-07 -6.165866e-07) 
( 7.249894e-08 2.153325e-07 -5.750370e-07) 
( 6.905044e-08 2.593890e-07 -5.255810e-07) 
( 6.158797e-08 2.832822e-07 -4.859589e-07) 
( 5.829546e-08 3.058514e-07 -4.472314e-07) 
( 5.339685e-08 3.211375e-07 -4.101383e-07) 
( 4.285309e-08 3.317631e-07 -3.749239e-07) 
( 4.000621e-08 3.443009e-07 -3.392548e-07) 
( 3.324758e-08 3.484694e-07 -3.102016e-07) 
( 2.946550e-08 3.523300e-07 -2.817171e-07) 
( 2.926718e-08 3.594752e-07 -2.446953e-07) 
( 2.690410e-08 3.574419e-07 -2.220669e-07) 
( 2.420749e-08 3.526554e-07 -2.043213e-07) 
( 2.250194e-08 3.525283e-07 -1.783922e-07) 
( 1.283028e-08 3.525931e-07 -1.503060e-07) 
( 1.612307e-08 3.509742e-07 -1.316544e-07) 
( 1.424008e-07 3.299032e-08 -7.505472e-07) 
( 1.341897e-07 9.074149e-08 -7.151939e-07) 
( 1.279861e-07 1.412211e-07 -6.769063e-07) 
( 1.207597e-07 1.937281e-07 -6.343369e-07) 
( 1.141140e-07 2.410686e-07 -5.876560e-07) 
( 1.023146e-07 2.761830e-07 -5.480964e-07) 
( 9.555524e-08 3.065633e-07 -5.039580e-07) 
( 8.459614e-08 3.340510e-07 -4.590014e-07) 
( 7.517956e-08 3.468779e-07 -4.233287e-07) 
( 7.004853e-08 3.642673e-07 -3.833799e-07) 
( 6.090794e-08 3.727340e-07 -3.484041e-07) 
( 5.412643e-08 3.788007e-07 -3.131986e-07) 
( 4.459111e-08 3.787962e-07 -2.835191e-07) 
( 4.671140e-08 3.844076e-07 -2.428402e-07) 
( 3.818278e-08 3.734071e-07 -2.309028e-07) 
( 3.501147e-08 3.721185e-07 -1.992482e-07) 
( 2.880765e-08 3.702466e-07 -1.699901e-07) 
( 2.606382e-08 3.652288e-07 -1.469897e-07) 
( 2.330622e-08 3.584777e-07 -1.277389e-07) 
( 1.856915e-07 3.086715e-08 -7.610598e-07) 
( 1.830994e-07 9.858710e-08 -7.283438e-07) 
( 1.750071e-07 1.630838e-07 -6.857520e-07) 
( 1.654661e-07 2.175527e-07 -6.419133e-07) 
( 1.538671e-07 2.611422e-07 -5.987421e-07) 
( 1.402330e-07 2.968623e-07 -5.588882e-07) 
( 1.259859e-07 3.271856e-07 -5.179263e-07) 
( 1.119719e-07 3.567169e-07 -4.708090e-07) 
( 1.026536e-07 3.747513e-07 -4.303451e-07) 
( 9.581772e-08 3.930479e-07 -3.860490e-07) 
( 8.182577e-08 3.992663e-07 -3.524033e-07) 
( 7.741621e-08 4.012559e-07 -3.217136e-07) 
( 6.683001e-08 4.051476e-07 -2.807758e-07) 
( 5.908071e-08 4.017068e-07 -2.511862e-07) 
( 5.130785e-08 3.947628e-07 -2.251297e-07) 
( 4.732900e-08 3.911700e-07 -1.925405e-07) 
( 4.087346e-08 3.848365e-07 -1.620013e-07) 
( 3.678864e-08 3.754198e-07 -1.398108e-07) 
( 2.615738e-08 3.660986e-07 -1.238111e-07) 
( 2.408528e-07 4.049736e-08 -7.669604e-07) 
( 2.235897e-07 1.021890e-07 -7.308555e-07) 
( 2.114218e-07 1.674721e-07 -6.927304e-07) 
( 2.033921e-07 2.255371e-07 -6.495848e-07) 
( 1.915039e-07 2.695641e-07 -6.100011e-07) 
( 1.763607e-07 3.173560e-07 -5.638543e-07) 
( 1.581383e-07 3.516199e-07 -5.195442e-07) 
( 1.470772e-07 3.795433e-07 -4.752091e-07) 
( 1.319124e-07 3.978148e-07 -4.363076e-07) 
( 1.190077e-07 4.129395e-07 -3.946665e-07) 
( 1.069357e-07 4.261707e-07 -3.512208e-07) 
( 9.915916e-08 4.254639e-07 -3.183274e-07) 
( 7.849911e-08 4.289225e-07 -2.741656e-07) 
( 7.154620e-08 4.200742e-07 -2.508254e-07) 
( 6.088310e-08 4.138450e-07 -2.203027e-07) 
( 5.902461e-08 4.084781e-07 -1.824062e-07) 
( 5.165801e-08 3.968215e-07 -1.545481e-07) 
( 4.333913e-08 3.851589e-07 -1.342814e-07) 
( 3.003023e-08 3.735334e-07 -1.198177e-07) 
( 3.078865e-07 4.072322e-08 -7.697239e-07) 
( 2.887587e-07 1.081693e-07 -7.392486e-07) 
( 2.719324e-07 1.755772e-07 -6.962237e-07) 
( 2.460612e-07 2.426691e-07 -6.539659e-07) 
( 2.342258e-07 2.891795e-07 -6.111107e-07) 
( 2.187070e-07 3.333640e-07 -5.655660e-07) 
( 1.966278e-07 3.709850e-07 -5.209461e-07) 
( 1.839688e-07 3.943430e-07 -4.817232e-07) 
( 1.663659e-07 4.158049e-07 -4.397839e-07) 
( 1.500594e-07 4.304056e-07 -3.996049e-07) 
( 1.348237e-07 4.474759e-07 -3.464222e-07) 
( 1.128478e-07 4.492046e-07 -3.105324e-07) 
( 9.977850e-08 4.507117e-07 -2.659576e-07) 
( 8.854387e-08 4.358926e-07 -2.519849e-07) 
( 7.917271e-08 4.326632e-07 -2.109030e-07) 
( 7.186964e-08 4.216310e-07 -1.752808e-07) 
( 6.188076e-08 4.077944e-07 -1.498173e-07) 
( 4.817206e-08 3.952441e-07 -1.270956e-07) 
( 3.997620e-08 3.833727e-07 -1.148690e-07) 
( 3.542991e-07 4.701065e-08 -7.687378e-07) 
( 3.358934e-07 1.182476e-07 -7.317023e-07) 
( 3.235618e-07 2.049115e-07 -6.834472e-07) 
( 3.015767e-07 2.578480e-07 -6.494901e-07) 
( 2.784979e-07 3.052559e-07 -6.095936e-07) 
( 2.607007e-07 3.571344e-07 -5.582251e-07) 
( 2.373256e-07 4.001536e-07 -5.070894e-07) 
( 2.115089e-07 4.282695e-07 -4.641939e-07) 
( 1.938263e-07 4.406547e-07 -4.300337e-07) 
( 1.732222e-07 4.559238e-07 -3.858934e-07) 
( 1.574393e-07 4.649268e-07 -3.432691e-07) 
( 1.310878e-07 4.646610e-07 -3.106254e-07) 
( 1.210421e-07 4.642144e-07 -2.672283e-07) 
( 1.088435e-07 4.545371e-07 -2.422349e-07) 
( 9.733531e-08 4.472755e-07 -2.011989e-07) 
( 8.278428e-08 4.338001e-07 -1.676281e-07) 
( 6.695044e-08 4.187088e-07 -1.464958e-07) 
( 5.739010e-08 4.044221e-07 -1.302630e-07) 
( 4.523730e-08 3.929110e-07 -1.075389e-07) 
( 4.270993e-07 4.603668e-08 -7.732149e-07) 
( 3.982434e-07 1.341695e-07 -7.327002e-07) 
( 3.701422e-07 2.113146e-07 -6.881539e-07) 
( 3.559166e-07 2.777655e-07 -6.340730e-07) 
( 3.269057e-07 3.289772e-07 -5.985967e-07) 
( 2.958043e-07 3.743751e-07 -5.568732e-07) 
( 2.722712e-07 4.090765e-07 -5.133255e-07) 
( 2.475538e-07 4.441077e-07 -4.614210e-07) 
( 2.222259e-07 4.642054e-07 -4.188707e-07) 
( 2.082228e-07 4.772498e-07 -3.724495e-07) 
( 1.832895e-07 4.871778e-07 -3.263857e-07) 
( 1.577842e-07 4.814511e-07 -3.017002e-07) 
( 1.398104e-07 4.818044e-07 -2.543440e-07) 
( 1.271936e-07 4.699344e-07 -2.302836e-07) 
( 1.066260e-07 4.601577e-07 -1.890213e-07) 
( 8.566263e-08 4.463334e-07 -1.576128e-07) 
( 7.075893e-08 4.290374e-07 -1.440137e-07) 
( 6.385650e-08 4.153387e-07 -1.233303e-07) 
( 4.961556e-08 4.008361e-07 -9.886115e-08) 
( 4.929418e-07 3.980724e-08 -7.652231e-07) 
( 4.704711e-07 1.263031e-07 -7.246841e-07) 
( 4.384806e-07 2.189958e-07 -6.762647e-07) 
( 4.065652e-07 2.921603e-07 -6.249087e-07) 
( 3.720101e-07 3.564841e-07 -5.796455e-07) 
( 3.449037e-07 3.997045e-07 -5.365635e-07) 
( 3.220325e-07 4.334465e-07 -4.918751e-07) 
( 2.923173e-07 4.656613e-07 -4.423215e-07) 
( 2.548869e-07 4.820899e-07 -4.076657e-07) 
( 2.241152e-07 4.983510e-07 -3.590817e-07) 
( 2.092262e-07 5.054193e-07 -3.075212e-07) 
( 1.854158e-07 4.959523e-07 -2.860674e-07) 
( 1.573107e-07 4.958998e-07 -2.398137e-07) 
( 1.316421e-07 4.842694e-07 -2.125531e-07) 
( 1.139374e-07 4.729566e-07 -1.751576e-07) 
( 9.815227e-08 4.571815e-07 -1.517953e-07) 
( 8.327367e-08 4.411457e-07 -1.372756e-07) 
( 7.015724e-08 4.252236e-07 -1.124951e-07) 
( 5.809128e-08 4.074939e-07 -9.086876e-08) 
( 5.816284e-07 5.220183e-08 -7.392931e-07) 
( 5.419398e-07 1.438924e-07 -6.910940e-07) 
( 5.089609e-07 2.282023e-07 -6.543171e-07) 
( 4.523041e-07 3.059233e-07 -6.124037e-07) 
( 4.319891e-07 3.572942e-07 -5.717618e-07) 
( 3.995929e-07 4.000403e-07 -5.309652e-07) 
( 3.605557e-07 4.654723e-07 -4.629634e-07) 
( 3.239435e-07 4.845392e-07 -4.275632e-07) 
( 2.956519e-07 5.009594e-07 -3.832405e-07) 
( 2.597561e-07 5.163692e-07 -3.334745e-07) 
( 2.337823e-07 5.166319e-07 -2.945435e-07) 
( 2.027994e-07 5.103853e-07 -2.668264e-07) 
( 1.763892e-07 5.070049e-07 -2.289606e-07) 
( 1.509276e-07 4.949584e-07 -2.011725e-07) 
( 1.319570e-07 4.833310e-07 -1.638349e-07) 
( 1.148267e-07 4.675395e-07 -1.464615e-07) 
( 9.687709e-08 4.513719e-07 -1.271081e-07) 
( 8.085606e-08 4.332608e-07 -1.029279e-07) 
( 6.673506e-08 4.140646e-07 -8.328449e-08) 
( 6.377825e-07 6.058839e-08 -7.214114e-07) 
( 6.017648e-07 1.652220e-07 -6.729669e-07) 
( 5.655832e-07 2.502203e-07 -6.190084e-07) 
( 5.294402e-07 3.264646e-07 -5.698346e-07) 
( 4.798797e-07 3.929855e-07 -5.325150e-07) 
( 4.436877e-07 4.474034e-07 -4.794293e-07) 
( 4.037845e-07 4.766318e-07 -4.452342e-07) 
( 3.706351e-07 4.965231e-07 -4.055167e-07) 
( 3.241822e-07 5.224983e-07 -3.506118e-07) 
( 2.900311e-07 5.274972e-07 -3.149953e-07) 
( 2.520304e-07 5.293551e-07 -2.745669e-07) 
( 2.195910e-07 5.255495e-07 -2.414533e-07) 
( 1.984213e-07 5.153394e-07 -2.142743e-07) 
( 1.719179e-07 5.040373e-07 -1.873727e-07) 
( 1.462951e-07 4.924354e-07 -1.508025e-07) 
( 1.342216e-07 4.762108e-07 -1.340645e-07) 
( 1.106944e-07 4.594191e-07 -1.160978e-07) 
( 9.212916e-08 4.403570e-07 -9.388857e-08) 
( 7.579732e-08 4.205726e-07 -7.550194e-08) 
( 7.250916e-07 5.147070e-08 -6.702408e-07) 
( 6.841968e-07 1.549778e-07 -6.315020e-07) 
( 6.256678e-07 2.522594e-07 -5.809284e-07) 
( 5.772569e-07 3.310557e-07 -5.407403e-07) 
( 5.468380e-07 3.934378e-07 -4.921747e-07) 
( 5.014102e-07 4.449431e-07 -4.545889e-07) 
( 4.517134e-07 4.816327e-07 -4.226027e-07) 
( 3.968233e-07 5.231311e-07 -3.606581e-07) 
( 3.602665e-07 5.334462e-07 -3.201812e-07) 
( 3.188433e-07 5.405084e-07 -2.786300e-07) 
( 2.864421e-07 5.375183e-07 -2.425727e-07) 
( 2.459504e-07 5.336201e-07 -2.175453e-07) 
( 2.245224e-07 5.221457e-07 -1.898944e-07) 
( 1.933263e-07 5.098023e-07 -1.714828e-07) 
( 1.646723e-07 4.984269e-07 -1.394733e-07) 
( 1.410048e-07 4.836687e-07 -1.196493e-07) 
( 1.242471e-07 4.658245e-07 -1.042558e-07) 
( 1.035778e-07 4.470803e-07 -8.492005e-08) 
( 7.958631e-08 4.240494e-07 -7.453466e-08) 
( 7.920899e-07 6.914705e-08 -5.828556e-07) 
( 7.492321e-07 1.624788e-07 -5.548288e-07) 
( 6.965700e-07 2.539361e-07 -5.212014e-07) 
( 6.418886e-07 3.516344e-07 -4.761728e-07) 
( 5.906201e-07 4.209045e-07 -4.371684e-07) 
( 5.370230e-07 4.722933e-07 -3.999495e-07) 
( 4.846810e-07 5.097891e-07 -3.603813e-07) 
( 4.411369e-07 5.284233e-07 -3.218194e-07) 
( 3.925717e-07 5.397175e-07 -2.886715e-07) 
( 3.435136e-07 5.453270e-07 -2.530812e-07) 
( 2.969803e-07 5.480185e-07 -2.087781e-07) 
( 2.706264e-07 5.368372e-07 -1.952607e-07) 
( 2.251153e-07 5.316309e-07 -1.657982e-07) 
( 2.090536e-07 5.142020e-07 -1.532450e-07) 
( 1.825330e-07 5.026212e-07 -1.259474e-07) 
( 1.535614e-07 4.881653e-07 -1.092622e-07) 
( 1.379041e-07 4.713655e-07 -9.269714e-08) 
( 1.151864e-07 4.533537e-07 -7.567576e-08) 
( 9.486337e-08 4.328273e-07 -6.103827e-08) 
( 8.631853e-07 5.799828e-08 -5.252304e-07) 
( 8.057699e-07 1.815205e-07 -4.830768e-07) 
( 7.576989e-07 2.711014e-07 -4.401748e-07) 
( 7.006108e-07 3.457347e-07 -4.153021e-07) 
( 6.380253e-07 4.186587e-07 -3.899701e-07) 
( 5.827969e-07 4.745001e-07 -3.484767e-07) 
( 5.305411e-07 5.122323e-07 -3.053376e-07) 
( 4.725011e-07 5.320714e-07 -2.799171e-07) 
( 4.161798e-07 5.461763e-07 -2.486675e-07) 
( 3.660084e-07 5.542506e-07 -2.071278e-07) 
( 3.187650e-07 5.536525e-07 -1.700170e-07) 
( 2.875020e-07 5.434998e-07 -1.556417e-07) 
( 2.479534e-07 5.366850e-07 -1.335136e-07) 
( 2.134927e-07 5.220191e-07 -1.272048e-07) 
( 1.939281e-07 5.073695e-07 -1.098954e-07) 
( 1.621774e-07 4.945203e-07 -9.353950e-08) 
( 1.417565e-07 4.770687e-07 -7.988925e-08) 
( 1.274824e-07 4.579386e-07 -6.609963e-08) 
( 1.055145e-07 4.388642e-07 -5.408899e-08) 
( 9.201299e-07 6.382029e-08 -4.219982e-07) 
( 8.697750e-07 1.636817e-07 -3.985287e-07) 
( 7.952113e-07 2.596115e-07 -3.720627e-07) 
( 7.267875e-07 3.612857e-07 -3.268284e-07) 
( 6.782783e-07 4.171116e-07 -3.021188e-07) 
( 6.249497e-07 4.588151e-07 -2.862090e-07) 
( 5.458332e-07 5.130671e-07 -2.605125e-07) 
( 5.049846e-07 5.256517e-07 -2.310715e-07) 
( 4.393531e-07 5.487471e-07 -1.947175e-07) 
( 3.857119e-07 5.569146e-07 -1.571270e-07) 
( 3.514906e-07 5.504322e-07 -1.362261e-07) 
( 3.027681e-07 5.479692e-07 -1.221018e-07) 
( 2.730940e-07 5.386276e-07 -1.023181e-07) 
( 2.305414e-07 5.274133e-07 -9.905547e-08) 
( 1.996783e-07 5.129376e-07 -8.985734e-08) 
( 1.796726e-07 4.989654e-07 -6.927245e-08) 
( 1.493936e-07 4.828026e-07 -6.357685e-08) 
( 1.361893e-07 4.635488e-07 -5.402359e-08) 
( 1.161378e-07 4.443891e-07 -4.568412e-08) 
( 9.428028e-07 5.241244e-08 -3.265991e-07) 
( 8.834247e-07 1.813575e-07 -2.793862e-07) 
( 8.183944e-07 2.685832e-07 -2.399281e-07) 
( 7.569934e-07 3.449978e-07 -2.276850e-07) 
( 6.913220e-07 4.129454e-07 -2.172126e-07) 
( 6.291472e-07 4.691717e-07 -2.083398e-07) 
( 5.813546e-07 4.979308e-07 -1.902677e-07) 
( 5.097090e-07 5.352440e-07 -1.610011e-07) 
( 4.562004e-07 5.478925e-07 -1.285044e-07) 
( 4.180605e-07 5.471508e-07 -1.146725e-07) 
( 3.666805e-07 5.521520e-07 -9.878970e-08) 
( 3.220201e-07 5.491775e-07 -8.003983e-08) 
( 2.828418e-07 5.431766e-07 -6.958739e-08) 
( 2.535383e-07 5.312793e-07 -6.561796e-08) 
( 2.142001e-07 5.185650e-07 -5.973925e-08) 
( 1.946348e-07 5.035987e-07 -4.605418e-08) 
( 1.617878e-07 4.891968e-07 -3.981585e-08) 
( 1.375352e-07 4.709071e-07 -3.511930e-08) 
( 1.280252e-07 4.511925e-07 -2.743705e-08) 
( 9.721629e-07 6.864453e-08 -2.045930e-07) 
( 8.904120e-07 1.600401e-07 -1.784615e-07) 
( 8.308593e-07 2.525209e-07 -1.707760e-07) 
( 7.504070e-07 3.365114e-07 -1.541887e-07) 
( 6.836573e-07 4.141145e-07 -1.319154e-07) 
( 6.398754e-07 4.537072e-07 -1.164309e-07) 
( 5.844638e-07 4.936302e-07 -1.003130e-07) 
( 5.261454e-07 5.260772e-07 -8.644091e-08) 
( 4.780061e-07 5.389937e-07 -8.742889e-08) 
( 4.285942e-07 5.485409e-07 -6.464699e-08) 
( 3.766984e-07 5.551743e-07 -5.667813e-08) 
( 3.464839e-07 5.467747e-07 -4.504870e-08) 
( 2.927250e-07 5.476404e-07 -3.641771e-08) 
( 2.748777e-07 5.347022e-07 -3.256442e-08) 
( 2.323230e-07 5.246904e-07 -2.834930e-08) 
( 2.052331e-07 5.091584e-07 -2.355783e-08) 
( 1.810519e-07 4.951196e-07 -1.649185e-08) 
( 1.477723e-07 4.786373e-07 -1.280840e-08) 
( 1.339097e-07 4.593397e-07 -9.313758e-09) 
( 9.634873e-07 6.609018e-08 -5.804014e-08) 
( 8.863782e-07 1.509595e-07 -4.526549e-08) 
( 8.013517e-07 2.612865e-07 -3.646003e-08) 
( 7.500839e-07 3.183313e-07 -3.164846e-08) 
( 6.888145e-07 3.934695e-07 -2.769506e-08) 
( 6.428821e-07 4.387438e-07 -2.381809e-08) 
( 6.014354e-07 4.714537e-07 -2.066730e-08) 
( 5.355155e-07 5.175729e-07 -1.764270e-08) 
( 4.946028e-07 5.322329e-07 -1.620823e-08) 
( 4.329771e-07 5.523894e-07 -1.344436e-08) 
( 4.059098e-07 5.489255e-07 -1.122402e-08) 
( 3.515669e-07 5.553524e-07 -8.392340e-09) 
( 3.200282e-07 5.484389e-07 -6.081477e-09) 
( 2.792372e-07 5.434932e-07 -4.424002e-09) 
( 2.541427e-07 5.307199e-07 -2.818126e-09) 
( 2.138904e-07 5.180835e-07 -1.209085e-09) 
( 1.945700e-07 5.017753e-07 -4.974406e-10) 
( 1.639907e-07 4.876828e-07 4.069027e-10) 
( 1.369140e-07 4.697944e-07 1.220728e-09) 
( -1.904850e-08 2.593489e-08 -6.500981e-07) 
( -1.655039e-08 6.856319e-08 -6.082065e-07) 
( -1.424785e-08 1.057823e-07 -5.615104e-07) 
( -1.369588e-08 1.339312e-07 -5.157226e-07) 
( -1.080453e-08 1.637353e-07 -4.651236e-07) 
( -9.303187e-09 1.857958e-07 -4.251737e-07) 
( -9.154308e-09 2.011168e-07 -3.893112e-07) 
( -7.020356e-09 2.177406e-07 -3.537943e-07) 
( -6.416864e-09 2.370285e-07 -3.213868e-07) 
( -6.598802e-09 2.437730e-07 -3.032412e-07) 
( -6.928955e-09 2.561414e-07 -2.814601e-07) 
( -7.314851e-09 2.707273e-07 -2.587920e-07) 
( -7.536565e-09 2.788476e-07 -2.435334e-07) 
( -2.619243e-09 2.888487e-07 -2.280614e-07) 
( -3.772729e-09 3.003041e-07 -2.046253e-07) 
( -8.214164e-09 3.040972e-07 -1.896903e-07) 
( -8.193796e-09 3.083270e-07 -1.769728e-07) 
( -6.929509e-09 3.147763e-07 -1.596395e-07) 
( -7.661788e-09 3.210212e-07 -1.410434e-07) 
( -4.377224e-08 1.950015e-08 -6.142692e-07) 
( -4.195082e-08 6.327885e-08 -5.723930e-07) 
( -4.179044e-08 1.065683e-07 -5.029512e-07) 
( -3.557704e-08 1.288212e-07 -4.583045e-07) 
( -3.051698e-08 1.501259e-07 -4.102938e-07) 
( -2.702550e-08 1.712897e-07 -3.611356e-07) 
( -2.529555e-08 1.799316e-07 -3.344969e-07) 
( -2.125563e-08 1.975988e-07 -3.010580e-07) 
( -2.040233e-08 2.104820e-07 -2.804286e-07) 
( -1.857529e-08 2.207863e-07 -2.645159e-07) 
( -1.799685e-08 2.357473e-07 -2.470910e-07) 
( -1.711574e-08 2.510636e-07 -2.303618e-07) 
( -1.621438e-08 2.593719e-07 -2.211611e-07) 
( -1.063754e-08 2.740054e-07 -2.052209e-07) 
( -9.278291e-09 2.887533e-07 -1.838168e-07) 
( -9.163782e-09 2.978868e-07 -1.673424e-07) 
( -8.204147e-09 3.036734e-07 -1.583577e-07) 
( -8.277805e-09 3.098042e-07 -1.459235e-07) 
( -8.565252e-09 3.170568e-07 -1.305210e-07) 
( -8.575871e-08 2.199706e-08 -5.822064e-07) 
( -6.842549e-08 5.786176e-08 -5.264447e-07) 
( -6.102566e-08 9.305332e-08 -4.644946e-07) 
( -5.366679e-08 1.196923e-07 -4.071511e-07) 
( -4.677877e-08 1.388757e-07 -3.571302e-07) 
( -4.142537e-08 1.509980e-07 -3.142745e-07) 
( -3.832538e-08 1.608245e-07 -2.884537e-07) 
( -3.443492e-08 1.762171e-07 -2.588906e-07) 
( -3.162420e-08 1.907096e-07 -2.411439e-07) 
( -2.959057e-08 1.986924e-07 -2.318911e-07) 
( -2.549550e-08 2.179939e-07 -2.171456e-07) 
( -2.649703e-08 2.342294e-07 -2.037265e-07) 
( -2.300631e-08 2.458562e-07 -1.972190e-07) 
( -1.956817e-08 2.619623e-07 -1.844958e-07) 
( -2.071384e-08 2.770079e-07 -1.682027e-07) 
( -1.644103e-08 2.858205e-07 -1.581692e-07) 
( -1.443327e-08 2.932698e-07 -1.512062e-07) 
( -1.419064e-08 3.030392e-07 -1.359779e-07) 
( -8.483479e-09 3.140018e-07 -1.180360e-07) 
( -1.013350e-07 2.248913e-08 -5.333453e-07) 
( -9.324087e-08 5.769786e-08 -4.883363e-07) 
( -7.964343e-08 8.748101e-08 -4.187685e-07) 
( -6.859148e-08 1.097923e-07 -3.551191e-07) 
( -5.926586e-08 1.245965e-07 -3.090119e-07) 
( -5.195548e-08 1.383313e-07 -2.657071e-07) 
( -4.434443e-08 1.447940e-07 -2.437575e-07) 
( -3.964435e-08 1.585038e-07 -2.239443e-07) 
( -3.834357e-08 1.742428e-07 -2.081445e-07) 
( -3.626803e-08 1.836189e-07 -2.041266e-07) 
( -3.163631e-08 2.014367e-07 -1.944983e-07) 
( -3.347242e-08 2.206042e-07 -1.830529e-07) 
( -2.800266e-08 2.340767e-07 -1.800659e-07) 
( -2.769906e-08 2.512163e-07 -1.693582e-07) 
( -2.577430e-08 2.697532e-07 -1.528858e-07) 
( -2.403498e-08 2.796143e-07 -1.459711e-07) 
( -2.326539e-08 2.879535e-07 -1.398799e-07) 
( -2.103072e-08 2.990552e-07 -1.244842e-07) 
( -1.989422e-08 3.099284e-07 -1.087645e-07) 
( -1.294868e-07 2.067730e-08 -4.884820e-07) 
( -1.141909e-07 5.431020e-08 -4.463357e-07) 
( -9.215172e-08 7.717687e-08 -3.789012e-07) 
( -8.092190e-08 1.020005e-07 -3.139856e-07) 
( -6.681482e-08 1.161283e-07 -2.665234e-07) 
( -5.714073e-08 1.239797e-07 -2.323762e-07) 
( -5.196397e-08 1.341724e-07 -2.112028e-07) 
( -4.805364e-08 1.424791e-07 -1.950884e-07) 
( -4.649417e-08 1.581254e-07 -1.824016e-07) 
( -4.362627e-08 1.762001e-07 -1.748209e-07) 
( -4.205947e-08 1.890402e-07 -1.726960e-07) 
( -3.739276e-08 2.120540e-07 -1.634243e-07) 
( -3.836251e-08 2.283971e-07 -1.593922e-07) 
( -3.853399e-08 2.432343e-07 -1.551774e-07) 
( -3.133730e-08 2.632672e-07 -1.434754e-07) 
( -3.239878e-08 2.756507e-07 -1.355383e-07) 
( -2.911438e-08 2.851729e-07 -1.288370e-07) 
( -2.614786e-08 2.965030e-07 -1.164534e-07) 
( -2.128165e-08 3.087574e-07 -1.000300e-07) 
( -1.559959e-07 2.223012e-08 -4.897655e-07) 
( -1.298655e-07 5.412166e-08 -4.092849e-07) 
( -1.078194e-07 8.012256e-08 -3.368630e-07) 
( -8.988848e-08 9.629504e-08 -2.804079e-07) 
( -7.305671e-08 1.060552e-07 -2.339453e-07) 
( -6.353277e-08 1.161712e-07 -2.021469e-07) 
( -5.704778e-08 1.235289e-07 -1.841046e-07) 
( -5.262201e-08 1.337412e-07 -1.707385e-07) 
( -4.989600e-08 1.451523e-07 -1.647554e-07) 
( -4.885882e-08 1.678935e-07 -1.569740e-07) 
( -4.508553e-08 1.846352e-07 -1.561657e-07) 
( -4.366653e-08 2.038559e-07 -1.520878e-07) 
( -4.682215e-08 2.234152e-07 -1.459455e-07) 
( -4.212768e-08 2.408892e-07 -1.454365e-07) 
( -3.780529e-08 2.611846e-07 -1.342727e-07) 
( -3.808924e-08 2.738480e-07 -1.244155e-07) 
( -3.397766e-08 2.839303e-07 -1.201948e-07) 
( -2.935343e-08 2.963936e-07 -1.068247e-07) 
( -2.970538e-08 3.068321e-07 -9.032060e-08) 
( -1.678676e-07 2.315537e-08 -4.283167e-07) 
( -1.461020e-07 5.896775e-08 -3.648638e-07) 
( -1.230752e-07 7.629448e-08 -3.086702e-07) 
( -9.465699e-08 9.114872e-08 -2.517364e-07) 
( -8.026545e-08 9.872110e-08 -2.098455e-07) 
( -6.978255e-08 1.090256e-07 -1.803094e-07) 
( -6.048927e-08 1.169970e-07 -1.645837e-07) 
( -5.708882e-08 1.299745e-07 -1.507893e-07) 
( -5.499259e-08 1.431313e-07 -1.467349e-07) 
( -5.298132e-08 1.621200e-07 -1.439824e-07) 
( -5.144052e-08 1.819303e-07 -1.410652e-07) 
( -4.909210e-08 2.014877e-07 -1.401217e-07) 
( -4.887587e-08 2.214564e-07 -1.384585e-07) 
( -4.754283e-08 2.412717e-07 -1.362315e-07) 
( -4.388517e-08 2.612539e-07 -1.244577e-07) 
( -4.348230e-08 2.749572e-07 -1.166676e-07) 
( -3.988301e-08 2.842769e-07 -1.132659e-07) 
( -3.677294e-08 2.957268e-07 -9.894394e-08) 
( -3.473490e-08 3.042532e-07 -8.479924e-08) 
( -1.921172e-07 2.042451e-08 -4.161333e-07) 
( -1.664801e-07 5.071987e-08 -3.610837e-07) 
( -1.315167e-07 7.334452e-08 -2.877869e-07) 
( -1.062600e-07 8.651904e-08 -2.349068e-07) 
( -8.942825e-08 9.595869e-08 -1.948626e-07) 
( -7.606996e-08 1.039591e-07 -1.687583e-07) 
( -6.997376e-08 1.154239e-07 -1.481153e-07) 
( -6.272530e-08 1.267109e-07 -1.420936e-07) 
( -6.220781e-08 1.433112e-07 -1.343930e-07) 
( -6.005066e-08 1.605952e-07 -1.364298e-07) 
( -5.942119e-08 1.838179e-07 -1.326126e-07) 
( -5.719347e-08 1.999284e-07 -1.353941e-07) 
( -6.110043e-08 2.247410e-07 -1.283700e-07) 
( -5.348644e-08 2.446334e-07 -1.299389e-07) 
( -5.241524e-08 2.632960e-07 -1.193851e-07) 
( -5.130248e-08 2.763326e-07 -1.113790e-07) 
( -4.596614e-08 2.845681e-07 -1.063251e-07) 
( -3.815277e-08 2.965353e-07 -9.144382e-08) 
( -3.955269e-08 3.022248e-07 -7.700438e-08) 
( -2.140218e-07 2.333608e-08 -3.907778e-07) 
( -1.854940e-07 5.268667e-08 -3.327077e-07) 
( -1.449278e-07 7.748909e-08 -2.644195e-07) 
( -1.202353e-07 9.228189e-08 -2.210452e-07) 
( -1.009515e-07 1.032164e-07 -1.816396e-07) 
( -8.755709e-08 1.097443e-07 -1.630286e-07) 
( -7.760173e-08 1.190652e-07 -1.434847e-07) 
( -7.217490e-08 1.289415e-07 -1.341435e-07) 
( -7.107113e-08 1.475606e-07 -1.294870e-07) 
( -6.754296e-08 1.638672e-07 -1.320096e-07) 
( -6.754842e-08 1.878089e-07 -1.284789e-07) 
( -6.528322e-08 2.068519e-07 -1.294900e-07) 
( -6.770812e-08 2.322536e-07 -1.220312e-07) 
( -6.247415e-08 2.508613e-07 -1.223591e-07) 
( -5.946743e-08 2.694749e-07 -1.122949e-07) 
( -5.768470e-08 2.802591e-07 -1.035665e-07) 
( -5.169320e-08 2.858475e-07 -9.684908e-08) 
( -4.595865e-08 2.942134e-07 -8.370159e-08) 
( -4.420314e-08 2.987465e-07 -6.984901e-08) 
( -2.419602e-07 2.376583e-08 -3.780278e-07) 
( -2.103596e-07 5.657073e-08 -3.302119e-07) 
( -1.647566e-07 7.865551e-08 -2.648659e-07) 
( -1.362350e-07 9.918440e-08 -2.120637e-07) 
( -1.158228e-07 1.067509e-07 -1.803115e-07) 
( -9.904016e-08 1.175145e-07 -1.568377e-07) 
( -9.123265e-08 1.243997e-07 -1.416734e-07) 
( -8.695747e-08 1.398658e-07 -1.318555e-07) 
( -8.316307e-08 1.544072e-07 -1.299109e-07) 
( -8.261266e-08 1.778916e-07 -1.249192e-07) 
( -8.015093e-08 1.996111e-07 -1.249598e-07) 
( -8.043237e-08 2.167710e-07 -1.260537e-07) 
( -8.018761e-08 2.396546e-07 -1.188940e-07) 
( -7.239415e-08 2.598765e-07 -1.112445e-07) 
( -6.919305e-08 2.711989e-07 -1.058820e-07) 
( -6.591915e-08 2.830565e-07 -9.076628e-08) 
( -5.851116e-08 2.865945e-07 -8.366860e-08) 
( -4.837288e-08 2.924096e-07 -7.637733e-08) 
( -4.812753e-08 2.952397e-07 -6.303567e-08) 
( -2.779212e-07 2.649766e-08 -3.682503e-07) 
( -2.351897e-07 6.276365e-08 -3.141166e-07) 
( -1.908851e-07 9.003682e-08 -2.502541e-07) 
( -1.649315e-07 1.092361e-07 -2.140948e-07) 
( -1.387887e-07 1.142533e-07 -1.830371e-07) 
( -1.226065e-07 1.283063e-07 -1.566135e-07) 
( -1.113081e-07 1.382270e-07 -1.473546e-07) 
( -1.045045e-07 1.509166e-07 -1.360248e-07) 
( -1.018889e-07 1.700771e-07 -1.295089e-07) 
( -9.996421e-08 1.920215e-07 -1.236388e-07) 
( -9.237308e-08 2.119989e-07 -1.230529e-07) 
( -9.266587e-08 2.259884e-07 -1.218499e-07) 
( -9.045656e-08 2.469511e-07 -1.126591e-07) 
( -8.132957e-08 2.613617e-07 -1.041010e-07) 
( -7.326666e-08 2.730317e-07 -9.749153e-08) 
( -7.182978e-08 2.814992e-07 -8.219010e-08) 
( -6.481033e-08 2.852241e-07 -7.095834e-08) 
( -5.414164e-08 2.887227e-07 -7.007074e-08) 
( -5.012599e-08 2.921426e-07 -5.660013e-08) 
( -3.123529e-07 3.132568e-08 -3.523619e-07) 
( -2.545411e-07 7.057087e-08 -2.913290e-07) 
( -2.241495e-07 9.318070e-08 -2.463693e-07) 
( -1.913285e-07 1.117242e-07 -2.068192e-07) 
( -1.631113e-07 1.293543e-07 -1.840093e-07) 
( -1.439399e-07 1.441895e-07 -1.583079e-07) 
( -1.291037e-07 1.578215e-07 -1.459412e-07) 
( -1.195147e-07 1.717013e-07 -1.368437e-07) 
( -1.129845e-07 1.877565e-07 -1.280162e-07) 
( -1.152251e-07 2.026803e-07 -1.203852e-07) 
( -1.064461e-07 2.192425e-07 -1.176146e-07) 
( -9.777458e-08 2.363907e-07 -1.088069e-07) 
( -9.290475e-08 2.501481e-07 -1.017148e-07) 
( -8.974889e-08 2.597288e-07 -8.877897e-08) 
( -8.037522e-08 2.695432e-07 -8.588545e-08) 
( -7.827339e-08 2.767160e-07 -7.312521e-08) 
( -7.070561e-08 2.810133e-07 -6.358914e-08) 
( -5.976840e-08 2.860855e-07 -5.966175e-08) 
( -5.088145e-08 2.899120e-07 -5.037909e-08) 
( -3.394404e-07 2.368544e-08 -3.137973e-07) 
( -2.981523e-07 6.947654e-08 -2.776325e-07) 
( -2.600371e-07 9.898049e-08 -2.398896e-07) 
( -2.221452e-07 1.231745e-07 -2.022282e-07) 
( -1.961150e-07 1.390182e-07 -1.767877e-07) 
( -1.716274e-07 1.522188e-07 -1.577223e-07) 
( -1.552919e-07 1.683469e-07 -1.410382e-07) 
( -1.392335e-07 1.807599e-07 -1.296889e-07) 
( -1.311937e-07 1.973810e-07 -1.145483e-07) 
( -1.207054e-07 2.115177e-07 -1.098337e-07) 
( -1.186059e-07 2.204331e-07 -1.043916e-07) 
( -1.083826e-07 2.364294e-07 -9.080700e-08) 
( -9.845762e-08 2.465428e-07 -8.553632e-08) 
( -9.494790e-08 2.542235e-07 -7.665691e-08) 
( -8.666977e-08 2.621668e-07 -6.737546e-08) 
( -7.656753e-08 2.712734e-07 -6.331081e-08) 
( -7.216578e-08 2.765223e-07 -5.614532e-08) 
( -6.593993e-08 2.813874e-07 -5.231329e-08) 
( -5.411804e-08 2.871708e-07 -4.486247e-08) 
( -3.695110e-07 2.323583e-08 -2.741086e-07) 
( -3.294904e-07 6.589025e-08 -2.469703e-07) 
( -2.816299e-07 1.065294e-07 -2.097538e-07) 
( -2.439940e-07 1.316542e-07 -1.831039e-07) 
( -2.128849e-07 1.496614e-07 -1.619228e-07) 
( -1.846878e-07 1.646355e-07 -1.413756e-07) 
( -1.630501e-07 1.765097e-07 -1.249351e-07) 
( -1.533353e-07 1.819157e-07 -1.128468e-07) 
( -1.426050e-07 1.946048e-07 -1.018624e-07) 
( -1.285128e-07 2.077448e-07 -9.790701e-08) 
( -1.191787e-07 2.213586e-07 -8.367871e-08) 
( -1.165242e-07 2.284743e-07 -7.879423e-08) 
( -1.039245e-07 2.383421e-07 -7.381929e-08) 
( -1.000726e-07 2.453892e-07 -6.487704e-08) 
( -9.182648e-08 2.535038e-07 -5.946795e-08) 
( -8.030881e-08 2.630086e-07 -5.542748e-08) 
( -7.324836e-08 2.705467e-07 -4.776873e-08) 
( -7.062134e-08 2.755741e-07 -4.309526e-08) 
( -6.056164e-08 2.825893e-07 -3.997035e-08) 
( -3.872575e-07 2.428189e-08 -2.329633e-07) 
( -3.524921e-07 6.823567e-08 -2.153475e-07) 
( -3.041259e-07 1.060461e-07 -1.834444e-07) 
( -2.573778e-07 1.336049e-07 -1.536077e-07) 
( -2.243111e-07 1.485787e-07 -1.309633e-07) 
( -2.010227e-07 1.556388e-07 -1.155826e-07) 
( -1.774255e-07 1.691577e-07 -1.003413e-07) 
( -1.565175e-07 1.815754e-07 -9.100247e-08) 
( -1.436276e-07 1.921211e-07 -8.108228e-08) 
( -1.384009e-07 1.985047e-07 -7.404767e-08) 
( -1.249304e-07 2.127043e-07 -6.893022e-08) 
( -1.142287e-07 2.222249e-07 -6.707506e-08) 
( -1.100172e-07 2.291565e-07 -5.767990e-08) 
( -9.819225e-08 2.399502e-07 -5.629360e-08) 
( -9.186650e-08 2.476588e-07 -4.824846e-08) 
( -8.662805e-08 2.554244e-07 -4.812192e-08) 
( -7.616218e-08 2.643410e-07 -4.030655e-08) 
( -7.098207e-08 2.705396e-07 -3.601064e-08) 
( -6.607323e-08 2.773087e-07 -3.320882e-08) 
( -3.927310e-07 3.063386e-08 -1.868271e-07) 
( -3.526654e-07 7.480928e-08 -1.630910e-07) 
( -3.029477e-07 1.047770e-07 -1.361259e-07) 
( -2.656866e-07 1.202867e-07 -1.209118e-07) 
( -2.267542e-07 1.416093e-07 -1.000346e-07) 
( -1.946158e-07 1.569397e-07 -8.522377e-08) 
( -1.776310e-07 1.604584e-07 -7.559561e-08) 
( -1.584721e-07 1.695867e-07 -7.217202e-08) 
( -1.432578e-07 1.822455e-07 -6.184175e-08) 
( -1.347480e-07 1.918943e-07 -5.599016e-08) 
( -1.292652e-07 2.010147e-07 -5.338480e-08) 
( -1.178134e-07 2.145035e-07 -5.027898e-08) 
( -1.132750e-07 2.204476e-07 -4.626577e-08) 
( -1.035254e-07 2.303440e-07 -4.223345e-08) 
( -9.254191e-08 2.410103e-07 -3.885719e-08) 
( -9.168916e-08 2.472161e-07 -3.602278e-08) 
( -8.169231e-08 2.580364e-07 -3.377951e-08) 
( -7.215354e-08 2.661397e-07 -2.957716e-08) 
( -6.963490e-08 2.721481e-07 -2.644943e-08) 
( -3.986334e-07 2.326856e-08 -1.393060e-07) 
( -3.439812e-07 6.132808e-08 -1.165101e-07) 
( -2.919057e-07 1.005798e-07 -1.014003e-07) 
( -2.515105e-07 1.219332e-07 -8.280326e-08) 
( -2.257951e-07 1.292479e-07 -7.198743e-08) 
( -1.968832e-07 1.436911e-07 -6.505158e-08) 
( -1.717003e-07 1.567680e-07 -5.586563e-08) 
( -1.575956e-07 1.618409e-07 -4.999029e-08) 
( -1.469062e-07 1.688101e-07 -4.511931e-08) 
( -1.329430e-07 1.828869e-07 -4.242644e-08) 
( -1.254851e-07 1.925107e-07 -3.692145e-08) 
( -1.209865e-07 2.037893e-07 -3.638206e-08) 
( -1.109174e-07 2.163075e-07 -3.432941e-08) 
( -1.083893e-07 2.210705e-07 -3.196561e-08) 
( -9.771131e-08 2.332301e-07 -2.961457e-08) 
( -8.997643e-08 2.426148e-07 -2.734373e-08) 
( -8.700669e-08 2.512327e-07 -2.512799e-08) 
( -7.695769e-08 2.615606e-07 -2.039587e-08) 
( -6.962321e-08 2.694416e-07 -1.603357e-08) 
( -3.843875e-07 2.831269e-08 -7.166764e-08) 
( -3.509801e-07 5.967231e-08 -6.862220e-08) 
( -2.929995e-07 8.804762e-08 -6.141336e-08) 
( -2.467122e-07 1.126681e-07 -5.230298e-08) 
( -2.122867e-07 1.302700e-07 -4.602391e-08) 
( -1.957058e-07 1.318019e-07 -4.031965e-08) 
( -1.730370e-07 1.447476e-07 -3.534984e-08) 
( -1.526344e-07 1.559841e-07 -3.127012e-08) 
( -1.435541e-07 1.615602e-07 -2.926941e-08) 
( -1.354500e-07 1.712922e-07 -2.774423e-08) 
( -1.251209e-07 1.853699e-07 -2.365200e-08) 
( -1.226845e-07 1.945969e-07 -2.362820e-08) 
( -1.138843e-07 2.085485e-07 -2.117513e-08) 
( -1.086993e-07 2.166112e-07 -1.879891e-08) 
( -1.027100e-07 2.259370e-07 -1.632162e-08) 
( -9.261044e-08 2.380239e-07 -1.358715e-08) 
( -9.110716e-08 2.456574e-07 -1.080026e-08) 
( -8.260540e-08 2.570233e-07 -7.537516e-09) 
( -7.306510e-08 2.660550e-07 -6.318149e-09) 
( -3.748289e-07 2.733243e-08 -1.358408e-08) 
( -3.435602e-07 5.760637e-08 -1.252891e-08) 
( -2.925972e-07 8.194457e-08 -1.120136e-08) 
( -2.426494e-07 1.044498e-07 -1.005116e-08) 
( -2.105170e-07 1.229033e-07 -8.426056e-09) 
( -1.879409e-07 1.314769e-07 -8.494641e-09) 
( -1.733398e-07 1.358704e-07 -7.876971e-09) 
( -1.548495e-07 1.481788e-07 -7.046482e-09) 
( -1.389883e-07 1.591899e-07 -5.704572e-09) 
( -1.372871e-07 1.635843e-07 -4.425254e-09) 
( -1.275014e-07 1.787677e-07 -3.151133e-09) 
( -1.212039e-07 1.915820e-07 -3.564813e-09) 
( -1.181480e-07 2.014926e-07 -2.865241e-09) 
( -1.094170e-07 2.144793e-07 -3.141063e-09) 
( -1.060712e-07 2.218618e-07 -2.789262e-09) 
( -9.837221e-08 2.337497e-07 -2.154557e-09) 
( -9.047997e-08 2.440024e-07 -1.423663e-09) 
( -8.836893e-08 2.527965e-07 -7.252422e-10) 
( -7.837631e-08 2.633869e-07 1.932901e-11) 
( -3.731970e-07 2.787745e-08 3.044429e-08) 
( -3.394245e-07 5.900310e-08 2.751829e-08) 
( -2.922425e-07 8.216264e-08 2.220892e-08) 
( -2.425717e-07 1.045423e-07 1.756252e-08) 
( -2.107176e-07 1.227276e-07 1.534972e-08) 
( -1.876719e-07 1.315292e-07 1.330593e-08) 
( -1.734168e-07 1.357586e-07 1.212474e-08) 
( -1.550599e-07 1.481311e-07 1.086828e-08) 
( -1.395819e-07 1.596410e-07 9.761980e-09) 
( -1.380048e-07 1.643287e-07 9.329373e-09) 
( -1.283236e-07 1.800368e-07 8.676781e-09) 
( -1.222708e-07 1.933130e-07 8.594738e-09) 
( -1.192067e-07 2.030927e-07 8.124403e-09) 
( -1.104219e-07 2.164633e-07 7.683673e-09) 
( -1.072945e-07 2.237383e-07 7.332429e-09) 
( -9.934435e-08 2.361239e-07 6.906697e-09) 
( -9.132797e-08 2.462846e-07 6.497985e-09) 
( -8.899984e-08 2.546973e-07 6.127182e-09) 
( -7.880218e-08 2.650702e-07 5.699085e-09) 
( -3.836003e-07 2.757014e-08 7.992585e-08) 
( -3.411037e-07 6.320264e-08 6.664535e-08) 
( -2.871395e-07 8.766624e-08 5.306785e-08) 
( -2.440593e-07 1.109971e-07 4.369274e-08) 
( -2.102155e-07 1.281667e-07 4.062016e-08) 
( -1.920217e-07 1.314442e-07 3.334378e-08) 
( -1.707399e-07 1.427962e-07 2.890489e-08) 
( -1.524995e-07 1.549933e-07 2.566043e-08) 
( -1.428494e-07 1.636720e-07 2.371865e-08) 
( -1.374054e-07 1.736378e-07 2.246747e-08) 
( -1.273734e-07 1.898799e-07 2.275707e-08) 
( -1.261626e-07 1.994499e-07 2.004657e-08) 
( -1.167484e-07 2.138364e-07 1.846004e-08) 
( -1.120596e-07 2.222556e-07 1.721141e-08) 
( -1.056702e-07 2.327225e-07 1.591993e-08) 
( -9.529901e-08 2.453618e-07 1.462467e-08) 
( -9.360548e-08 2.524340e-07 1.354115e-08) 
( -8.451668e-08 2.634805e-07 1.225508e-08) 
( -7.497631e-08 2.714073e-07 1.092018e-08) 
( -3.965902e-07 2.356919e-08 1.298953e-07) 
( -3.478063e-07 5.967990e-08 1.103047e-07) 
( -2.926601e-07 9.915365e-08 8.956923e-08) 
( -2.477217e-07 1.236355e-07 7.253731e-08) 
( -2.203502e-07 1.308378e-07 7.276539e-08) 
( -1.951807e-07 1.426451e-07 5.974853e-08) 
( -1.717359e-07 1.554003e-07 4.914550e-08) 
( -1.559589e-07 1.652262e-07 4.396284e-08) 
( -1.496276e-07 1.712755e-07 4.098046e-08) 
( -1.374965e-07 1.876745e-07 3.712653e-08) 
( -1.297275e-07 2.002977e-07 4.150153e-08) 
( -1.256726e-07 2.131050e-07 3.307965e-08) 
( -1.161222e-07 2.259802e-07 2.997860e-08) 
( -1.132275e-07 2.319852e-07 2.765435e-08) 
( -1.024607e-07 2.453413e-07 2.531086e-08) 
( -9.437083e-08 2.544938e-07 2.300310e-08) 
( -9.065153e-08 2.623434e-07 2.098265e-08) 
( -7.955531e-08 2.714766e-07 1.856272e-08) 
( -7.401136e-08 2.761615e-07 1.619983e-08) 
( -4.049391e-07 3.124634e-08 1.875517e-07) 
( -3.544772e-07 7.986602e-08 1.615137e-07) 
( -3.154481e-07 1.035860e-07 1.383821e-07) 
( -2.707848e-07 1.218907e-07 1.177578e-07) 
( -2.318263e-07 1.417517e-07 1.067882e-07) 
( -1.991337e-07 1.558063e-07 9.645539e-08) 
( -1.781081e-07 1.664751e-07 8.201940e-08) 
( -1.656416e-07 1.747912e-07 7.120872e-08) 
( -1.500633e-07 1.893948e-07 6.607453e-08) 
( -1.409236e-07 2.004332e-07 6.652957e-08) 
( -1.355983e-07 2.126989e-07 6.269756e-08) 
( -1.241823e-07 2.290159e-07 5.212526e-08) 
( -1.209412e-07 2.353122e-07 4.501919e-08) 
( -1.101461e-07 2.465528e-07 3.896666e-08) 
( -9.837603e-08 2.574447e-07 3.533106e-08) 
( -9.723819e-08 2.626986e-07 3.234377e-08) 
( -8.587204e-08 2.725701e-07 2.877557e-08) 
( -7.862101e-08 2.779665e-07 2.527882e-08) 
( -7.277771e-08 2.816706e-07 2.196019e-08) 
( -4.255595e-07 2.645293e-08 2.585999e-07) 
( -3.759202e-07 7.299168e-08 2.223833e-07) 
( -3.217762e-07 1.150547e-07 1.868836e-07) 
( -2.734008e-07 1.445614e-07 1.629771e-07) 
( -2.367934e-07 1.602442e-07 1.451612e-07) 
( -2.104847e-07 1.666900e-07 1.300182e-07) 
( -1.872048e-07 1.797735e-07 1.139390e-07) 
( -1.659296e-07 1.935660e-07 1.010948e-07) 
( -1.534000e-07 2.041646e-07 9.398872e-08) 
( -1.467104e-07 2.137821e-07 8.863898e-08) 
( -1.339920e-07 2.300304e-07 8.336174e-08) 
( -1.252451e-07 2.436147e-07 6.792456e-08) 
( -1.187509e-07 2.497023e-07 7.019935e-08) 
( -1.067875e-07 2.611605e-07 6.128619e-08) 
( -1.012322e-07 2.668693e-07 5.287674e-08) 
( -9.268802e-08 2.751853e-07 4.361057e-08) 
( -8.180481e-08 2.819230e-07 3.700909e-08) 
( -7.819223e-08 2.840553e-07 3.233538e-08) 
( -6.724963e-08 2.870388e-07 2.769517e-08) 
( -4.248738e-07 2.891365e-08 3.184886e-07) 
( -3.801165e-07 7.883485e-08 2.825973e-07) 
( -3.327479e-07 1.159768e-07 2.497896e-07) 
( -2.884102e-07 1.446085e-07 2.159521e-07) 
( -2.427027e-07 1.700037e-07 1.849656e-07) 
( -2.112050e-07 1.879322e-07 1.543903e-07) 
( -1.861385e-07 1.987271e-07 1.414096e-07) 
( -1.701424e-07 2.070426e-07 1.274683e-07) 
( -1.592802e-07 2.169416e-07 1.149748e-07) 
( -1.449049e-07 2.333781e-07 1.032039e-07) 
( -1.385445e-07 2.425911e-07 9.882486e-08) 
( -1.268267e-07 2.537525e-07 9.525621e-08) 
( -1.147476e-07 2.655862e-07 8.482053e-08) 
( -1.087194e-07 2.706300e-07 7.990214e-08) 
( -1.000397e-07 2.786751e-07 6.819006e-08) 
( -8.729273e-08 2.869280e-07 5.794324e-08) 
( -8.296179e-08 2.885015e-07 5.025787e-08) 
( -7.359566e-08 2.908866e-07 3.957129e-08) 
( -6.149173e-08 2.917976e-07 3.422991e-08) 
( -4.095548e-07 2.631735e-08 3.782483e-07) 
( -3.692609e-07 8.042818e-08 3.379413e-07) 
( -3.156922e-07 1.242873e-07 2.895585e-07) 
( -2.802290e-07 1.501239e-07 2.594028e-07) 
( -2.456169e-07 1.721051e-07 2.194270e-07) 
( -2.146456e-07 1.894986e-07 1.954275e-07) 
( -1.885177e-07 2.043958e-07 1.737581e-07) 
( -1.696375e-07 2.172090e-07 1.529336e-07) 
( -1.528999e-07 2.315095e-07 1.411951e-07) 
( -1.448656e-07 2.428461e-07 1.293356e-07) 
( -1.349404e-07 2.546535e-07 1.211095e-07) 
( -1.212421e-07 2.682956e-07 1.105644e-07) 
( -1.143533e-07 2.755556e-07 1.023346e-07) 
( -1.062201e-07 2.818647e-07 9.400987e-08) 
( -9.335117e-08 2.916564e-07 8.021371e-08) 
( -8.578773e-08 2.943507e-07 7.544667e-08) 
( -7.962997e-08 2.948438e-07 6.855556e-08) 
( -6.730807e-08 2.967071e-07 5.088932e-08) 
( -5.515813e-08 2.943628e-07 3.919401e-08) 
( -3.817714e-07 2.684922e-08 4.211885e-07) 
( -3.382071e-07 8.682909e-08 3.716053e-07) 
( -2.907776e-07 1.223878e-07 3.291363e-07) 
( -2.543126e-07 1.565393e-07 2.784533e-07) 
( -2.233253e-07 1.797875e-07 2.459379e-07) 
( -1.982591e-07 1.982282e-07 2.188410e-07) 
( -1.773490e-07 2.089409e-07 1.983170e-07) 
( -1.583135e-07 2.271700e-07 1.721860e-07) 
( -1.509470e-07 2.341981e-07 1.621622e-07) 
( -1.397855e-07 2.489419e-07 1.513096e-07) 
( -1.254815e-07 2.648742e-07 1.418137e-07) 
( -1.151135e-07 2.773387e-07 1.285001e-07) 
( -1.119066e-07 2.847652e-07 1.165709e-07) 
( -9.929480e-08 2.927888e-07 1.069729e-07) 
( -8.747323e-08 3.000085e-07 9.818661e-08) 
( -8.555120e-08 3.004817e-07 8.845120e-08) 
( -7.387565e-08 3.018476e-07 7.562099e-08) 
( -5.994446e-08 3.006613e-07 6.312955e-08) 
( -5.413272e-08 2.967150e-07 5.066168e-08) 
( -3.283084e-07 3.523091e-08 4.228458e-07) 
( -2.895999e-07 7.422658e-08 3.772007e-07) 
( -2.593775e-07 1.121285e-07 3.349977e-07) 
( -2.298460e-07 1.458318e-07 2.942858e-07) 
( -1.986248e-07 1.696108e-07 2.616311e-07) 
( -1.826874e-07 1.897723e-07 2.345963e-07) 
( -1.637733e-07 2.055414e-07 2.160757e-07) 
( -1.512865e-07 2.223375e-07 1.930557e-07) 
( -1.385553e-07 2.354556e-07 1.813235e-07) 
( -1.259566e-07 2.533693e-07 1.668631e-07) 
( -1.214520e-07 2.652905e-07 1.565912e-07) 
( -1.156641e-07 2.789357e-07 1.413929e-07) 
( -1.013784e-07 2.902138e-07 1.344059e-07) 
( -9.116976e-08 3.014658e-07 1.159131e-07) 
( -8.829118e-08 3.034676e-07 1.122415e-07) 
( -7.884820e-08 3.065570e-07 9.846566e-08) 
( -6.767296e-08 3.079816e-07 8.549250e-08) 
( -5.690093e-08 3.052820e-07 7.442615e-08) 
( -5.309947e-08 2.993644e-07 6.311558e-08) 
( -2.776958e-07 2.819460e-08 4.269581e-07) 
( -2.472848e-07 7.300838e-08 3.851530e-07) 
( -2.102394e-07 1.041258e-07 3.288836e-07) 
( -1.891221e-07 1.285819e-07 2.966824e-07) 
( -1.664782e-07 1.526018e-07 2.608621e-07) 
( -1.508943e-07 1.794984e-07 2.351562e-07) 
( -1.373706e-07 1.952403e-07 2.209987e-07) 
( -1.309408e-07 2.184614e-07 2.010056e-07) 
( -1.211685e-07 2.345143e-07 1.878497e-07) 
( -1.114983e-07 2.495437e-07 1.807318e-07) 
( -1.088165e-07 2.620847e-07 1.715746e-07) 
( -1.038091e-07 2.787682e-07 1.540518e-07) 
( -8.957453e-08 2.920917e-07 1.440424e-07) 
( -8.494967e-08 3.018320e-07 1.286442e-07) 
( -7.974265e-08 3.055341e-07 1.236909e-07) 
( -7.164273e-08 3.103436e-07 1.087100e-07) 
( -6.137867e-08 3.145128e-07 9.088403e-08) 
( -5.505438e-08 3.093662e-07 8.473429e-08) 
( -4.888506e-08 3.046612e-07 7.306385e-08) 
( -2.353163e-07 2.523516e-08 4.228817e-07) 
( -2.057995e-07 6.508422e-08 3.767759e-07) 
( -1.764389e-07 9.136878e-08 3.214018e-07) 
( -1.554067e-07 1.201108e-07 2.877480e-07) 
( -1.390720e-07 1.463360e-07 2.533381e-07) 
( -1.276963e-07 1.627377e-07 2.362145e-07) 
( -1.209583e-07 1.797682e-07 2.188632e-07) 
( -1.109449e-07 2.024583e-07 2.063903e-07) 
( -1.029772e-07 2.202784e-07 1.980879e-07) 
( -1.057068e-07 2.406845e-07 1.848818e-07) 
( -9.862218e-08 2.577508e-07 1.760446e-07) 
( -9.202698e-08 2.761958e-07 1.606434e-07) 
( -8.163308e-08 2.875715e-07 1.552656e-07) 
( -7.615118e-08 2.983510e-07 1.411140e-07) 
( -7.174430e-08 3.051689e-07 1.327463e-07) 
( -6.419711e-08 3.120130e-07 1.171231e-07) 
( -5.462858e-08 3.177761e-07 9.897016e-08) 
( -5.319903e-08 3.130631e-07 9.495138e-08) 
( -4.548854e-08 3.091586e-07 8.028509e-08) 
( -2.044507e-07 2.434658e-08 4.412905e-07) 
( -1.805509e-07 6.058381e-08 3.814042e-07) 
( -1.508288e-07 8.749384e-08 3.260556e-07) 
( -1.285020e-07 1.129173e-07 2.864728e-07) 
( -1.161772e-07 1.290688e-07 2.602130e-07) 
( -1.059739e-07 1.508691e-07 2.393392e-07) 
( -1.026361e-07 1.713754e-07 2.201188e-07) 
( -9.737698e-08 1.846486e-07 2.144831e-07) 
( -9.060892e-08 2.062947e-07 2.037653e-07) 
( -8.843494e-08 2.260838e-07 1.951097e-07) 
( -8.402621e-08 2.470399e-07 1.843641e-07) 
( -7.627393e-08 2.621438e-07 1.792190e-07) 
( -7.171478e-08 2.805503e-07 1.635956e-07) 
( -7.029128e-08 2.936464e-07 1.485859e-07) 
( -6.234893e-08 3.019459e-07 1.431428e-07) 
( -5.642520e-08 3.120918e-07 1.251338e-07) 
( -4.967047e-08 3.179183e-07 1.069102e-07) 
( -4.733325e-08 3.162080e-07 9.901131e-08) 
( -4.063711e-08 3.129312e-07 8.812096e-08) 
( -1.739805e-07 2.684424e-08 4.270365e-07) 
( -1.552106e-07 6.479913e-08 3.843229e-07) 
( -1.353123e-07 8.737353e-08 3.364388e-07) 
( -1.128938e-07 1.112458e-07 2.914072e-07) 
( -1.011301e-07 1.318603e-07 2.662185e-07) 
( -9.261405e-08 1.484169e-07 2.448116e-07) 
( -8.734337e-08 1.638111e-07 2.311955e-07) 
( -8.133529e-08 1.851685e-07 2.178195e-07) 
( -7.530655e-08 2.046867e-07 2.070503e-07) 
( -7.572609e-08 2.233499e-07 1.984179e-07) 
( -7.293615e-08 2.420848e-07 1.909772e-07) 
( -6.704350e-08 2.605390e-07 1.822707e-07) 
( -6.221416e-08 2.768354e-07 1.718574e-07) 
( -5.533386e-08 2.926653e-07 1.536132e-07) 
( -5.584681e-08 2.972640e-07 1.517681e-07) 
( -4.858694e-08 3.108578e-07 1.321615e-07) 
( -4.206076e-08 3.177336e-07 1.149681e-07) 
( -4.021481e-08 3.170557e-07 1.099083e-07) 
( -3.572166e-08 3.163362e-07 9.576051e-08) 
( -1.397844e-07 1.997422e-08 4.438332e-07) 
( -1.220383e-07 5.989191e-08 3.958348e-07) 
( -1.131143e-07 8.747041e-08 3.567161e-07) 
( -1.014054e-07 1.098383e-07 3.153224e-07) 
( -8.615220e-08 1.249210e-07 2.837418e-07) 
( -7.863111e-08 1.445261e-07 2.635184e-07) 
( -7.448019e-08 1.650175e-07 2.448319e-07) 
( -6.733976e-08 1.817922e-07 2.329521e-07) 
( -6.677273e-08 2.047239e-07 2.173414e-07) 
( -6.134068e-08 2.221123e-07 2.112983e-07) 
( -5.701055e-08 2.406893e-07 2.021886e-07) 
( -5.813930e-08 2.557202e-07 1.953136e-07) 
( -5.525253e-08 2.738753e-07 1.812470e-07) 
( -5.056248e-08 2.897572e-07 1.643085e-07) 
( -4.779593e-08 2.984444e-07 1.574994e-07) 
( -4.199744e-08 3.093870e-07 1.426245e-07) 
( -3.824942e-08 3.171097e-07 1.261221e-07) 
( -3.096576e-08 3.205574e-07 1.129706e-07) 
( -3.082830e-08 3.190535e-07 1.045657e-07) 
( -1.164145e-07 2.152971e-08 4.739552e-07) 
( -1.041672e-07 6.029218e-08 4.228345e-07) 
( -9.473178e-08 8.819201e-08 3.812632e-07) 
( -8.520912e-08 1.118259e-07 3.384449e-07) 
( -7.740933e-08 1.336041e-07 3.051639e-07) 
( -7.114632e-08 1.498591e-07 2.822640e-07) 
( -6.484028e-08 1.670751e-07 2.666129e-07) 
( -6.111754e-08 1.845092e-07 2.489948e-07) 
( -5.682883e-08 2.042860e-07 2.375198e-07) 
( -5.280122e-08 2.217417e-07 2.293998e-07) 
( -4.885272e-08 2.471654e-07 2.128139e-07) 
( -4.902631e-08 2.608057e-07 2.052999e-07) 
( -4.650943e-08 2.755442e-07 1.926029e-07) 
( -3.900393e-08 2.873572e-07 1.824645e-07) 
( -3.529697e-08 2.979531e-07 1.699941e-07) 
( -3.455748e-08 3.101584e-07 1.523151e-07) 
( -3.177270e-08 3.187721e-07 1.336059e-07) 
( -2.927173e-08 3.204416e-07 1.272941e-07) 
( -2.610194e-08 3.226698e-07 1.132034e-07) 
( -1.002709e-07 2.152393e-08 5.144878e-07) 
( -8.964995e-08 5.626019e-08 4.675493e-07) 
( -7.602627e-08 8.705160e-08 4.181105e-07) 
( -6.919019e-08 1.145145e-07 3.756153e-07) 
( -6.268880e-08 1.344157e-07 3.377158e-07) 
( -5.973320e-08 1.585248e-07 3.093536e-07) 
( -5.550807e-08 1.747077e-07 2.897045e-07) 
( -5.183608e-08 1.956822e-07 2.704306e-07) 
( -4.698369e-08 2.130917e-07 2.581102e-07) 
( -4.521896e-08 2.290523e-07 2.469572e-07) 
( -4.178673e-08 2.526751e-07 2.287454e-07) 
( -3.715975e-08 2.618764e-07 2.271429e-07) 
( -3.889309e-08 2.809634e-07 2.074664e-07) 
( -3.229819e-08 2.951650e-07 1.912947e-07) 
( -2.781538e-08 3.008283e-07 1.828127e-07) 
( -2.587361e-08 3.129380e-07 1.630893e-07) 
( -2.533021e-08 3.220720e-07 1.433904e-07) 
( -2.208296e-08 3.227304e-07 1.374086e-07) 
( -2.020768e-08 3.260156e-07 1.225788e-07) 
( -8.003213e-08 2.759546e-08 5.359133e-07) 
( -7.190941e-08 6.431067e-08 5.046836e-07) 
( -6.215095e-08 9.542473e-08 4.565173e-07) 
( -5.274099e-08 1.209216e-07 4.116909e-07) 
( -4.881339e-08 1.432752e-07 3.792317e-07) 
( -4.571147e-08 1.610016e-07 3.510151e-07) 
( -4.109808e-08 1.845508e-07 3.249500e-07) 
( -4.057071e-08 2.089931e-07 2.980436e-07) 
( -3.703665e-08 2.212760e-07 2.860714e-07) 
( -3.248654e-08 2.403173e-07 2.701253e-07) 
( -3.093040e-08 2.596145e-07 2.542668e-07) 
( -2.882607e-08 2.739780e-07 2.432446e-07) 
( -2.843659e-08 2.892079e-07 2.253896e-07) 
( -2.695716e-08 3.011156e-07 2.075660e-07) 
( -2.192662e-08 3.058951e-07 1.980969e-07) 
( -2.009465e-08 3.164969e-07 1.771871e-07) 
( -1.775598e-08 3.265316e-07 1.549475e-07) 
( -1.168833e-08 3.293929e-07 1.451101e-07) 
( -1.179990e-08 3.319601e-07 1.314304e-07) 
( -5.508373e-08 2.449921e-08 5.935508e-07) 
( -4.528326e-08 6.614410e-08 5.474399e-07) 
( -3.999761e-08 9.991261e-08 5.093260e-07) 
( -3.560017e-08 1.289476e-07 4.589654e-07) 
( -3.145799e-08 1.528474e-07 4.277255e-07) 
( -2.769196e-08 1.733144e-07 3.969910e-07) 
( -2.831547e-08 1.990814e-07 3.622572e-07) 
( -2.708885e-08 2.184680e-07 3.382946e-07) 
( -2.349235e-08 2.322064e-07 3.218015e-07) 
( -2.398141e-08 2.524117e-07 2.995521e-07) 
( -2.071799e-08 2.729400e-07 2.792892e-07) 
( -1.432224e-08 2.842972e-07 2.686474e-07) 
( -1.490027e-08 3.008494e-07 2.475863e-07) 
( -1.782531e-08 3.139833e-07 2.222964e-07) 
( -1.170773e-08 3.146032e-07 2.158958e-07) 
( -1.020911e-08 3.239576e-07 1.930986e-07) 
( -9.193992e-09 3.331088e-07 1.706689e-07) 
( -9.077047e-09 3.359959e-07 1.556537e-07) 
( -9.099812e-09 3.368041e-07 1.435767e-07) 
( -2.187874e-08 3.350152e-08 6.485084e-07) 
( -1.679002e-08 7.117369e-08 6.073187e-07) 
( -1.596614e-08 1.121694e-07 5.652461e-07) 
( -1.505183e-08 1.413299e-07 5.204204e-07) 
( -1.261944e-08 1.702692e-07 4.778198e-07) 
( -1.064313e-08 1.920261e-07 4.454753e-07) 
( -1.072470e-08 2.131694e-07 4.124391e-07) 
( -1.084138e-08 2.404273e-07 3.765501e-07) 
( -9.607954e-09 2.520792e-07 3.577728e-07) 
( -7.341555e-09 2.682460e-07 3.351892e-07) 
( -7.743472e-09 2.936936e-07 3.054915e-07) 
( -8.093949e-09 2.996207e-07 2.933509e-07) 
( -8.428817e-09 3.120524e-07 2.719069e-07) 
( -8.812321e-09 3.259239e-07 2.433880e-07) 
( -8.550958e-09 3.271526e-07 2.280398e-07) 
( -8.936355e-09 3.306225e-07 2.091983e-07) 
( -8.806105e-09 3.389637e-07 1.851259e-07) 
( -9.230677e-09 3.415737e-07 1.672841e-07) 
( -7.612903e-09 3.411201e-07 1.563192e-07) 
( 9.489864e-07 6.893513e-08 5.418131e-08) 
( 8.780437e-07 1.499186e-07 5.292200e-08) 
( 7.940419e-07 2.585626e-07 5.129389e-08) 
( 7.424651e-07 3.169195e-07 5.350050e-08) 
( 6.835022e-07 3.909585e-07 5.229356e-08) 
( 6.387739e-07 4.358448e-07 5.176405e-08) 
( 5.991783e-07 4.693916e-07 5.106728e-08) 
( 5.358068e-07 5.174970e-07 4.915238e-08) 
( 4.965566e-07 5.338689e-07 4.548354e-08) 
( 4.367697e-07 5.554326e-07 3.878832e-08) 
( 4.088125e-07 5.528810e-07 3.518823e-08) 
( 3.541368e-07 5.595315e-07 3.014386e-08) 
( 3.226167e-07 5.520201e-07 2.686403e-08) 
( 2.808938e-07 5.467827e-07 2.326678e-08) 
( 2.552997e-07 5.331166e-07 2.085363e-08) 
( 2.144153e-07 5.194817e-07 1.751496e-08) 
( 1.954830e-07 5.024965e-07 1.529985e-08) 
( 1.638090e-07 4.881114e-07 1.332236e-08) 
( 1.368747e-07 4.696481e-07 1.133121e-08) 
( 9.459304e-07 6.702303e-08 1.955646e-07) 
( 8.679107e-07 1.700560e-07 1.589059e-07) 
( 8.102057e-07 2.522993e-07 1.391832e-07) 
( 7.390169e-07 3.249580e-07 1.221513e-07) 
( 6.929463e-07 3.787657e-07 1.158427e-07) 
( 6.297556e-07 4.468610e-07 1.067702e-07) 
( 5.813120e-07 4.875294e-07 1.046808e-07) 
( 5.267616e-07 5.263925e-07 1.014606e-07) 
( 4.871493e-07 5.424541e-07 9.519993e-08) 
( 4.352142e-07 5.568076e-07 9.073662e-08) 
( 3.828000e-07 5.651469e-07 7.889559e-08) 
( 3.530156e-07 5.575078e-07 6.876428e-08) 
( 2.983954e-07 5.571635e-07 5.778390e-08) 
( 2.786794e-07 5.422838e-07 5.037048e-08) 
( 2.344091e-07 5.301740e-07 4.195174e-08) 
( 2.089432e-07 5.123571e-07 3.546555e-08) 
( 1.808850e-07 4.972284e-07 2.993588e-08) 
( 1.475594e-07 4.797943e-07 2.468149e-08) 
( 1.339418e-07 4.596250e-07 2.031547e-08) 
( 9.505262e-07 5.924505e-08 3.205183e-07) 
( 8.682853e-07 1.741510e-07 2.927440e-07) 
( 8.001712e-07 2.537051e-07 2.685847e-07) 
( 7.350293e-07 3.257757e-07 2.325941e-07) 
( 6.675702e-07 4.086201e-07 2.024979e-07) 
( 6.217074e-07 4.528593e-07 1.898854e-07) 
( 5.687427e-07 5.019971e-07 1.657457e-07) 
( 5.155027e-07 5.370892e-07 1.496793e-07) 
( 4.736476e-07 5.516936e-07 1.438394e-07) 
( 4.279013e-07 5.597719e-07 1.345674e-07) 
( 3.690352e-07 5.679792e-07 1.237449e-07) 
( 3.305768e-07 5.625586e-07 1.058206e-07) 
( 2.883007e-07 5.557365e-07 8.961947e-08) 
( 2.581705e-07 5.411235e-07 7.575947e-08) 
( 2.179770e-07 5.261869e-07 6.230379e-08) 
( 1.991231e-07 5.079805e-07 5.372142e-08) 
( 1.624230e-07 4.919756e-07 4.374457e-08) 
( 1.385436e-07 4.712509e-07 3.558245e-08) 
( 1.274505e-07 4.501295e-07 2.909630e-08) 
( 9.064454e-07 6.317267e-08 4.197863e-07) 
( 8.362227e-07 1.741196e-07 4.011911e-07) 
( 7.854912e-07 2.543716e-07 3.584896e-07) 
( 7.198504e-07 3.301174e-07 3.201139e-07) 
( 6.535509e-07 4.062267e-07 3.050460e-07) 
( 5.933861e-07 4.700395e-07 2.718021e-07) 
( 5.546594e-07 5.028612e-07 2.403555e-07) 
( 5.085649e-07 5.327178e-07 2.082630e-07) 
( 4.463014e-07 5.602557e-07 1.860216e-07) 
( 3.977255e-07 5.678037e-07 1.772267e-07) 
( 3.601052e-07 5.625119e-07 1.662380e-07) 
( 3.075554e-07 5.633491e-07 1.429144e-07) 
( 2.821078e-07 5.510726e-07 1.215129e-07) 
( 2.353302e-07 5.392838e-07 9.896365e-08) 
( 2.138357e-07 5.208275e-07 8.422584e-08) 
( 1.808289e-07 5.046502e-07 7.287480e-08) 
( 1.493570e-07 4.845530e-07 5.713307e-08) 
( 1.355062e-07 4.624368e-07 4.605075e-08) 
( 1.153163e-07 4.424425e-07 3.708057e-08) 
( 8.625448e-07 6.173986e-08 5.128461e-07) 
( 8.092153e-07 1.659040e-07 4.798614e-07) 
( 7.477534e-07 2.603443e-07 4.492518e-07) 
( 6.816203e-07 3.491359e-07 3.990633e-07) 
( 6.289140e-07 4.137995e-07 3.656899e-07) 
( 5.747664e-07 4.593867e-07 3.480493e-07) 
( 5.103251e-07 5.157504e-07 3.071824e-07) 
( 4.625697e-07 5.453085e-07 2.657240e-07) 
( 4.225518e-07 5.579253e-07 2.326149e-07) 
( 3.847274e-07 5.597338e-07 2.166549e-07) 
( 3.303518e-07 5.628652e-07 1.974619e-07) 
( 2.936591e-07 5.594707e-07 1.656319e-07) 
( 2.540457e-07 5.490094e-07 1.461601e-07) 
( 2.168553e-07 5.350348e-07 1.204389e-07) 
( 1.945721e-07 5.171050e-07 1.022198e-07) 
( 1.620237e-07 4.991988e-07 8.661596e-08) 
( 1.435659e-07 4.768870e-07 6.914505e-08) 
( 1.265508e-07 4.555335e-07 5.641745e-08) 
( 1.041474e-07 4.346598e-07 4.446065e-08) 
( 8.008166e-07 5.340135e-08 6.007145e-07) 
( 7.567358e-07 1.634218e-07 5.611992e-07) 
( 6.844320e-07 2.770455e-07 5.137199e-07) 
( 6.419224e-07 3.231965e-07 4.937299e-07) 
( 5.877874e-07 4.080741e-07 4.419266e-07) 
( 5.407265e-07 4.588233e-07 4.008054e-07) 
( 4.837145e-07 4.989694e-07 3.689980e-07) 
( 4.415994e-07 5.265701e-07 3.256147e-07) 
( 3.917518e-07 5.489428e-07 2.837120e-07) 
( 3.491864e-07 5.548183e-07 2.566172e-07) 
( 3.052975e-07 5.550480e-07 2.293648e-07) 
( 2.729368e-07 5.523735e-07 1.932195e-07) 
( 2.287288e-07 5.425645e-07 1.688459e-07) 
( 2.138576e-07 5.258964e-07 1.424073e-07) 
( 1.828637e-07 5.106230e-07 1.197968e-07) 
( 1.582632e-07 4.922499e-07 1.019721e-07) 
( 1.373902e-07 4.708990e-07 8.134757e-08) 
( 1.137095e-07 4.489446e-07 6.495564e-08) 
( 9.351640e-08 4.278422e-07 5.171505e-08) 
( 7.427584e-07 4.954997e-08 6.837884e-07) 
( 6.934391e-07 1.495234e-07 6.461902e-07) 
( 6.429366e-07 2.453796e-07 5.954622e-07) 
( 5.954161e-07 3.349371e-07 5.336582e-07) 
( 5.390734e-07 4.089735e-07 4.892404e-07) 
( 4.856594e-07 4.629431e-07 4.467743e-07) 
( 4.476249e-07 4.963789e-07 4.008341e-07) 
( 3.947543e-07 5.221068e-07 3.642969e-07) 
( 3.591002e-07 5.390781e-07 3.160622e-07) 
( 3.130472e-07 5.453121e-07 2.884932e-07) 
( 2.877576e-07 5.411932e-07 2.600191e-07) 
( 2.470313e-07 5.431929e-07 2.185041e-07) 
( 2.265935e-07 5.295858e-07 1.974563e-07) 
( 1.965364e-07 5.193749e-07 1.603371e-07) 
( 1.630529e-07 5.052520e-07 1.410825e-07) 
( 1.471384e-07 4.874584e-07 1.158558e-07) 
( 1.239547e-07 4.659755e-07 9.281890e-08) 
( 1.023818e-07 4.434448e-07 7.396910e-08) 
( 8.390505e-08 4.212042e-07 5.861204e-08) 
( 6.570319e-07 5.834982e-08 7.211622e-07) 
( 6.260100e-07 1.596826e-07 6.888168e-07) 
( 5.775894e-07 2.374197e-07 6.429046e-07) 
( 5.332802e-07 3.187140e-07 5.897847e-07) 
( 4.898306e-07 3.934886e-07 5.325747e-07) 
( 4.482931e-07 4.452426e-07 4.823712e-07) 
( 4.044333e-07 4.792768e-07 4.413268e-07) 
( 3.626543e-07 5.096869e-07 3.904840e-07) 
( 3.294776e-07 5.199535e-07 3.530339e-07) 
( 2.967717e-07 5.262604e-07 3.200474e-07) 
( 2.553795e-07 5.332359e-07 2.795666e-07) 
( 2.271325e-07 5.287083e-07 2.493433e-07) 
( 2.015686e-07 5.223356e-07 2.151396e-07) 
( 1.750214e-07 5.126255e-07 1.756901e-07) 
( 1.453940e-07 4.981604e-07 1.635703e-07) 
( 1.333611e-07 4.833345e-07 1.306363e-07) 
( 1.106651e-07 4.612917e-07 1.034447e-07) 
( 9.144552e-08 4.380481e-07 8.269283e-08) 
( 7.483457e-08 4.158403e-07 6.579219e-08) 
( 5.902068e-07 5.584764e-08 7.671038e-07) 
( 5.499582e-07 1.430617e-07 7.264206e-07) 
( 5.108094e-07 2.320098e-07 6.729673e-07) 
( 4.751333e-07 3.211889e-07 6.131410e-07) 
( 4.293152e-07 3.782700e-07 5.705744e-07) 
( 3.946261e-07 4.196317e-07 5.294176e-07) 
( 3.668787e-07 4.618470e-07 4.692934e-07) 
( 3.281764e-07 4.860571e-07 4.274499e-07) 
( 2.968812e-07 5.003376e-07 3.881982e-07) 
( 2.605082e-07 5.128395e-07 3.432559e-07) 
( 2.348315e-07 5.142008e-07 3.072310e-07) 
( 2.116470e-07 5.178124e-07 2.576627e-07) 
( 1.761829e-07 5.120127e-07 2.320781e-07) 
( 1.540500e-07 5.039082e-07 1.904198e-07) 
( 1.341571e-07 4.892389e-07 1.716157e-07) 
( 1.177213e-07 4.756071e-07 1.476950e-07) 
( 9.781614e-08 4.558207e-07 1.160459e-07) 
( 8.069070e-08 4.325461e-07 9.133102e-08) 
( 6.606025e-08 4.102705e-07 7.242487e-08) 
( 5.214954e-07 5.224956e-08 7.919617e-07) 
( 5.002041e-07 1.403294e-07 7.461410e-07) 
( 4.566878e-07 2.248809e-07 6.999906e-07) 
( 4.093387e-07 2.979975e-07 6.506014e-07) 
( 3.800619e-07 3.611679e-07 5.957155e-07) 
( 3.440806e-07 4.076361e-07 5.475065e-07) 
( 3.240971e-07 4.419113e-07 4.959110e-07) 
( 2.969130e-07 4.629389e-07 4.530159e-07) 
( 2.637156e-07 4.846029e-07 4.049794e-07) 
( 2.278571e-07 5.016926e-07 3.549853e-07) 
( 2.067350e-07 4.958854e-07 3.329830e-07) 
( 1.838108e-07 5.027321e-07 2.820991e-07) 
( 1.593165e-07 4.971285e-07 2.490866e-07) 
( 1.351565e-07 4.918009e-07 2.077876e-07) 
( 1.153031e-07 4.774378e-07 1.874373e-07) 
( 9.992292e-08 4.647691e-07 1.598624e-07) 
( 8.464658e-08 4.482925e-07 1.279543e-07) 
( 7.063648e-08 4.272183e-07 1.017480e-07) 
( 5.804020e-08 4.059957e-07 8.060175e-08) 
( 4.447791e-07 5.455670e-08 8.009454e-07) 
( 4.161426e-07 1.361339e-07 7.593702e-07) 
( 3.901394e-07 2.161717e-07 7.115208e-07) 
( 3.564578e-07 2.788999e-07 6.645440e-07) 
( 3.316894e-07 3.418581e-07 6.129755e-07) 
( 3.072558e-07 3.815184e-07 5.675940e-07) 
( 2.821365e-07 4.313257e-07 5.049961e-07) 
( 2.529251e-07 4.473155e-07 4.703306e-07) 
( 2.233218e-07 4.724305e-07 4.168647e-07) 
( 2.065805e-07 4.758203e-07 3.829764e-07) 
( 1.844577e-07 4.824504e-07 3.419491e-07) 
( 1.613283e-07 4.900654e-07 2.883760e-07) 
( 1.448831e-07 4.802711e-07 2.663831e-07) 
( 1.305777e-07 4.767275e-07 2.251762e-07) 
( 1.075637e-07 4.655566e-07 1.984620e-07) 
( 8.729923e-08 4.530003e-07 1.720243e-07) 
( 7.293478e-08 4.389526e-07 1.406259e-07) 
( 6.279007e-08 4.218910e-07 1.122775e-07) 
( 5.052427e-08 4.014012e-07 9.127642e-08) 
( 3.738624e-07 4.059565e-08 8.155327e-07) 
( 3.493371e-07 1.187562e-07 7.745194e-07) 
( 3.263084e-07 1.894134e-07 7.290767e-07) 
( 3.146320e-07 2.721277e-07 6.689108e-07) 
( 2.866345e-07 3.199876e-07 6.240404e-07) 
( 2.651102e-07 3.653061e-07 5.769188e-07) 
( 2.357037e-07 4.007162e-07 5.308356e-07) 
( 2.088730e-07 4.238252e-07 4.898198e-07) 
( 1.985805e-07 4.481635e-07 4.364826e-07) 
( 1.768555e-07 4.623579e-07 3.905661e-07) 
( 1.573492e-07 4.700253e-07 3.496201e-07) 
( 1.367599e-07 4.744277e-07 3.055960e-07) 
( 1.212603e-07 4.646647e-07 2.797347e-07) 
( 1.111364e-07 4.635316e-07 2.343009e-07) 
( 9.890575e-08 4.527356e-07 2.093192e-07) 
( 8.444362e-08 4.403232e-07 1.841902e-07) 
( 6.980895e-08 4.286905e-07 1.529627e-07) 
( 6.152962e-08 4.154872e-07 1.245853e-07) 
( 4.539431e-08 3.972896e-07 1.019356e-07) 
( 3.230881e-07 3.893538e-08 8.123510e-07) 
( 3.047429e-07 1.134181e-07 7.739090e-07) 
( 2.803271e-07 1.887254e-07 7.256549e-07) 
( 2.632671e-07 2.559947e-07 6.763136e-07) 
( 2.385021e-07 3.050680e-07 6.328212e-07) 
( 2.204008e-07 3.432180e-07 5.886788e-07) 
( 1.985204e-07 3.837873e-07 5.377503e-07) 
( 1.916473e-07 4.123343e-07 4.885568e-07) 
( 1.685127e-07 4.315351e-07 4.451933e-07) 
( 1.463782e-07 4.485067e-07 3.947372e-07) 
( 1.357780e-07 4.508253e-07 3.598895e-07) 
( 1.151107e-07 4.581982e-07 3.139583e-07) 
( 1.002028e-07 4.501465e-07 2.887904e-07) 
( 9.216906e-08 4.486575e-07 2.447524e-07) 
( 8.285096e-08 4.410263e-07 2.119401e-07) 
( 7.313568e-08 4.273664e-07 1.947781e-07) 
( 6.382805e-08 4.169938e-07 1.633146e-07) 
( 5.255717e-08 4.051790e-07 1.363749e-07) 
( 3.808685e-08 3.920414e-07 1.086037e-07) 
( 2.539369e-07 3.815031e-08 8.158633e-07) 
( 2.373201e-07 9.992894e-08 7.757977e-07) 
( 2.347514e-07 1.757124e-07 7.248343e-07) 
( 2.152850e-07 2.357445e-07 6.798643e-07) 
( 1.915442e-07 2.852282e-07 6.334237e-07) 
( 1.804121e-07 3.235471e-07 5.901569e-07) 
( 1.670157e-07 3.575144e-07 5.460541e-07) 
( 1.520192e-07 3.886427e-07 4.982508e-07) 
( 1.358255e-07 4.169411e-07 4.449318e-07) 
( 1.195032e-07 4.268409e-07 4.039567e-07) 
( 1.096308e-07 4.333574e-07 3.637999e-07) 
( 1.043254e-07 4.366785e-07 3.259472e-07) 
( 8.611210e-08 4.347955e-07 2.931223e-07) 
( 7.459010e-08 4.327691e-07 2.542615e-07) 
( 6.799671e-08 4.284584e-07 2.177462e-07) 
( 6.026458e-08 4.158493e-07 1.997852e-07) 
( 5.333403e-08 4.056724e-07 1.717257e-07) 
( 4.357101e-08 3.952863e-07 1.447149e-07) 
( 3.177143e-08 3.855187e-07 1.179630e-07) 
( 2.015283e-07 4.085335e-08 8.000130e-07) 
( 1.876560e-07 1.021794e-07 7.699074e-07) 
( 1.759607e-07 1.585182e-07 7.269020e-07) 
( 1.661740e-07 2.145177e-07 6.795642e-07) 
( 1.544874e-07 2.644192e-07 6.319311e-07) 
( 1.445790e-07 3.108444e-07 5.812727e-07) 
( 1.342829e-07 3.403551e-07 5.405419e-07) 
( 1.209267e-07 3.667546e-07 4.971758e-07) 
( 1.066617e-07 3.919568e-07 4.482948e-07) 
( 1.010319e-07 4.024812e-07 4.110820e-07) 
( 8.640892e-08 4.124026e-07 3.679050e-07) 
( 8.198382e-08 4.160815e-07 3.306091e-07) 
( 6.971181e-08 4.187908e-07 2.922335e-07) 
( 5.860031e-08 4.162316e-07 2.600215e-07) 
( 5.410526e-08 4.144955e-07 2.234674e-07) 
( 4.785798e-08 4.040164e-07 2.047300e-07) 
( 4.292302e-08 3.949324e-07 1.785724e-07) 
( 3.785635e-08 3.863411e-07 1.510655e-07) 
( 2.413590e-08 3.776178e-07 1.268976e-07) 
( 1.524659e-07 3.294552e-08 7.957110e-07) 
( 1.451159e-07 9.560688e-08 7.543097e-07) 
( 1.376359e-07 1.522096e-07 7.101749e-07) 
( 1.248339e-07 2.020075e-07 6.662777e-07) 
( 1.129036e-07 2.499100e-07 6.174604e-07) 
( 1.039222e-07 2.920877e-07 5.684220e-07) 
( 9.988863e-08 3.203634e-07 5.295742e-07) 
( 9.257325e-08 3.410466e-07 4.921621e-07) 
( 7.963963e-08 3.699698e-07 4.425985e-07) 
( 7.477122e-08 3.788119e-07 4.094427e-07) 
( 6.512085e-08 3.890468e-07 3.705404e-07) 
( 6.091476e-08 3.948567e-07 3.319658e-07) 
( 5.280809e-08 3.971239e-07 2.969276e-07) 
( 4.767349e-08 3.940585e-07 2.692140e-07) 
( 4.119668e-08 3.978652e-07 2.294085e-07) 
( 3.702608e-08 3.931518e-07 2.020957e-07) 
( 3.037798e-08 3.826663e-07 1.865623e-07) 
( 2.878923e-08 3.776000e-07 1.584951e-07) 
( 1.984674e-08 3.704708e-07 1.350468e-07) 
( 1.106489e-07 2.927866e-08 7.583330e-07) 
( 1.040711e-07 8.843885e-08 7.329840e-07) 
( 9.343494e-08 1.414969e-07 6.873026e-07) 
( 8.790616e-08 1.884479e-07 6.451148e-07) 
( 8.318597e-08 2.323300e-07 5.970085e-07) 
( 7.200595e-08 2.595641e-07 5.581298e-07) 
( 6.907667e-08 2.956931e-07 5.145731e-07) 
( 6.289656e-08 3.158965e-07 4.785040e-07) 
( 5.255921e-08 3.407495e-07 4.358172e-07) 
( 4.638717e-08 3.534064e-07 4.008911e-07) 
( 4.641351e-08 3.680348e-07 3.639339e-07) 
( 3.847301e-08 3.742868e-07 3.288682e-07) 
( 3.282930e-08 3.803702e-07 2.889330e-07) 
( 3.159510e-08 3.745027e-07 2.694615e-07) 
( 2.835074e-08 3.779403e-07 2.364812e-07) 
( 2.650245e-08 3.780373e-07 2.067250e-07) 
( 1.996065e-08 3.727470e-07 1.851450e-07) 
( 2.022162e-08 3.679374e-07 1.649380e-07) 
( 1.668742e-08 3.643300e-07 1.426012e-07) 
( 6.181299e-08 3.097446e-08 7.448892e-07) 
( 6.180598e-08 9.138622e-08 7.007554e-07) 
( 5.729484e-08 1.424575e-07 6.558149e-07) 
( 5.049948e-08 1.871315e-07 6.088667e-07) 
( 4.460534e-08 2.200999e-07 5.643288e-07) 
( 4.057826e-08 2.424406e-07 5.271442e-07) 
( 3.891513e-08 2.642293e-07 4.947567e-07) 
( 3.317852e-08 2.880600e-07 4.552840e-07) 
( 2.957457e-08 3.055672e-07 4.216295e-07) 
( 2.625675e-08 3.260577e-07 3.843276e-07) 
( 2.355570e-08 3.375842e-07 3.546620e-07) 
( 1.919130e-08 3.461460e-07 3.277671e-07) 
( 1.482999e-08 3.591853e-07 2.871987e-07) 
( 1.609054e-08 3.550648e-07 2.687240e-07) 
( 1.493429e-08 3.565841e-07 2.422545e-07) 
( 1.200237e-08 3.633178e-07 2.085910e-07) 
( 1.328061e-08 3.643006e-07 1.830744e-07) 
( 9.647203e-09 3.568508e-07 1.755994e-07) 
( 9.226872e-09 3.568121e-07 1.513993e-07) 
( 2.312398e-08 3.591364e-08 6.997007e-07) 
( 2.144233e-08 8.068940e-08 6.673003e-07) 
( 1.809380e-08 1.211895e-07 6.156739e-07) 
( 1.519286e-08 1.504949e-07 5.796803e-07) 
( 1.308339e-08 1.850311e-07 5.344868e-07) 
( 1.145039e-08 2.160424e-07 4.911105e-07) 
( 1.215519e-08 2.343331e-07 4.607924e-07) 
( 1.260747e-08 2.617654e-07 4.213165e-07) 
( 1.314442e-08 2.809927e-07 3.918018e-07) 
( 8.323692e-09 2.947739e-07 3.640137e-07) 
( 8.459776e-09 3.132282e-07 3.360288e-07) 
( 8.741117e-09 3.236614e-07 3.146965e-07) 
( 8.999386e-09 3.330493e-07 2.891319e-07) 
( 7.911143e-09 3.436621e-07 2.565812e-07) 
( 2.922459e-09 3.410628e-07 2.408293e-07) 
( 6.276297e-09 3.449367e-07 2.162439e-07) 
( 1.399938e-10 3.497113e-07 1.897798e-07) 
( -1.080386e-09 3.497032e-07 1.729601e-07) 
( 3.077142e-09 3.482290e-07 1.607898e-07) 
