( -3.779305e-08 0 -3.347502e-07) 
( -3.778986e-08 0 -3.347524e-07) 
( -3.778986e-08 0 -3.347524e-07) 
( -3.778986e-08 0 -3.347524e-07) 
( -3.782203e-08 0 -3.347303e-07) 
( -3.782203e-08 0 -3.347303e-07) 
( -3.782956e-08 0 -3.347251e-07) 
( -3.791332e-08 0 -3.346675e-07) 
( -3.623785e-08 0 -3.358153e-07) 
( -2.300600e-08 0 -3.527390e-07) 
( -2.300600e-08 0 -3.527390e-07) 
( -2.300600e-08 0 -3.527390e-07) 
( -2.300600e-08 0 -3.527390e-07) 
( -2.300600e-08 0 -3.527390e-07) 
( -2.300600e-08 0 -3.527390e-07) 
( -2.300600e-08 0 -3.527390e-07) 
( -2.300600e-08 0 -3.527390e-07) 
( -2.300600e-08 0 -3.527390e-07) 
( 1.697619e-09 0 -3.599052e-07) 
( 1.697619e-09 0 -3.599052e-07) 
( 1.697619e-09 0 -3.599052e-07) 
( 1.697619e-09 0 -3.599052e-07) 
( 1.697619e-09 0 -3.599052e-07) 
( 1.697619e-09 0 -3.599052e-07) 
( 1.697619e-09 0 -3.599052e-07) 
( 1.697619e-09 0 -3.599052e-07) 
( 1.697619e-09 0 -3.599052e-07) 
( 9.419074e-09 0 -3.617513e-07) 
( 9.419074e-09 0 -3.617513e-07) 
( 9.419074e-09 0 -3.617513e-07) 
( 9.419074e-09 0 -3.617513e-07) 
( 9.419074e-09 0 -3.617513e-07) 
( 9.419074e-09 0 -3.617513e-07) 
( 9.419074e-09 0 -3.617513e-07) 
( 9.419074e-09 0 -3.617513e-07) 
( 9.419074e-09 0 -3.617513e-07) 
( 5.395617e-08 0 -3.569148e-07) 
( 5.396100e-08 0 -3.569141e-07) 
( 5.396100e-08 0 -3.569141e-07) 
( 5.397862e-08 0 -3.569100e-07) 
( 5.398490e-08 0 -3.569056e-07) 
( 5.398490e-08 0 -3.569056e-07) 
( 5.400252e-08 0 -3.569014e-07) 
( 5.390140e-08 0 -3.569205e-07) 
( 4.788788e-08 0 -3.580536e-07) 
( 6.341774e-08 0 -3.611542e-07) 
( 6.341774e-08 0 -3.611542e-07) 
( 6.341774e-08 0 -3.611542e-07) 
( 6.341774e-08 0 -3.611542e-07) 
( 6.341774e-08 0 -3.611542e-07) 
( 6.341774e-08 0 -3.611542e-07) 
( 6.341774e-08 0 -3.611542e-07) 
( 6.341774e-08 0 -3.611542e-07) 
( 8.074188e-08 0 -3.554934e-07) 
( 7.053407e-08 0 -3.526322e-07) 
( 7.053407e-08 0 -3.526322e-07) 
( 7.053407e-08 0 -3.526322e-07) 
( 7.053407e-08 0 -3.526322e-07) 
( 7.053407e-08 0 -3.526322e-07) 
( 7.053407e-08 0 -3.526322e-07) 
( 7.053407e-08 0 -3.526322e-07) 
( 7.053407e-08 0 -3.526322e-07) 
( 7.053407e-08 0 -3.526322e-07) 
( 9.161736e-08 0 -3.398222e-07) 
( 9.161736e-08 0 -3.398222e-07) 
( 9.156963e-08 0 -3.398282e-07) 
( 9.149781e-08 0 -3.398387e-07) 
( 9.156963e-08 0 -3.398282e-07) 
( 9.181692e-08 0 -3.397927e-07) 
( 9.188101e-08 0 -3.397816e-07) 
( 9.311063e-08 0 -3.395971e-07) 
( 9.542568e-08 0 -3.392717e-07) 
( 1.053477e-07 0 -3.275853e-07) 
( 1.053541e-07 0 -3.275733e-07) 
( 1.053701e-07 0 -3.275281e-07) 
( 1.053761e-07 0 -3.275117e-07) 
( 1.053761e-07 0 -3.275117e-07) 
( 1.053573e-07 0 -3.275522e-07) 
( 1.053594e-07 0 -3.275482e-07) 
( 1.052804e-07 0 -3.277269e-07) 
( 1.051083e-07 0 -3.283234e-07) 
( 1.353900e-07 0 -3.090889e-07) 
( 1.353242e-07 0 -3.091319e-07) 
( 1.354450e-07 0 -3.090554e-07) 
( 1.355108e-07 0 -3.090125e-07) 
( 1.355108e-07 0 -3.090125e-07) 
( 1.355383e-07 0 -3.089957e-07) 
( 1.359773e-07 0 -3.087140e-07) 
( 1.386706e-07 0 -3.069641e-07) 
( 1.278456e-07 0 -3.130871e-07) 
( 1.559107e-07 0 -2.989415e-07) 
( 1.559353e-07 0 -2.989164e-07) 
( 1.558392e-07 0 -2.990157e-07) 
( 1.558023e-07 0 -2.990533e-07) 
( 1.558023e-07 0 -2.990533e-07) 
( 1.558615e-07 0 -2.989916e-07) 
( 1.610179e-07 0 -2.990570e-07) 
( 1.545790e-07 0 -3.003257e-07) 
( 1.535923e-07 0 -3.017430e-07) 
( 1.780365e-07 0 -2.994832e-07) 
( 1.780365e-07 0 -2.994832e-07) 
( 1.780365e-07 0 -2.994832e-07) 
( 1.780365e-07 0 -2.994832e-07) 
( 1.780365e-07 0 -2.994832e-07) 
( 1.778594e-07 0 -2.995521e-07) 
( 1.824369e-07 0 -2.963934e-07) 
( 1.824369e-07 0 -2.963934e-07) 
( 1.765363e-07 0 -3.000448e-07) 
( 2.805959e-07 0 -2.874029e-07) 
( 2.805844e-07 0 -2.874082e-07) 
( 2.805844e-07 0 -2.874082e-07) 
( 2.805844e-07 0 -2.874082e-07) 
( 2.805844e-07 0 -2.874082e-07) 
( 2.805729e-07 0 -2.874134e-07) 
( 2.807269e-07 0 -2.873174e-07) 
( 2.807643e-07 0 -2.872930e-07) 
( 2.820372e-07 0 -2.868919e-07) 
( 3.594927e-07 0 -3.296404e-07) 
( 3.594927e-07 0 -3.296404e-07) 
( 3.594927e-07 0 -3.296404e-07) 
( 3.594927e-07 0 -3.296404e-07) 
( 3.594927e-07 0 -3.296404e-07) 
( 3.594927e-07 0 -3.296404e-07) 
( 3.594927e-07 0 -3.296404e-07) 
( 3.594927e-07 0 -3.296404e-07) 
( 3.581517e-07 0 -3.203184e-07) 
( 5.131320e-07 0 -3.442836e-07) 
( 5.130972e-07 0 -3.442932e-07) 
( 5.130972e-07 0 -3.442932e-07) 
( 5.130972e-07 0 -3.442932e-07) 
( 5.130972e-07 0 -3.442932e-07) 
( 5.131839e-07 0 -3.442335e-07) 
( 5.132185e-07 0 -3.442060e-07) 
( 5.132358e-07 0 -3.441833e-07) 
( 5.113265e-07 0 -3.452638e-07) 
( 6.415925e-07 0 -3.551919e-07) 
( 6.416668e-07 0 -3.551220e-07) 
( 6.416668e-07 0 -3.551220e-07) 
( 6.416668e-07 0 -3.551220e-07) 
( 6.416668e-07 0 -3.551220e-07) 
( 6.417411e-07 0 -3.550521e-07) 
( 6.418478e-07 0 -3.549477e-07) 
( 6.418060e-07 0 -3.549830e-07) 
( 6.372085e-07 0 -3.593149e-07) 
( 7.843751e-07 0 -2.377009e-07) 
( 7.843519e-07 0 -2.377314e-07) 
( 7.843519e-07 0 -2.377314e-07) 
( 7.843820e-07 0 -2.376917e-07) 
( 7.843820e-07 0 -2.376917e-07) 
( 7.843889e-07 0 -2.376825e-07) 
( 7.844259e-07 0 -2.376335e-07) 
( 7.843796e-07 0 -2.376946e-07) 
( 7.821740e-07 0 -2.406101e-07) 
( 8.155300e-07 0 -1.891310e-07) 
( 8.155300e-07 0 -1.891310e-07) 
( 8.155300e-07 0 -1.891310e-07) 
( 8.155300e-07 0 -1.891310e-07) 
( 8.155300e-07 0 -1.891310e-07) 
( 8.155300e-07 0 -1.891310e-07) 
( 8.155300e-07 0 -1.891310e-07) 
( 8.155300e-07 0 -1.891310e-07) 
( 8.155300e-07 0 -1.891310e-07) 
( 7.779673e-07 0 -2.683858e-08) 
( 7.779673e-07 0 -2.683858e-08) 
( 7.779673e-07 0 -2.683858e-08) 
( 7.779673e-07 0 -2.683858e-08) 
( 7.779673e-07 0 -2.683858e-08) 
( 7.779673e-07 0 -2.683858e-08) 
( 7.779673e-07 0 -2.683858e-08) 
( 7.779673e-07 0 -2.683858e-08) 
( 7.787611e-07 0 -3.009021e-08) 
( -4.640047e-08 0 -3.263764e-07) 
( -4.640047e-08 0 -3.263764e-07) 
( -4.640047e-08 0 -3.263764e-07) 
( -4.640339e-08 0 -3.263780e-07) 
( -4.646670e-08 0 -3.263863e-07) 
( -4.644560e-08 0 -3.263836e-07) 
( -4.642741e-08 0 -3.263824e-07) 
( -4.664429e-08 0 -3.264134e-07) 
( -4.977347e-08 0 -3.271377e-07) 
( -5.517087e-08 0 -3.139104e-07) 
( -5.517087e-08 0 -3.139104e-07) 
( -5.518723e-08 0 -3.138957e-07) 
( -5.518461e-08 0 -3.138989e-07) 
( -5.509413e-08 0 -3.098226e-07) 
( -5.541628e-08 0 -3.137104e-07) 
( -5.517938e-08 0 -3.139052e-07) 
( -5.567763e-08 0 -3.092057e-07) 
( -5.660633e-08 0 -3.134963e-07) 
( -6.347422e-08 0 -2.976635e-07) 
( -6.374624e-08 0 -2.973172e-07) 
( -5.734406e-08 0 -2.997786e-07) 
( -5.733625e-08 0 -2.998218e-07) 
( -5.734441e-08 0 -2.999203e-07) 
( -6.372915e-08 0 -2.973544e-07) 
( -6.377406e-08 0 -2.973039e-07) 
( -5.749148e-08 0 -2.997166e-07) 
( -5.605276e-08 0 -3.016520e-07) 
( -8.237405e-08 0 -2.907150e-07) 
( -8.235623e-08 0 -2.907433e-07) 
( -8.287035e-08 0 -2.900977e-07) 
( -8.344629e-08 0 -2.897389e-07) 
( -8.342958e-08 0 -2.897495e-07) 
( -8.223202e-08 0 -2.906732e-07) 
( -8.233615e-08 0 -2.907760e-07) 
( -8.282967e-08 0 -2.901217e-07) 
( -8.098552e-08 0 -2.923568e-07) 
( -1.059538e-07 0 -2.803869e-07) 
( -1.059538e-07 0 -2.803869e-07) 
( -1.053398e-07 0 -2.807286e-07) 
( -1.052131e-07 0 -2.807991e-07) 
( -1.052131e-07 0 -2.807991e-07) 
( -1.056801e-07 0 -2.805392e-07) 
( -1.057467e-07 0 -2.805022e-07) 
( -1.053056e-07 0 -2.807477e-07) 
( -1.027826e-07 0 -2.817837e-07) 
( -9.940549e-08 0 -2.756470e-07) 
( -9.934444e-08 0 -2.756639e-07) 
( -9.931889e-08 0 -2.756659e-07) 
( -9.932505e-08 0 -2.756681e-07) 
( -9.932505e-08 0 -2.756681e-07) 
( -9.932505e-08 0 -2.756681e-07) 
( -9.930346e-08 0 -2.756646e-07) 
( -9.926956e-08 0 -2.756567e-07) 
( -1.052362e-07 0 -2.745717e-07) 
( -1.203680e-07 0 -2.658708e-07) 
( -1.202947e-07 0 -2.659143e-07) 
( -1.203765e-07 0 -2.658657e-07) 
( -1.202624e-07 0 -2.659336e-07) 
( -1.202215e-07 0 -2.659579e-07) 
( -1.202215e-07 0 -2.659579e-07) 
( -1.201807e-07 0 -2.659822e-07) 
( -1.200513e-07 0 -2.660591e-07) 
( -1.113713e-07 0 -2.709706e-07) 
( -1.511264e-07 0 -2.549543e-07) 
( -1.511264e-07 0 -2.549543e-07) 
( -1.511264e-07 0 -2.549543e-07) 
( -1.511158e-07 0 -2.549551e-07) 
( -1.511212e-07 0 -2.549538e-07) 
( -1.511266e-07 0 -2.549526e-07) 
( -1.511266e-07 0 -2.549526e-07) 
( -1.511000e-07 0 -2.549555e-07) 
( -1.505944e-07 0 -2.547094e-07) 
( -1.466068e-07 0 -2.705901e-07) 
( -1.466284e-07 0 -2.705857e-07) 
( -1.466284e-07 0 -2.705857e-07) 
( -1.466137e-07 0 -2.705860e-07) 
( -1.465068e-07 0 -2.706161e-07) 
( -1.465284e-07 0 -2.706117e-07) 
( -1.464499e-07 0 -2.706333e-07) 
( -1.464420e-07 0 -2.706295e-07) 
( -1.591139e-07 0 -2.672025e-07) 
( -1.996575e-07 0 -2.701464e-07) 
( -1.996575e-07 0 -2.701464e-07) 
( -1.996575e-07 0 -2.701464e-07) 
( -1.995748e-07 0 -2.701895e-07) 
( -1.989649e-07 0 -2.705181e-07) 
( -1.990098e-07 0 -2.704980e-07) 
( -1.991304e-07 0 -2.704317e-07) 
( -1.982345e-07 0 -2.709129e-07) 
( -1.895396e-07 0 -2.747358e-07) 
( -1.953318e-07 0 -2.973571e-07) 
( -1.953541e-07 0 -2.973521e-07) 
( -1.953541e-07 0 -2.973521e-07) 
( -1.953541e-07 0 -2.973521e-07) 
( -1.953486e-07 0 -2.973488e-07) 
( -1.950479e-07 0 -2.974439e-07) 
( -1.950766e-07 0 -2.974238e-07) 
( -1.951037e-07 0 -2.974222e-07) 
( -2.054929e-07 0 -2.941430e-07) 
( -2.593576e-07 0 -3.101446e-07) 
( -2.593576e-07 0 -3.101446e-07) 
( -2.593576e-07 0 -3.101446e-07) 
( -2.593576e-07 0 -3.101446e-07) 
( -2.593576e-07 0 -3.101446e-07) 
( -2.593576e-07 0 -3.101446e-07) 
( -2.593576e-07 0 -3.101446e-07) 
( -2.593576e-07 0 -3.101446e-07) 
( -2.646604e-07 0 -3.079990e-07) 
( -3.285588e-07 0 -2.979560e-07) 
( -3.285588e-07 0 -2.979560e-07) 
( -3.285588e-07 0 -2.979560e-07) 
( -3.285588e-07 0 -2.979560e-07) 
( -3.285588e-07 0 -2.979560e-07) 
( -3.285588e-07 0 -2.979560e-07) 
( -3.285588e-07 0 -2.979560e-07) 
( -3.285588e-07 0 -2.979560e-07) 
( -3.285588e-07 0 -2.979560e-07) 
( -3.725461e-07 0 -2.599246e-07) 
( -3.725237e-07 0 -2.599528e-07) 
( -3.725237e-07 0 -2.599528e-07) 
( -3.725237e-07 0 -2.599528e-07) 
( -3.725237e-07 0 -2.599528e-07) 
( -3.725237e-07 0 -2.599528e-07) 
( -3.724999e-07 0 -2.599841e-07) 
( -3.725013e-07 0 -2.599809e-07) 
( -3.724154e-07 0 -2.598045e-07) 
( -4.053154e-07 0 -1.910182e-07) 
( -4.053118e-07 0 -1.910259e-07) 
( -4.053118e-07 0 -1.910259e-07) 
( -4.053161e-07 0 -1.910174e-07) 
( -4.053161e-07 0 -1.910174e-07) 
( -4.053161e-07 0 -1.910174e-07) 
( -4.053161e-07 0 -1.910174e-07) 
( -4.053161e-07 0 -1.910174e-07) 
( -4.051938e-07 0 -1.912547e-07) 
( -4.215909e-07 0 -1.315648e-07) 
( -4.215897e-07 0 -1.315637e-07) 
( -4.215897e-07 0 -1.315637e-07) 
( -4.215897e-07 0 -1.315637e-07) 
( -4.215897e-07 0 -1.315637e-07) 
( -4.215897e-07 0 -1.315637e-07) 
( -4.215889e-07 0 -1.315540e-07) 
( -4.215878e-07 0 -1.315530e-07) 
( -4.216163e-07 0 -1.318658e-07) 
( -4.310276e-07 0 -1.141357e-07) 
( -4.310141e-07 0 -1.141517e-07) 
( -4.310141e-07 0 -1.141517e-07) 
( -4.310141e-07 0 -1.141517e-07) 
( -4.310141e-07 0 -1.141517e-07) 
( -4.310006e-07 0 -1.141677e-07) 
( -4.309509e-07 0 -1.142271e-07) 
( -4.309374e-07 0 -1.142431e-07) 
( -4.320039e-07 0 -1.129676e-07) 
( -4.363662e-07 0 -6.659492e-08) 
( -4.363662e-07 0 -6.659492e-08) 
( -4.363662e-07 0 -6.659492e-08) 
( -4.363662e-07 0 -6.659492e-08) 
( -4.363662e-07 0 -6.659492e-08) 
( -4.363578e-07 0 -6.664162e-08) 
( -4.363578e-07 0 -6.664162e-08) 
( -4.363558e-07 0 -6.665474e-08) 
( -4.366996e-07 0 -6.472117e-08) 
( -4.413461e-07 0 -6.249058e-09) 
( -4.413461e-07 0 -6.249058e-09) 
( -4.413461e-07 0 -6.249058e-09) 
( -4.413461e-07 0 -6.249058e-09) 
( -4.413461e-07 0 -6.249058e-09) 
( -4.413461e-07 0 -6.249058e-09) 
( -4.413461e-07 0 -6.249058e-09) 
( -4.413461e-07 0 -6.249058e-09) 
( -4.413461e-07 0 -6.249058e-09) 
( -4.395343e-07 0 2.020260e-08) 
( -4.395343e-07 0 2.020260e-08) 
( -4.395343e-07 0 2.020260e-08) 
( -4.395343e-07 0 2.020260e-08) 
( -4.395343e-07 0 2.020260e-08) 
( -4.395343e-07 0 2.020260e-08) 
( -4.395343e-07 0 2.020260e-08) 
( -4.395343e-07 0 2.020260e-08) 
( -4.395343e-07 0 2.020260e-08) 
( -4.416329e-07 0 4.312303e-08) 
( -4.416329e-07 0 4.312303e-08) 
( -4.416329e-07 0 4.312303e-08) 
( -4.416329e-07 0 4.312303e-08) 
( -4.416329e-07 0 4.312303e-08) 
( -4.416329e-07 0 4.312303e-08) 
( -4.416329e-07 0 4.312303e-08) 
( -4.416329e-07 0 4.312303e-08) 
( -4.471718e-07 0 5.520245e-08) 
( -4.481663e-07 0 7.433826e-08) 
( -4.481679e-07 0 7.433800e-08) 
( -4.481679e-07 0 7.433800e-08) 
( -4.481679e-07 0 7.433800e-08) 
( -4.481679e-07 0 7.433800e-08) 
( -4.481679e-07 0 7.433800e-08) 
( -4.481679e-07 0 7.433800e-08) 
( -4.481596e-07 0 7.433931e-08) 
( -4.465178e-07 0 7.272034e-08) 
( -4.340356e-07 0 8.990404e-08) 
( -4.340356e-07 0 8.990404e-08) 
( -4.340356e-07 0 8.990404e-08) 
( -4.340356e-07 0 8.990404e-08) 
( -4.340356e-07 0 8.990404e-08) 
( -4.340356e-07 0 8.990404e-08) 
( -4.340356e-07 0 8.990404e-08) 
( -4.340356e-07 0 8.990404e-08) 
( -4.166110e-07 0 1.032247e-07) 
( -4.005966e-07 0 1.163118e-07) 
( -4.005952e-07 0 1.163087e-07) 
( -4.005952e-07 0 1.163087e-07) 
( -4.005952e-07 0 1.163087e-07) 
( -4.005969e-07 0 1.162931e-07) 
( -4.005969e-07 0 1.162931e-07) 
( -4.005987e-07 0 1.162775e-07) 
( -4.005987e-07 0 1.162775e-07) 
( -3.798994e-07 0 1.492660e-07) 
( -3.594359e-07 0 1.692153e-07) 
( -3.594531e-07 0 1.691803e-07) 
( -3.594359e-07 0 1.692153e-07) 
( -3.594359e-07 0 1.692153e-07) 
( -3.594359e-07 0 1.692153e-07) 
( -3.594806e-07 0 1.691321e-07) 
( -3.594977e-07 0 1.690971e-07) 
( -3.595252e-07 0 1.690489e-07) 
( -3.327906e-07 0 1.991097e-07) 
( -3.365709e-07 0 1.726456e-07) 
( -3.365686e-07 0 1.726435e-07) 
( -3.365686e-07 0 1.726435e-07) 
( -3.365333e-07 0 1.727005e-07) 
( -3.365333e-07 0 1.727005e-07) 
( -3.365333e-07 0 1.727005e-07) 
( -3.365145e-07 0 1.727280e-07) 
( -3.365145e-07 0 1.727280e-07) 
( -2.620318e-07 0 2.172346e-07) 
( -2.223722e-07 0 2.164283e-07) 
( -2.224154e-07 0 2.164243e-07) 
( -2.224154e-07 0 2.164243e-07) 
( -2.224075e-07 0 2.164238e-07) 
( -2.224075e-07 0 2.164238e-07) 
( -2.224075e-07 0 2.164238e-07) 
( -2.223826e-07 0 2.164246e-07) 
( -2.221771e-07 0 2.164411e-07) 
( -1.785578e-07 0 2.301967e-07) 
( -1.459151e-07 0 2.347947e-07) 
( -1.459151e-07 0 2.347947e-07) 
( -1.459151e-07 0 2.347947e-07) 
( -1.459151e-07 0 2.347947e-07) 
( -1.459151e-07 0 2.347947e-07) 
( -1.459055e-07 0 2.347972e-07) 
( -1.458815e-07 0 2.348029e-07) 
( -1.458622e-07 0 2.348069e-07) 
( -1.477961e-07 0 2.363143e-07) 
( -1.200540e-07 0 2.497575e-07) 
( -1.200535e-07 0 2.497564e-07) 
( -1.200535e-07 0 2.497564e-07) 
( -1.200535e-07 0 2.497564e-07) 
( -1.201288e-07 0 2.497337e-07) 
( -1.201536e-07 0 2.497253e-07) 
( -1.201288e-07 0 2.497337e-07) 
( -1.203042e-07 0 2.496799e-07) 
( -1.220491e-07 0 2.579911e-07) 
( -1.126948e-07 0 2.695372e-07) 
( -1.126948e-07 0 2.695372e-07) 
( -1.126948e-07 0 2.695372e-07) 
( -1.126948e-07 0 2.695372e-07) 
( -1.127102e-07 0 2.695555e-07) 
( -1.127003e-07 0 2.695454e-07) 
( -1.127048e-07 0 2.695473e-07) 
( -1.127437e-07 0 2.695963e-07) 
( -1.124751e-07 0 2.859318e-07) 
( -1.154469e-07 0 2.907471e-07) 
( -1.153750e-07 0 2.907900e-07) 
( -1.153750e-07 0 2.907900e-07) 
( -1.153496e-07 0 2.908116e-07) 
( -1.155751e-07 0 2.906684e-07) 
( -1.156060e-07 0 2.906542e-07) 
( -1.157187e-07 0 2.905826e-07) 
( -1.159242e-07 0 2.904684e-07) 
( -9.463625e-08 0 3.255173e-07) 
( -1.227960e-07 0 3.211358e-07) 
( -1.227960e-07 0 3.211358e-07) 
( -1.227960e-07 0 3.211358e-07) 
( -1.228133e-07 0 3.211808e-07) 
( -1.228102e-07 0 3.211865e-07) 
( -1.228263e-07 0 3.212226e-07) 
( -1.228244e-07 0 3.212372e-07) 
( -1.228922e-07 0 3.214082e-07) 
( -1.418288e-07 0 3.289833e-07) 
( -1.090315e-07 0 3.613579e-07) 
( -1.090315e-07 0 3.613579e-07) 
( -1.090358e-07 0 3.613546e-07) 
( -1.090524e-07 0 3.613381e-07) 
( -1.090349e-07 0 3.613483e-07) 
( -1.090476e-07 0 3.613367e-07) 
( -1.090600e-07 0 3.613235e-07) 
( -1.090067e-07 0 3.613479e-07) 
( -1.126793e-07 0 3.737043e-07) 
( -1.003900e-07 0 3.926466e-07) 
( -1.003900e-07 0 3.926466e-07) 
( -1.004442e-07 0 3.926247e-07) 
( -1.005155e-07 0 3.925988e-07) 
( -1.004543e-07 0 3.926179e-07) 
( -1.004543e-07 0 3.926179e-07) 
( -1.004102e-07 0 3.926329e-07) 
( -1.002777e-07 0 3.926780e-07) 
( -1.259171e-07 0 3.974171e-07) 
( -1.502778e-07 0 3.970152e-07) 
( -1.502843e-07 0 3.970015e-07) 
( -1.503166e-07 0 3.969327e-07) 
( -1.503565e-07 0 3.968441e-07) 
( -1.503252e-07 0 3.969066e-07) 
( -1.503306e-07 0 3.968991e-07) 
( -1.503231e-07 0 3.969190e-07) 
( -1.501647e-07 0 3.972439e-07) 
( -1.695258e-07 0 4.034829e-07) 
( -1.456160e-07 0 4.315922e-07) 
( -1.455552e-07 0 4.316193e-07) 
( -1.451579e-07 0 4.317889e-07) 
( -1.449868e-07 0 4.318675e-07) 
( -1.449648e-07 0 4.318724e-07) 
( -1.449648e-07 0 4.318724e-07) 
( -1.448433e-07 0 4.319265e-07) 
( -1.448879e-07 0 4.318898e-07) 
( -1.408318e-07 0 4.482354e-07) 
( -1.636185e-07 0 4.514820e-07) 
( -1.636185e-07 0 4.514839e-07) 
( -1.636325e-07 0 4.514687e-07) 
( -1.636365e-07 0 4.514703e-07) 
( -1.636406e-07 0 4.514522e-07) 
( -1.636386e-07 0 4.514583e-07) 
( -1.636366e-07 0 4.514585e-07) 
( -1.636387e-07 0 4.514095e-07) 
( -1.460158e-07 0 4.580932e-07) 
( -1.263830e-07 0 4.685182e-07) 
( -1.263767e-07 0 4.685282e-07) 
( -1.263500e-07 0 4.685789e-07) 
( -1.263406e-07 0 4.685922e-07) 
( -1.263516e-07 0 4.685755e-07) 
( -1.263423e-07 0 4.685996e-07) 
( -1.263312e-07 0 4.686162e-07) 
( -1.263489e-07 0 4.686218e-07) 
( -1.106782e-07 0 4.733258e-07) 
( 7.705895e-07 0 3.276434e-08) 
( 7.705895e-07 0 3.276434e-08) 
( 7.705895e-07 0 3.276434e-08) 
( 7.705895e-07 0 3.276434e-08) 
( 7.705895e-07 0 3.276434e-08) 
( 7.705895e-07 0 3.276434e-08) 
( 7.705895e-07 0 3.276434e-08) 
( 7.705895e-07 0 3.276434e-08) 
( 7.705977e-07 0 3.376768e-08) 
( 7.879631e-07 0 1.208940e-07) 
( 7.879631e-07 0 1.208940e-07) 
( 7.879631e-07 0 1.208940e-07) 
( 7.879631e-07 0 1.208940e-07) 
( 7.879631e-07 0 1.208940e-07) 
( 7.879536e-07 0 1.209041e-07) 
( 7.879436e-07 0 1.209239e-07) 
( 7.879548e-07 0 1.208755e-07) 
( 7.893153e-07 0 1.399049e-07) 
( 8.268900e-07 0 1.762170e-07) 
( 8.268900e-07 0 1.762170e-07) 
( 8.268900e-07 0 1.762170e-07) 
( 8.268900e-07 0 1.762170e-07) 
( 8.268900e-07 0 1.762170e-07) 
( 8.268900e-07 0 1.762170e-07) 
( 8.268900e-07 0 1.762170e-07) 
( 8.268900e-07 0 1.762170e-07) 
( 8.013033e-07 0 2.050943e-07) 
( 8.102940e-07 0 3.291104e-07) 
( 8.104220e-07 0 3.289978e-07) 
( 8.101321e-07 0 3.292522e-07) 
( 8.101321e-07 0 3.292522e-07) 
( 8.101321e-07 0 3.292522e-07) 
( 8.098423e-07 0 3.295067e-07) 
( 8.095524e-07 0 3.297611e-07) 
( 8.098083e-07 0 3.295359e-07) 
( 7.767213e-07 0 3.208169e-07) 
( 6.907718e-07 0 3.843534e-07) 
( 6.907655e-07 0 3.843579e-07) 
( 6.907655e-07 0 3.843579e-07) 
( 6.907655e-07 0 3.843579e-07) 
( 6.907655e-07 0 3.843579e-07) 
( 6.907738e-07 0 3.843594e-07) 
( 6.907822e-07 0 3.843608e-07) 
( 6.907969e-07 0 3.843578e-07) 
( 6.574321e-07 0 3.823403e-07) 
( 5.287955e-07 0 3.832004e-07) 
( 5.287955e-07 0 3.832004e-07) 
( 5.287955e-07 0 3.832004e-07) 
( 5.287955e-07 0 3.832004e-07) 
( 5.287955e-07 0 3.832004e-07) 
( 5.287955e-07 0 3.832004e-07) 
( 5.287955e-07 0 3.832004e-07) 
( 5.287955e-07 0 3.832004e-07) 
( 5.147437e-07 0 4.003108e-07) 
( 3.839713e-07 0 3.580995e-07) 
( 3.839623e-07 0 3.580993e-07) 
( 3.839623e-07 0 3.580993e-07) 
( 3.839623e-07 0 3.580993e-07) 
( 3.839623e-07 0 3.580993e-07) 
( 3.839578e-07 0 3.581024e-07) 
( 3.839233e-07 0 3.581178e-07) 
( 3.838522e-07 0 3.581551e-07) 
( 3.943187e-07 0 3.594691e-07) 
( 2.673127e-07 0 3.490068e-07) 
( 2.673281e-07 0 3.490058e-07) 
( 2.673281e-07 0 3.490058e-07) 
( 2.673281e-07 0 3.490058e-07) 
( 2.673550e-07 0 3.490015e-07) 
( 2.669249e-07 0 3.490297e-07) 
( 2.668635e-07 0 3.490337e-07) 
( 2.668673e-07 0 3.490360e-07) 
( 2.851857e-07 0 3.479802e-07) 
( 2.126127e-07 0 3.292299e-07) 
( 2.125279e-07 0 3.292606e-07) 
( 2.125279e-07 0 3.292606e-07) 
( 2.125279e-07 0 3.292606e-07) 
( 2.124252e-07 0 3.293075e-07) 
( 2.121413e-07 0 3.294963e-07) 
( 2.121021e-07 0 3.295438e-07) 
( 2.117957e-07 0 3.296331e-07) 
( 2.182776e-07 0 3.334745e-07) 
( 1.732179e-07 0 3.258490e-07) 
( 1.732179e-07 0 3.258490e-07) 
( 1.732179e-07 0 3.258490e-07) 
( 1.732179e-07 0 3.258490e-07) 
( 1.732179e-07 0 3.258490e-07) 
( 1.732179e-07 0 3.258490e-07) 
( 1.732179e-07 0 3.258490e-07) 
( 1.732179e-07 0 3.258490e-07) 
( 1.719137e-07 0 3.249764e-07) 
( 1.450127e-07 0 3.250051e-07) 
( 1.450127e-07 0 3.250051e-07) 
( 1.450127e-07 0 3.250051e-07) 
( 1.450127e-07 0 3.250051e-07) 
( 1.450127e-07 0 3.250051e-07) 
( 1.450127e-07 0 3.250051e-07) 
( 1.450127e-07 0 3.250051e-07) 
( 1.450127e-07 0 3.250051e-07) 
( 1.421005e-07 0 3.274314e-07) 
( 1.069888e-07 0 3.397117e-07) 
( 1.069888e-07 0 3.397117e-07) 
( 1.069888e-07 0 3.397117e-07) 
( 1.069888e-07 0 3.397117e-07) 
( 1.069888e-07 0 3.397117e-07) 
( 1.069888e-07 0 3.397117e-07) 
( 1.069888e-07 0 3.397117e-07) 
( 1.069888e-07 0 3.397117e-07) 
( 1.066204e-07 0 3.394621e-07) 
( 9.234011e-08 0 3.506492e-07) 
( 9.234111e-08 0 3.506514e-07) 
( 9.234111e-08 0 3.506514e-07) 
( 9.234111e-08 0 3.506514e-07) 
( 9.233610e-08 0 3.506405e-07) 
( 9.232393e-08 0 3.505364e-07) 
( 9.233884e-08 0 3.504914e-07) 
( 9.221594e-08 0 3.505079e-07) 
( 9.025612e-08 0 3.548098e-07) 
( 6.678700e-08 0 3.813790e-07) 
( 6.678700e-08 0 3.813790e-07) 
( 6.678700e-08 0 3.813790e-07) 
( 6.678700e-08 0 3.813790e-07) 
( 6.678700e-08 0 3.813790e-07) 
( 6.678700e-08 0 3.813790e-07) 
( 6.678700e-08 0 3.813790e-07) 
( 6.678700e-08 0 3.813790e-07) 
( 7.057060e-08 0 3.806575e-07) 
( 5.814929e-08 0 4.009974e-07) 
( 5.819525e-08 0 4.009913e-07) 
( 5.819525e-08 0 4.009913e-07) 
( 5.819525e-08 0 4.009913e-07) 
( 5.796541e-08 0 4.010219e-07) 
( 5.621034e-08 0 4.012603e-07) 
( 5.542887e-08 0 4.013643e-07) 
( 5.296885e-08 0 4.017593e-07) 
( 7.056716e-08 0 4.020130e-07) 
( 1.953925e-08 0 4.299680e-07) 
( 1.954519e-08 0 4.299643e-07) 
( 1.954519e-08 0 4.299643e-07) 
( 1.954519e-08 0 4.299643e-07) 
( 1.954816e-08 0 4.299624e-07) 
( 1.946999e-08 0 4.300515e-07) 
( 1.945561e-08 0 4.300698e-07) 
( 1.944669e-08 0 4.300753e-07) 
( 2.637060e-08 0 4.297303e-07) 
( 6.554657e-09 0 4.503126e-07) 
( 6.554657e-09 0 4.503126e-07) 
( 6.554657e-09 0 4.503126e-07) 
( 6.554657e-09 0 4.503126e-07) 
( 6.554657e-09 0 4.503126e-07) 
( 6.554657e-09 0 4.503126e-07) 
( 6.554657e-09 0 4.503126e-07) 
( 6.554657e-09 0 4.503126e-07) 
( 1.493898e-11 0 4.503504e-07) 
( -3.770042e-08 0 4.652060e-07) 
( -3.770042e-08 0 4.652060e-07) 
( -3.770042e-08 0 4.652060e-07) 
( -3.770042e-08 0 4.652060e-07) 
( -3.770042e-08 0 4.652060e-07) 
( -3.770042e-08 0 4.652060e-07) 
( -3.770042e-08 0 4.652060e-07) 
( -3.770042e-08 0 4.652060e-07) 
( -3.447717e-08 0 4.630470e-07) 
( -1.141953e-07 0 4.681186e-07) 
( -1.141953e-07 0 4.681186e-07) 
( -1.141953e-07 0 4.681186e-07) 
( -1.142165e-07 0 4.681336e-07) 
( -1.141213e-07 0 4.680696e-07) 
( -1.139733e-07 0 4.679716e-07) 
( -1.138253e-07 0 4.678736e-07) 
( -1.136985e-07 0 4.677906e-07) 
( -1.171394e-07 0 4.736933e-07) 
( 2.248035e-07 0 -2.906677e-07) 
( 2.244081e-07 0 -2.908799e-07) 
( 1.824369e-07 0 -2.963934e-07) 
( 2.244852e-07 0 -2.908341e-07) 
( 2.241356e-07 0 -2.910485e-07) 
( 1.752487e-07 0 -3.005158e-07) 
( 2.209998e-07 0 -2.929456e-07) 
( 2.338770e-07 0 -2.944869e-07) 
( 1.967737e-07 0 -2.985094e-07) 
( 3.196770e-07 0 -2.998430e-07) 
( 3.196770e-07 0 -2.998430e-07) 
( 2.805844e-07 0 -2.874082e-07) 
( 3.196770e-07 0 -2.998430e-07) 
( 3.196770e-07 0 -2.998430e-07) 
( 2.805844e-07 0 -2.874082e-07) 
( 3.196770e-07 0 -2.998430e-07) 
( 3.196770e-07 0 -2.998430e-07) 
( 2.805844e-07 0 -2.874082e-07) 
( 3.196770e-07 0 -2.998430e-07) 
( 3.196770e-07 0 -2.998430e-07) 
( 2.805844e-07 0 -2.874082e-07) 
( 3.196593e-07 0 -2.998476e-07) 
( 3.196593e-07 0 -2.998476e-07) 
( 2.805844e-07 0 -2.874082e-07) 
( 3.196593e-07 0 -2.998476e-07) 
( 3.196629e-07 0 -2.998503e-07) 
( 2.806218e-07 0 -2.873838e-07) 
( 3.196452e-07 0 -2.998549e-07) 
( 3.196097e-07 0 -2.998642e-07) 
( 2.807916e-07 0 -2.872842e-07) 
( 3.196310e-07 0 -2.998622e-07) 
( 3.197090e-07 0 -2.998490e-07) 
( 2.808735e-07 0 -2.872576e-07) 
( 3.204391e-07 0 -2.996792e-07) 
( 3.159962e-07 0 -3.105612e-07) 
( 2.770388e-07 0 -2.978476e-07) 
( 4.471662e-07 0 -3.221322e-07) 
( 4.471861e-07 0 -3.221105e-07) 
( 3.594927e-07 0 -3.296404e-07) 
( 4.471861e-07 0 -3.221105e-07) 
( 4.471861e-07 0 -3.221105e-07) 
( 3.594927e-07 0 -3.296404e-07) 
( 4.471861e-07 0 -3.221105e-07) 
( 4.471861e-07 0 -3.221105e-07) 
( 3.594927e-07 0 -3.296404e-07) 
( 4.471861e-07 0 -3.221105e-07) 
( 4.471861e-07 0 -3.221105e-07) 
( 3.594927e-07 0 -3.296404e-07) 
( 4.471861e-07 0 -3.221105e-07) 
( 4.472594e-07 0 -3.220708e-07) 
( 3.594927e-07 0 -3.296404e-07) 
( 4.472594e-07 0 -3.220708e-07) 
( 4.473327e-07 0 -3.220310e-07) 
( 3.594927e-07 0 -3.296404e-07) 
( 4.473327e-07 0 -3.220310e-07) 
( 4.474060e-07 0 -3.219913e-07) 
( 3.594927e-07 0 -3.296404e-07) 
( 4.473594e-07 0 -3.220220e-07) 
( 4.470730e-07 0 -3.221937e-07) 
( 3.594927e-07 0 -3.296404e-07) 
( 4.441748e-07 0 -3.237273e-07) 
( 4.320116e-07 0 -3.388267e-07) 
( 3.689423e-07 0 -3.222887e-07) 
( 5.524520e-07 0 -3.764249e-07) 
( 5.524759e-07 0 -3.764216e-07) 
( 5.130972e-07 0 -3.442932e-07) 
( 5.524759e-07 0 -3.764216e-07) 
( 5.524759e-07 0 -3.764216e-07) 
( 5.130972e-07 0 -3.442932e-07) 
( 5.524759e-07 0 -3.764216e-07) 
( 5.524759e-07 0 -3.764216e-07) 
( 5.130972e-07 0 -3.442932e-07) 
( 5.524759e-07 0 -3.764216e-07) 
( 5.524759e-07 0 -3.764216e-07) 
( 5.130972e-07 0 -3.442932e-07) 
( 5.524759e-07 0 -3.764216e-07) 
( 5.524759e-07 0 -3.764216e-07) 
( 5.131492e-07 0 -3.442609e-07) 
( 5.525091e-07 0 -3.764223e-07) 
( 5.525091e-07 0 -3.764223e-07) 
( 5.131839e-07 0 -3.442335e-07) 
( 5.525423e-07 0 -3.764229e-07) 
( 5.525661e-07 0 -3.764197e-07) 
( 5.132532e-07 0 -3.441785e-07) 
( 5.525567e-07 0 -3.764157e-07) 
( 5.524620e-07 0 -3.764025e-07) 
( 5.130797e-07 0 -3.442800e-07) 
( 5.512807e-07 0 -3.763710e-07) 
( 5.587044e-07 0 -3.481388e-07) 
( 5.027181e-07 0 -3.596786e-07) 
( 7.165799e-07 0 -3.251806e-07) 
( 7.165973e-07 0 -3.251725e-07) 
( 6.416668e-07 0 -3.551220e-07) 
( 7.165973e-07 0 -3.251725e-07) 
( 7.165973e-07 0 -3.251725e-07) 
( 6.416668e-07 0 -3.551220e-07) 
( 7.165973e-07 0 -3.251725e-07) 
( 7.165973e-07 0 -3.251725e-07) 
( 6.416668e-07 0 -3.551220e-07) 
( 7.165973e-07 0 -3.251725e-07) 
( 7.165973e-07 0 -3.251725e-07) 
( 6.416668e-07 0 -3.551220e-07) 
( 7.165973e-07 0 -3.251725e-07) 
( 7.166582e-07 0 -3.251354e-07) 
( 6.417411e-07 0 -3.550521e-07) 
( 7.166582e-07 0 -3.251354e-07) 
( 7.167191e-07 0 -3.250983e-07) 
( 6.417735e-07 0 -3.550175e-07) 
( 7.167191e-07 0 -3.250983e-07) 
( 7.167800e-07 0 -3.250611e-07) 
( 6.418803e-07 0 -3.549131e-07) 
( 7.167016e-07 0 -3.251063e-07) 
( 7.162839e-07 0 -3.253534e-07) 
( 6.413277e-07 0 -3.554368e-07) 
( 7.136672e-07 0 -3.262953e-07) 
( 6.899266e-07 0 -3.066536e-07) 
( 6.304285e-07 0 -3.332667e-07) 
( 8.168360e-07 0 -1.965467e-07) 
( 8.168360e-07 0 -1.965467e-07) 
( 7.843519e-07 0 -2.377314e-07) 
( 8.168360e-07 0 -1.965467e-07) 
( 8.168360e-07 0 -1.965467e-07) 
( 7.843519e-07 0 -2.377314e-07) 
( 8.168360e-07 0 -1.965467e-07) 
( 8.168360e-07 0 -1.965467e-07) 
( 7.843820e-07 0 -2.376917e-07) 
( 8.168360e-07 0 -1.965467e-07) 
( 8.168360e-07 0 -1.965467e-07) 
( 7.843820e-07 0 -2.376917e-07) 
( 8.168360e-07 0 -1.965467e-07) 
( 8.168360e-07 0 -1.965467e-07) 
( 7.843820e-07 0 -2.376917e-07) 
( 8.168360e-07 0 -1.965467e-07) 
( 8.168360e-07 0 -1.965467e-07) 
( 7.844190e-07 0 -2.376427e-07) 
( 8.168360e-07 0 -1.965467e-07) 
( 8.168360e-07 0 -1.965467e-07) 
( 7.844259e-07 0 -2.376335e-07) 
( 8.168360e-07 0 -1.965467e-07) 
( 8.168360e-07 0 -1.965467e-07) 
( 7.841759e-07 0 -2.379638e-07) 
( 8.168360e-07 0 -1.965467e-07) 
( 7.829482e-07 0 -2.251267e-07) 
( 7.466002e-07 0 -2.550356e-07) 
( 7.897845e-07 0 -1.258297e-07) 
( 7.897847e-07 0 -1.258719e-07) 
( 8.155300e-07 0 -1.891310e-07) 
( 7.897847e-07 0 -1.258719e-07) 
( 7.897847e-07 0 -1.258719e-07) 
( 8.155300e-07 0 -1.891310e-07) 
( 7.897847e-07 0 -1.258719e-07) 
( 7.897847e-07 0 -1.258719e-07) 
( 8.155300e-07 0 -1.891310e-07) 
( 7.897847e-07 0 -1.258719e-07) 
( 7.897847e-07 0 -1.258719e-07) 
( 8.155300e-07 0 -1.891310e-07) 
( 7.897773e-07 0 -1.259560e-07) 
( 7.897773e-07 0 -1.259560e-07) 
( 8.155300e-07 0 -1.891310e-07) 
( 7.897773e-07 0 -1.259560e-07) 
( 7.897699e-07 0 -1.260400e-07) 
( 8.155300e-07 0 -1.891310e-07) 
( 7.897625e-07 0 -1.261241e-07) 
( 7.897623e-07 0 -1.261030e-07) 
( 8.155300e-07 0 -1.891310e-07) 
( 7.897772e-07 0 -1.259348e-07) 
( 7.898438e-07 0 -1.251360e-07) 
( 8.155300e-07 0 -1.891310e-07) 
( 7.903345e-07 0 -1.196716e-07) 
( 7.972603e-07 0 -1.069636e-07) 
( 8.067097e-07 0 -1.741711e-07) 
( 7.739425e-07 0 -2.341096e-09) 
( 7.739425e-07 0 -2.341096e-09) 
( 7.779673e-07 0 -2.683858e-08) 
( 7.739425e-07 0 -2.341096e-09) 
( 7.739425e-07 0 -2.341096e-09) 
( 7.779673e-07 0 -2.683858e-08) 
( 7.739425e-07 0 -2.341096e-09) 
( 7.739425e-07 0 -2.341096e-09) 
( 7.779673e-07 0 -2.683858e-08) 
( 7.739425e-07 0 -2.341096e-09) 
( 7.739425e-07 0 -2.341096e-09) 
( 7.779673e-07 0 -2.683858e-08) 
( 7.739425e-07 0 -2.341096e-09) 
( 7.739425e-07 0 -2.341096e-09) 
( 7.779673e-07 0 -2.683858e-08) 
( 7.739425e-07 0 -2.341096e-09) 
( 7.739425e-07 0 -2.341096e-09) 
( 7.779673e-07 0 -2.683858e-08) 
( 7.739425e-07 0 -2.341096e-09) 
( 7.739425e-07 0 -2.341096e-09) 
( 7.779673e-07 0 -2.683858e-08) 
( 7.739425e-07 0 -2.341096e-09) 
( 7.739425e-07 0 -2.341096e-09) 
( 7.779673e-07 0 -2.683858e-08) 
( 7.739425e-07 0 -2.341096e-09) 
( 7.641688e-07 0 -8.195738e-09) 
( 7.785373e-07 0 -4.842588e-08) 
( -3.285588e-07 0 -2.979560e-07) 
( -3.405865e-07 0 -2.911377e-07) 
( -3.406090e-07 0 -2.911096e-07) 
( -3.285588e-07 0 -2.979560e-07) 
( -3.405865e-07 0 -2.911377e-07) 
( -3.405865e-07 0 -2.911377e-07) 
( -3.285588e-07 0 -2.979560e-07) 
( -3.405865e-07 0 -2.911377e-07) 
( -3.405865e-07 0 -2.911377e-07) 
( -3.285588e-07 0 -2.979560e-07) 
( -3.405865e-07 0 -2.911377e-07) 
( -3.405865e-07 0 -2.911377e-07) 
( -3.285588e-07 0 -2.979560e-07) 
( -3.406090e-07 0 -2.911096e-07) 
( -3.405865e-07 0 -2.911377e-07) 
( -3.285588e-07 0 -2.979560e-07) 
( -3.405627e-07 0 -2.911690e-07) 
( -3.406090e-07 0 -2.911096e-07) 
( -3.285588e-07 0 -2.979560e-07) 
( -3.405627e-07 0 -2.911690e-07) 
( -3.405627e-07 0 -2.911690e-07) 
( -3.285588e-07 0 -2.979560e-07) 
( -3.406314e-07 0 -2.910815e-07) 
( -3.405852e-07 0 -2.911409e-07) 
( -3.259683e-07 0 -2.872226e-07) 
( -3.452655e-07 0 -2.775108e-07) 
( -3.417053e-07 0 -2.896914e-07) 
( -3.725237e-07 0 -2.599528e-07) 
( -3.906118e-07 0 -2.269708e-07) 
( -3.906110e-07 0 -2.269716e-07) 
( -3.725237e-07 0 -2.599528e-07) 
( -3.906118e-07 0 -2.269708e-07) 
( -3.906118e-07 0 -2.269708e-07) 
( -3.725237e-07 0 -2.599528e-07) 
( -3.906118e-07 0 -2.269708e-07) 
( -3.906118e-07 0 -2.269708e-07) 
( -3.725237e-07 0 -2.599528e-07) 
( -3.906118e-07 0 -2.269708e-07) 
( -3.906118e-07 0 -2.269708e-07) 
( -3.725237e-07 0 -2.599528e-07) 
( -3.906118e-07 0 -2.269708e-07) 
( -3.906118e-07 0 -2.269708e-07) 
( -3.725237e-07 0 -2.599528e-07) 
( -3.906161e-07 0 -2.269622e-07) 
( -3.906118e-07 0 -2.269708e-07) 
( -3.724774e-07 0 -2.600122e-07) 
( -3.906161e-07 0 -2.269622e-07) 
( -3.906161e-07 0 -2.269622e-07) 
( -3.725714e-07 0 -2.598901e-07) 
( -3.906102e-07 0 -2.269724e-07) 
( -3.906153e-07 0 -2.269630e-07) 
( -3.681091e-07 0 -2.568011e-07) 
( -3.875630e-07 0 -2.326726e-07) 
( -3.905054e-07 0 -2.271707e-07) 
( -4.053118e-07 0 -1.910259e-07) 
( -4.129804e-07 0 -1.600461e-07) 
( -4.129525e-07 0 -1.601039e-07) 
( -4.053118e-07 0 -1.910259e-07) 
( -4.129804e-07 0 -1.600461e-07) 
( -4.129804e-07 0 -1.600461e-07) 
( -4.053118e-07 0 -1.910259e-07) 
( -4.129804e-07 0 -1.600461e-07) 
( -4.129804e-07 0 -1.600461e-07) 
( -4.053161e-07 0 -1.910174e-07) 
( -4.129804e-07 0 -1.600461e-07) 
( -4.129804e-07 0 -1.600461e-07) 
( -4.053161e-07 0 -1.910174e-07) 
( -4.129270e-07 0 -1.601599e-07) 
( -4.129270e-07 0 -1.601599e-07) 
( -4.053161e-07 0 -1.910174e-07) 
( -4.129270e-07 0 -1.601599e-07) 
( -4.129270e-07 0 -1.601599e-07) 
( -4.053161e-07 0 -1.910174e-07) 
( -4.128735e-07 0 -1.602737e-07) 
( -4.128735e-07 0 -1.602737e-07) 
( -4.053075e-07 0 -1.910345e-07) 
( -4.130572e-07 0 -1.598782e-07) 
( -4.128990e-07 0 -1.602177e-07) 
( -4.022427e-07 0 -1.968383e-07) 
( -4.140392e-07 0 -1.662878e-07) 
( -4.137480e-07 0 -1.585808e-07) 
( -4.215909e-07 0 -1.315648e-07) 
( -4.266060e-07 0 -1.168010e-07) 
( -4.266060e-07 0 -1.168010e-07) 
( -4.215897e-07 0 -1.315637e-07) 
( -4.266060e-07 0 -1.168010e-07) 
( -4.266060e-07 0 -1.168010e-07) 
( -4.215897e-07 0 -1.315637e-07) 
( -4.266060e-07 0 -1.168010e-07) 
( -4.266060e-07 0 -1.168010e-07) 
( -4.215897e-07 0 -1.315637e-07) 
( -4.266060e-07 0 -1.168010e-07) 
( -4.266060e-07 0 -1.168010e-07) 
( -4.215897e-07 0 -1.315637e-07) 
( -4.266060e-07 0 -1.168010e-07) 
( -4.266060e-07 0 -1.168010e-07) 
( -4.215889e-07 0 -1.315540e-07) 
( -4.266060e-07 0 -1.168010e-07) 
( -4.266060e-07 0 -1.168010e-07) 
( -4.215889e-07 0 -1.315540e-07) 
( -4.266060e-07 0 -1.168010e-07) 
( -4.266060e-07 0 -1.168010e-07) 
( -4.215912e-07 0 -1.315830e-07) 
( -4.266060e-07 0 -1.168010e-07) 
( -4.266060e-07 0 -1.168010e-07) 
( -4.225265e-07 0 -1.420741e-07) 
( -4.289324e-07 0 -1.219897e-07) 
( -4.281484e-07 0 -1.156918e-07) 
( -4.310141e-07 0 -1.141517e-07) 
( -4.333195e-07 0 -1.008005e-07) 
( -4.333195e-07 0 -1.008005e-07) 
( -4.310141e-07 0 -1.141517e-07) 
( -4.333195e-07 0 -1.008005e-07) 
( -4.333195e-07 0 -1.008005e-07) 
( -4.310141e-07 0 -1.141517e-07) 
( -4.333195e-07 0 -1.008005e-07) 
( -4.333195e-07 0 -1.008005e-07) 
( -4.310141e-07 0 -1.141517e-07) 
( -4.333215e-07 0 -1.007874e-07) 
( -4.333195e-07 0 -1.008005e-07) 
( -4.310006e-07 0 -1.141677e-07) 
( -4.333215e-07 0 -1.007874e-07) 
( -4.333215e-07 0 -1.007874e-07) 
( -4.309509e-07 0 -1.142271e-07) 
( -4.333131e-07 0 -1.008341e-07) 
( -4.333215e-07 0 -1.007874e-07) 
( -4.309374e-07 0 -1.142431e-07) 
( -4.333131e-07 0 -1.008341e-07) 
( -4.333131e-07 0 -1.008341e-07) 
( -4.310233e-07 0 -1.141402e-07) 
( -4.333276e-07 0 -1.007480e-07) 
( -4.333152e-07 0 -1.008210e-07) 
( -4.301031e-07 0 -1.157431e-07) 
( -4.339472e-07 0 -9.635069e-08) 
( -4.335149e-07 0 -9.968862e-08) 
( -4.363662e-07 0 -6.659492e-08) 
( -4.408397e-07 0 -3.212430e-08) 
( -4.408397e-07 0 -3.212430e-08) 
( -4.363662e-07 0 -6.659492e-08) 
( -4.408397e-07 0 -3.212430e-08) 
( -4.408397e-07 0 -3.212430e-08) 
( -4.363662e-07 0 -6.659492e-08) 
( -4.408397e-07 0 -3.212430e-08) 
( -4.408397e-07 0 -3.212430e-08) 
( -4.363662e-07 0 -6.659492e-08) 
( -4.408397e-07 0 -3.212430e-08) 
( -4.408397e-07 0 -3.212430e-08) 
( -4.363578e-07 0 -6.664162e-08) 
( -4.408397e-07 0 -3.212430e-08) 
( -4.408397e-07 0 -3.212430e-08) 
( -4.363578e-07 0 -6.664162e-08) 
( -4.408397e-07 0 -3.212430e-08) 
( -4.408397e-07 0 -3.212430e-08) 
( -4.363475e-07 0 -6.670144e-08) 
( -4.408397e-07 0 -3.212430e-08) 
( -4.408397e-07 0 -3.212430e-08) 
( -4.363808e-07 0 -6.651464e-08) 
( -4.408397e-07 0 -3.212430e-08) 
( -4.408397e-07 0 -3.212430e-08) 
( -4.370803e-07 0 -6.603258e-08) 
( -4.389636e-07 0 -3.854031e-08) 
( -4.408397e-07 0 -3.212430e-08) 
( -4.413461e-07 0 -6.249058e-09) 
( -4.405014e-07 0 -3.413047e-09) 
( -4.405014e-07 0 -3.413047e-09) 
( -4.413461e-07 0 -6.249058e-09) 
( -4.405014e-07 0 -3.413047e-09) 
( -4.405014e-07 0 -3.413047e-09) 
( -4.413461e-07 0 -6.249058e-09) 
( -4.405014e-07 0 -3.413047e-09) 
( -4.405014e-07 0 -3.413047e-09) 
( -4.413461e-07 0 -6.249058e-09) 
( -4.405014e-07 0 -3.413047e-09) 
( -4.405014e-07 0 -3.413047e-09) 
( -4.413461e-07 0 -6.249058e-09) 
( -4.405014e-07 0 -3.413047e-09) 
( -4.405014e-07 0 -3.413047e-09) 
( -4.413461e-07 0 -6.249058e-09) 
( -4.405014e-07 0 -3.413047e-09) 
( -4.405014e-07 0 -3.413047e-09) 
( -4.413461e-07 0 -6.249058e-09) 
( -4.405014e-07 0 -3.413047e-09) 
( -4.405014e-07 0 -3.413047e-09) 
( -4.413461e-07 0 -6.249058e-09) 
( -4.405014e-07 0 -3.413047e-09) 
( -4.405014e-07 0 -3.413047e-09) 
( -4.391066e-07 0 -1.344284e-08) 
( -4.381009e-07 0 -6.020983e-09) 
( -4.405014e-07 0 -3.413047e-09) 
( -4.395343e-07 0 2.020260e-08) 
( -4.404377e-07 0 2.627344e-08) 
( -4.404377e-07 0 2.627344e-08) 
( -4.395343e-07 0 2.020260e-08) 
( -4.404377e-07 0 2.627344e-08) 
( -4.404377e-07 0 2.627344e-08) 
( -4.395343e-07 0 2.020260e-08) 
( -4.404377e-07 0 2.627344e-08) 
( -4.404377e-07 0 2.627344e-08) 
( -4.395343e-07 0 2.020260e-08) 
( -4.404377e-07 0 2.627344e-08) 
( -4.404377e-07 0 2.627344e-08) 
( -4.395343e-07 0 2.020260e-08) 
( -4.404377e-07 0 2.627344e-08) 
( -4.404377e-07 0 2.627344e-08) 
( -4.395343e-07 0 2.020260e-08) 
( -4.404377e-07 0 2.627344e-08) 
( -4.404377e-07 0 2.627344e-08) 
( -4.395343e-07 0 2.020260e-08) 
( -4.404377e-07 0 2.627344e-08) 
( -4.404377e-07 0 2.627344e-08) 
( -4.395343e-07 0 2.020260e-08) 
( -4.404377e-07 0 2.627344e-08) 
( -4.404377e-07 0 2.627344e-08) 
( -4.373461e-07 0 1.860742e-08) 
( -4.382015e-07 0 2.833551e-08) 
( -4.404377e-07 0 2.627344e-08) 
( -4.416329e-07 0 4.312303e-08) 
( -4.463642e-07 0 3.380131e-08) 
( -4.463641e-07 0 3.380016e-08) 
( -4.416329e-07 0 4.312303e-08) 
( -4.463642e-07 0 3.380131e-08) 
( -4.463642e-07 0 3.380131e-08) 
( -4.416329e-07 0 4.312303e-08) 
( -4.463642e-07 0 3.380131e-08) 
( -4.463642e-07 0 3.380131e-08) 
( -4.416329e-07 0 4.312303e-08) 
( -4.463642e-07 0 3.380131e-08) 
( -4.463642e-07 0 3.380131e-08) 
( -4.416329e-07 0 4.312303e-08) 
( -4.463642e-07 0 3.380131e-08) 
( -4.463642e-07 0 3.380131e-08) 
( -4.416329e-07 0 4.312303e-08) 
( -4.463613e-07 0 3.378003e-08) 
( -4.463613e-07 0 3.378003e-08) 
( -4.416329e-07 0 4.312303e-08) 
( -4.463612e-07 0 3.377888e-08) 
( -4.463613e-07 0 3.378003e-08) 
( -4.416329e-07 0 4.312303e-08) 
( -4.463693e-07 0 3.383815e-08) 
( -4.463612e-07 0 3.377888e-08) 
( -4.464547e-07 0 3.445902e-08) 
( -4.416329e-07 0 4.312303e-08) 
( -4.431613e-07 0 4.124332e-08) 
( -4.481679e-07 0 7.433800e-08) 
( -4.445974e-07 0 7.441559e-08) 
( -4.446117e-07 0 7.440525e-08) 
( -4.481679e-07 0 7.433800e-08) 
( -4.445974e-07 0 7.441559e-08) 
( -4.445974e-07 0 7.441559e-08) 
( -4.481679e-07 0 7.433800e-08) 
( -4.445974e-07 0 7.441559e-08) 
( -4.445974e-07 0 7.441559e-08) 
( -4.481679e-07 0 7.433800e-08) 
( -4.445974e-07 0 7.441559e-08) 
( -4.445974e-07 0 7.441559e-08) 
( -4.481679e-07 0 7.433800e-08) 
( -4.445974e-07 0 7.441559e-08) 
( -4.445974e-07 0 7.441559e-08) 
( -4.481679e-07 0 7.433800e-08) 
( -4.445748e-07 0 7.443156e-08) 
( -4.445748e-07 0 7.443156e-08) 
( -4.481596e-07 0 7.433931e-08) 
( -4.445653e-07 0 7.443846e-08) 
( -4.445700e-07 0 7.443501e-08) 
( -4.481727e-07 0 7.433723e-08) 
( -4.446011e-07 0 7.441341e-08) 
( -4.445605e-07 0 7.444191e-08) 
( -4.448900e-07 0 7.421051e-08) 
( -4.483438e-07 0 7.431002e-08) 
( -4.494907e-07 0 6.946722e-08) 
( -4.340356e-07 0 8.990404e-08) 
( -4.190783e-07 0 1.013912e-07) 
( -4.190797e-07 0 1.013944e-07) 
( -4.340356e-07 0 8.990404e-08) 
( -4.190783e-07 0 1.013912e-07) 
( -4.190783e-07 0 1.013912e-07) 
( -4.340356e-07 0 8.990404e-08) 
( -4.190783e-07 0 1.013912e-07) 
( -4.190783e-07 0 1.013912e-07) 
( -4.340356e-07 0 8.990404e-08) 
( -4.190783e-07 0 1.013912e-07) 
( -4.190783e-07 0 1.013912e-07) 
( -4.340356e-07 0 8.990404e-08) 
( -4.190787e-07 0 1.013725e-07) 
( -4.190801e-07 0 1.013756e-07) 
( -4.340356e-07 0 8.990404e-08) 
( -4.190787e-07 0 1.013725e-07) 
( -4.190787e-07 0 1.013725e-07) 
( -4.340356e-07 0 8.990404e-08) 
( -4.190773e-07 0 1.013693e-07) 
( -4.190787e-07 0 1.013725e-07) 
( -4.340356e-07 0 8.990404e-08) 
( -4.190708e-07 0 1.014128e-07) 
( -4.190760e-07 0 1.013661e-07) 
( -4.190280e-07 0 1.017835e-07) 
( -4.340356e-07 0 8.990404e-08) 
( -4.332403e-07 0 8.713497e-08) 
( -4.005952e-07 0 1.163087e-07) 
( -3.707061e-07 0 1.651213e-07) 
( -3.707234e-07 0 1.650904e-07) 
( -4.005952e-07 0 1.163087e-07) 
( -3.707061e-07 0 1.651213e-07) 
( -3.707061e-07 0 1.651213e-07) 
( -4.005952e-07 0 1.163087e-07) 
( -3.707061e-07 0 1.651213e-07) 
( -3.707061e-07 0 1.651213e-07) 
( -4.005969e-07 0 1.162931e-07) 
( -3.707061e-07 0 1.651213e-07) 
( -3.707061e-07 0 1.651213e-07) 
( -4.005969e-07 0 1.162931e-07) 
( -3.707061e-07 0 1.651213e-07) 
( -3.707061e-07 0 1.651213e-07) 
( -4.005969e-07 0 1.162931e-07) 
( -3.706889e-07 0 1.651523e-07) 
( -3.707061e-07 0 1.651213e-07) 
( -4.005987e-07 0 1.162775e-07) 
( -3.706523e-07 0 1.652195e-07) 
( -3.706523e-07 0 1.652195e-07) 
( -4.005966e-07 0 1.163118e-07) 
( -3.707450e-07 0 1.650490e-07) 
( -3.706717e-07 0 1.651833e-07) 
( -3.716540e-07 0 1.633862e-07) 
( -4.005644e-07 0 1.167268e-07) 
( -3.991743e-07 0 1.269587e-07) 
( -3.594359e-07 0 1.692153e-07) 
( -3.311291e-07 0 2.043195e-07) 
( -3.311291e-07 0 2.043195e-07) 
( -3.594359e-07 0 1.692153e-07) 
( -3.311291e-07 0 2.043195e-07) 
( -3.311291e-07 0 2.043195e-07) 
( -3.594359e-07 0 1.692153e-07) 
( -3.311291e-07 0 2.043195e-07) 
( -3.311291e-07 0 2.043195e-07) 
( -3.594359e-07 0 1.692153e-07) 
( -3.311291e-07 0 2.043195e-07) 
( -3.311291e-07 0 2.043195e-07) 
( -3.594806e-07 0 1.691321e-07) 
( -3.311291e-07 0 2.043195e-07) 
( -3.311291e-07 0 2.043195e-07) 
( -3.594806e-07 0 1.691321e-07) 
( -3.311291e-07 0 2.043195e-07) 
( -3.311291e-07 0 2.043195e-07) 
( -3.595424e-07 0 1.690139e-07) 
( -3.311291e-07 0 2.043195e-07) 
( -3.311291e-07 0 2.043195e-07) 
( -3.594188e-07 0 1.692502e-07) 
( -3.311291e-07 0 2.043195e-07) 
( -3.311291e-07 0 2.043195e-07) 
( -3.311291e-07 0 2.043195e-07) 
( -3.585325e-07 0 1.709306e-07) 
( -3.574114e-07 0 1.721709e-07) 
( -3.365686e-07 0 1.726435e-07) 
( -2.594981e-07 0 2.180256e-07) 
( -2.594981e-07 0 2.180256e-07) 
( -3.365686e-07 0 1.726435e-07) 
( -2.594981e-07 0 2.180256e-07) 
( -2.594981e-07 0 2.180256e-07) 
( -3.365686e-07 0 1.726435e-07) 
( -2.594981e-07 0 2.180256e-07) 
( -2.594981e-07 0 2.180256e-07) 
( -3.365333e-07 0 1.727005e-07) 
( -2.594981e-07 0 2.180256e-07) 
( -2.594981e-07 0 2.180256e-07) 
( -3.365333e-07 0 1.727005e-07) 
( -2.594981e-07 0 2.180256e-07) 
( -2.594981e-07 0 2.180256e-07) 
( -3.365145e-07 0 1.727280e-07) 
( -2.594981e-07 0 2.180256e-07) 
( -2.594981e-07 0 2.180256e-07) 
( -3.364792e-07 0 1.727850e-07) 
( -2.594981e-07 0 2.180256e-07) 
( -2.594981e-07 0 2.180256e-07) 
( -3.366039e-07 0 1.725865e-07) 
( -2.594981e-07 0 2.180256e-07) 
( -2.594981e-07 0 2.180256e-07) 
( -2.648851e-07 0 2.094095e-07) 
( -3.376247e-07 0 1.709753e-07) 
( -3.073394e-07 0 2.026243e-07) 
( 7.761505e-07 0 6.281337e-08) 
( 7.761505e-07 0 6.281337e-08) 
( 7.705895e-07 0 3.276434e-08) 
( 7.761505e-07 0 6.281337e-08) 
( 7.761505e-07 0 6.281337e-08) 
( 7.705895e-07 0 3.276434e-08) 
( 7.761505e-07 0 6.281337e-08) 
( 7.761505e-07 0 6.281337e-08) 
( 7.705895e-07 0 3.276434e-08) 
( 7.761505e-07 0 6.281337e-08) 
( 7.761505e-07 0 6.281337e-08) 
( 7.705895e-07 0 3.276434e-08) 
( 7.761505e-07 0 6.281337e-08) 
( 7.761503e-07 0 6.281414e-08) 
( 7.705895e-07 0 3.276434e-08) 
( 7.761416e-07 0 6.278688e-08) 
( 7.761416e-07 0 6.278688e-08) 
( 7.705895e-07 0 3.276434e-08) 
( 7.761414e-07 0 6.278765e-08) 
( 7.761412e-07 0 6.278842e-08) 
( 7.705895e-07 0 3.276434e-08) 
( 7.761495e-07 0 6.281722e-08) 
( 7.762188e-07 0 6.303766e-08) 
( 7.705895e-07 0 3.276434e-08) 
( 7.769400e-07 0 6.531462e-08) 
( 7.753266e-07 0 8.161395e-08) 
( 7.633236e-07 0 3.330191e-08) 
( 8.049746e-07 0 1.881517e-07) 
( 8.049746e-07 0 1.881517e-07) 
( 7.879631e-07 0 1.208940e-07) 
( 8.049746e-07 0 1.881517e-07) 
( 8.049746e-07 0 1.881517e-07) 
( 7.879631e-07 0 1.208940e-07) 
( 8.049746e-07 0 1.881517e-07) 
( 8.049746e-07 0 1.881517e-07) 
( 7.879631e-07 0 1.208940e-07) 
( 8.049746e-07 0 1.881517e-07) 
( 8.049746e-07 0 1.881517e-07) 
( 7.879631e-07 0 1.208940e-07) 
( 8.049746e-07 0 1.881517e-07) 
( 8.049746e-07 0 1.881517e-07) 
( 7.879635e-07 0 1.208844e-07) 
( 8.049746e-07 0 1.881517e-07) 
( 8.049746e-07 0 1.881517e-07) 
( 7.879536e-07 0 1.209041e-07) 
( 8.049746e-07 0 1.881517e-07) 
( 8.049746e-07 0 1.881517e-07) 
( 7.879440e-07 0 1.209143e-07) 
( 8.049746e-07 0 1.881517e-07) 
( 8.049746e-07 0 1.881517e-07) 
( 7.880262e-07 0 1.206993e-07) 
( 7.888131e-07 0 1.191420e-07) 
( 8.048745e-07 0 1.743707e-07) 
( 7.946483e-07 0 1.887421e-07) 
( 8.158012e-07 0 2.995749e-07) 
( 8.158020e-07 0 2.995505e-07) 
( 8.268900e-07 0 1.762170e-07) 
( 8.158020e-07 0 2.995505e-07) 
( 8.158020e-07 0 2.995505e-07) 
( 8.268900e-07 0 1.762170e-07) 
( 8.158020e-07 0 2.995505e-07) 
( 8.158020e-07 0 2.995505e-07) 
( 8.268900e-07 0 1.762170e-07) 
( 8.158020e-07 0 2.995505e-07) 
( 8.158020e-07 0 2.995505e-07) 
( 8.268900e-07 0 1.762170e-07) 
( 8.158020e-07 0 2.995505e-07) 
( 8.158035e-07 0 2.995944e-07) 
( 8.268900e-07 0 1.762170e-07) 
( 8.158027e-07 0 2.996188e-07) 
( 8.158027e-07 0 2.996188e-07) 
( 8.268900e-07 0 1.762170e-07) 
( 8.158041e-07 0 2.996627e-07) 
( 8.158033e-07 0 2.996871e-07) 
( 8.268900e-07 0 1.762170e-07) 
( 8.158011e-07 0 2.996676e-07) 
( 8.157910e-07 0 2.993606e-07) 
( 8.268900e-07 0 1.762170e-07) 
( 8.268900e-07 0 1.762170e-07) 
( 8.157341e-07 0 2.967960e-07) 
( 8.110903e-07 0 2.640310e-07) 
( 7.464607e-07 0 3.817572e-07) 
( 7.464497e-07 0 3.817636e-07) 
( 8.104220e-07 0 3.289978e-07) 
( 7.464497e-07 0 3.817636e-07) 
( 7.464497e-07 0 3.817636e-07) 
( 8.101321e-07 0 3.292522e-07) 
( 7.464497e-07 0 3.817636e-07) 
( 7.464497e-07 0 3.817636e-07) 
( 8.101321e-07 0 3.292522e-07) 
( 7.464497e-07 0 3.817636e-07) 
( 7.464497e-07 0 3.817636e-07) 
( 8.101321e-07 0 3.292522e-07) 
( 7.464497e-07 0 3.817636e-07) 
( 7.464497e-07 0 3.817636e-07) 
( 8.101321e-07 0 3.292522e-07) 
( 7.464492e-07 0 3.817690e-07) 
( 7.464435e-07 0 3.817750e-07) 
( 8.098423e-07 0 3.295067e-07) 
( 7.464435e-07 0 3.817750e-07) 
( 7.464378e-07 0 3.817809e-07) 
( 8.093905e-07 0 3.299029e-07) 
( 7.464325e-07 0 3.817814e-07) 
( 7.464289e-07 0 3.817599e-07) 
( 8.112235e-07 0 3.282928e-07) 
( 8.104736e-07 0 3.375794e-07) 
( 7.464283e-07 0 3.815589e-07) 
( 7.267415e-07 0 3.583187e-07) 
( 5.774405e-07 0 4.194955e-07) 
( 5.774405e-07 0 4.194955e-07) 
( 6.907655e-07 0 3.843579e-07) 
( 5.774405e-07 0 4.194955e-07) 
( 5.774405e-07 0 4.194955e-07) 
( 6.907655e-07 0 3.843579e-07) 
( 5.774405e-07 0 4.194955e-07) 
( 5.774405e-07 0 4.194955e-07) 
( 6.907655e-07 0 3.843579e-07) 
( 5.774405e-07 0 4.194955e-07) 
( 5.774405e-07 0 4.194955e-07) 
( 6.907655e-07 0 3.843579e-07) 
( 5.774405e-07 0 4.194955e-07) 
( 5.774405e-07 0 4.194955e-07) 
( 6.907738e-07 0 3.843594e-07) 
( 5.774405e-07 0 4.194955e-07) 
( 5.774405e-07 0 4.194955e-07) 
( 6.907822e-07 0 3.843608e-07) 
( 5.774405e-07 0 4.194955e-07) 
( 5.774405e-07 0 4.194955e-07) 
( 6.907905e-07 0 3.843623e-07) 
( 5.774405e-07 0 4.194955e-07) 
( 5.774405e-07 0 4.194955e-07) 
( 6.907908e-07 0 3.843400e-07) 
( 6.905341e-07 0 3.842557e-07) 
( 5.763306e-07 0 4.139182e-07) 
( 5.716076e-07 0 3.957393e-07) 
( 4.600872e-07 0 3.667264e-07) 
( 4.601015e-07 0 3.667058e-07) 
( 5.287955e-07 0 3.832004e-07) 
( 4.600707e-07 0 3.667301e-07) 
( 4.600707e-07 0 3.667301e-07) 
( 5.287955e-07 0 3.832004e-07) 
( 4.600707e-07 0 3.667301e-07) 
( 4.601015e-07 0 3.667058e-07) 
( 5.287955e-07 0 3.832004e-07) 
( 4.601015e-07 0 3.667058e-07) 
( 4.601015e-07 0 3.667058e-07) 
( 5.287955e-07 0 3.832004e-07) 
( 4.601015e-07 0 3.667058e-07) 
( 4.601015e-07 0 3.667058e-07) 
( 5.287955e-07 0 3.832004e-07) 
( 4.601015e-07 0 3.667058e-07) 
( 4.601324e-07 0 3.666815e-07) 
( 5.287955e-07 0 3.832004e-07) 
( 4.601324e-07 0 3.666815e-07) 
( 4.601632e-07 0 3.666572e-07) 
( 5.287955e-07 0 3.832004e-07) 
( 4.601467e-07 0 3.666609e-07) 
( 4.600045e-07 0 3.667450e-07) 
( 5.287955e-07 0 3.832004e-07) 
( 5.287955e-07 0 3.832004e-07) 
( 4.594004e-07 0 3.671582e-07) 
( 4.652142e-07 0 3.706601e-07) 
( 3.128213e-07 0 3.555229e-07) 
( 3.128257e-07 0 3.555263e-07) 
( 3.839623e-07 0 3.580993e-07) 
( 3.128257e-07 0 3.555263e-07) 
( 3.128257e-07 0 3.555263e-07) 
( 3.839623e-07 0 3.580993e-07) 
( 3.128257e-07 0 3.555263e-07) 
( 3.128257e-07 0 3.555263e-07) 
( 3.839623e-07 0 3.580993e-07) 
( 3.128257e-07 0 3.555263e-07) 
( 3.128033e-07 0 3.555289e-07) 
( 3.839623e-07 0 3.580993e-07) 
( 3.128211e-07 0 3.555294e-07) 
( 3.128263e-07 0 3.555068e-07) 
( 3.839488e-07 0 3.581021e-07) 
( 3.128368e-07 0 3.554550e-07) 
( 3.128464e-07 0 3.554357e-07) 
( 3.839233e-07 0 3.581178e-07) 
( 3.128329e-07 0 3.554386e-07) 
( 3.128104e-07 0 3.554412e-07) 
( 3.838522e-07 0 3.581551e-07) 
( 3.128104e-07 0 3.554412e-07) 
( 3.128869e-07 0 3.554271e-07) 
( 3.840161e-07 0 3.580943e-07) 
( 3.846278e-07 0 3.579749e-07) 
( 3.135969e-07 0 3.553040e-07) 
( 3.314457e-07 0 3.530706e-07) 
( 2.425386e-07 0 3.365077e-07) 
( 2.425386e-07 0 3.365077e-07) 
( 2.668519e-07 0 3.490370e-07) 
( 2.425386e-07 0 3.365077e-07) 
( 2.425386e-07 0 3.365077e-07) 
( 2.668712e-07 0 3.490281e-07) 
( 2.425386e-07 0 3.365077e-07) 
( 2.425386e-07 0 3.365077e-07) 
( 2.668596e-07 0 3.490518e-07) 
( 2.667076e-07 0 3.492310e-07) 
( 2.425386e-07 0 3.365077e-07) 
( 2.472809e-07 0 3.339109e-07) 
( 1.742446e-07 0 -2.940098e-07) 
( 1.742344e-07 0 -2.940195e-07) 
( 1.559353e-07 0 -2.989164e-07) 
( 1.742344e-07 0 -2.940195e-07) 
( 1.742344e-07 0 -2.940195e-07) 
( 1.558984e-07 0 -2.989540e-07) 
( 1.742344e-07 0 -2.940195e-07) 
( 1.742344e-07 0 -2.940195e-07) 
( 1.558023e-07 0 -2.990533e-07) 
( 1.742344e-07 0 -2.940195e-07) 
( 1.742344e-07 0 -2.940195e-07) 
( 1.558023e-07 0 -2.990533e-07) 
( 1.742344e-07 0 -2.940195e-07) 
( 1.742633e-07 0 -2.939957e-07) 
( 1.558291e-07 0 -2.990273e-07) 
( 1.743639e-07 0 -2.939260e-07) 
( 1.760752e-07 0 -2.927146e-07) 
( 1.548616e-07 0 -3.000376e-07) 
( 2.233452e-07 0 -2.917533e-07) 
( 2.233039e-07 0 -2.917843e-07) 
( 1.780365e-07 0 -2.994832e-07) 
( 2.233039e-07 0 -2.917843e-07) 
( 2.233039e-07 0 -2.917843e-07) 
( 1.780365e-07 0 -2.994832e-07) 
( 2.233039e-07 0 -2.917843e-07) 
( 2.233039e-07 0 -2.917843e-07) 
( 1.780365e-07 0 -2.994832e-07) 
( 2.233039e-07 0 -2.917843e-07) 
( 2.233039e-07 0 -2.917843e-07) 
( 1.780365e-07 0 -2.994832e-07) 
( 2.233810e-07 0 -2.917385e-07) 
( 2.233810e-07 0 -2.917385e-07) 
( 1.780365e-07 0 -2.994832e-07) 
( 2.237459e-07 0 -2.915248e-07) 
( 2.246521e-07 0 -2.908914e-07) 
( 1.824369e-07 0 -2.963934e-07) 
( 2.425386e-07 0 3.365077e-07) 
( 2.425386e-07 0 3.365077e-07) 
( 2.673281e-07 0 3.490058e-07) 
( 2.425386e-07 0 3.365077e-07) 
( 2.425386e-07 0 3.365077e-07) 
( 2.673281e-07 0 3.490058e-07) 
( 2.425386e-07 0 3.365077e-07) 
( 2.425386e-07 0 3.365077e-07) 
( 2.673281e-07 0 3.490058e-07) 
( 2.425386e-07 0 3.365077e-07) 
( 2.425386e-07 0 3.365077e-07) 
( 2.673281e-07 0 3.490058e-07) 
( 2.425386e-07 0 3.365077e-07) 
( 2.425386e-07 0 3.365077e-07) 
( 2.672052e-07 0 3.490037e-07) 
( 1.822030e-07 0 3.324389e-07) 
( 1.822030e-07 0 3.324389e-07) 
( 2.125279e-07 0 3.292606e-07) 
( 1.822030e-07 0 3.324389e-07) 
( 1.822030e-07 0 3.324389e-07) 
( 2.125279e-07 0 3.292606e-07) 
( 1.822030e-07 0 3.324389e-07) 
( 1.822030e-07 0 3.324389e-07) 
( 2.125279e-07 0 3.292606e-07) 
( 1.822030e-07 0 3.324389e-07) 
( 1.822030e-07 0 3.324389e-07) 
( 2.124910e-07 0 3.292731e-07) 
( 1.822030e-07 0 3.324389e-07) 
( 1.822030e-07 0 3.324389e-07) 
( 2.122016e-07 0 3.294176e-07) 
( 1.532792e-07 0 -2.993657e-07) 
( 1.558098e-07 0 -2.979497e-07) 
( 1.389722e-07 0 -3.067660e-07) 
( 1.506381e-07 0 -3.009082e-07) 
( 1.447766e-07 0 -3.062837e-07) 
( 1.350034e-07 0 -3.105396e-07) 
( 1.763139e-07 0 -2.922570e-07) 
( 1.757481e-07 0 -2.929585e-07) 
( 1.554170e-07 0 -2.994435e-07) 
( 1.742424e-07 0 -2.941275e-07) 
( 1.773431e-07 0 -3.015541e-07) 
( 1.563451e-07 0 -3.011427e-07) 
( 1.822030e-07 0 3.324389e-07) 
( 1.822030e-07 0 3.324389e-07) 
( 2.119577e-07 0 3.295787e-07) 
( 2.164326e-07 0 3.279096e-07) 
( 1.868718e-07 0 3.274433e-07) 
( 1.930720e-07 0 3.300282e-07) 
( 1.511751e-07 0 3.279165e-07) 
( 1.511751e-07 0 3.279165e-07) 
( 1.732179e-07 0 3.258490e-07) 
( 1.640806e-07 0 3.282599e-07) 
( 1.511751e-07 0 3.279165e-07) 
( 1.510824e-07 0 3.269474e-07) 
( -2.222008e-07 0 2.164424e-07) 
( -1.726374e-07 0 2.273699e-07) 
( -1.725717e-07 0 2.273705e-07) 
( -1.746499e-07 0 2.273058e-07) 
( -2.229665e-07 0 2.165598e-07) 
( -2.212579e-07 0 2.238704e-07) 
( -1.459247e-07 0 2.347922e-07) 
( -1.389222e-07 0 2.375435e-07) 
( -1.387493e-07 0 2.376030e-07) 
( -1.428394e-07 0 2.362164e-07) 
( -1.478457e-07 0 2.343381e-07) 
( -1.660127e-07 0 2.300665e-07) 
( 1.822030e-07 0 3.324389e-07) 
( 1.822030e-07 0 3.324389e-07) 
( 2.121759e-07 0 3.295187e-07) 
( 1.822030e-07 0 3.324389e-07) 
( 1.822030e-07 0 3.324389e-07) 
( 2.118808e-07 0 3.296188e-07) 
( 1.511751e-07 0 3.279165e-07) 
( 1.511751e-07 0 3.279165e-07) 
( 1.732179e-07 0 3.258490e-07) 
( 1.511751e-07 0 3.279165e-07) 
( 1.511751e-07 0 3.279165e-07) 
( 1.732179e-07 0 3.258490e-07) 
( -1.950404e-07 0 -2.974434e-07) 
( -2.473678e-07 0 -2.944263e-07) 
( -2.473678e-07 0 -2.944263e-07) 
( -1.950448e-07 0 -2.974367e-07) 
( -2.473678e-07 0 -2.944263e-07) 
( -2.473678e-07 0 -2.944263e-07) 
( -1.953209e-07 0 -2.973504e-07) 
( -2.473678e-07 0 -2.944263e-07) 
( -2.473678e-07 0 -2.944263e-07) 
( -2.362273e-07 0 -2.847557e-07) 
( -2.538249e-07 0 -2.932006e-07) 
( -2.446881e-07 0 -2.948230e-07) 
( -2.593576e-07 0 -3.101446e-07) 
( -3.009813e-07 0 -3.061912e-07) 
( -3.009868e-07 0 -3.061895e-07) 
( -2.593576e-07 0 -3.101446e-07) 
( -3.009836e-07 0 -3.062074e-07) 
( -3.009813e-07 0 -3.061912e-07) 
( -2.593576e-07 0 -3.101446e-07) 
( -3.009790e-07 0 -3.061750e-07) 
( -3.009836e-07 0 -3.062074e-07) 
( -2.812571e-07 0 -2.944042e-07) 
( -3.063463e-07 0 -2.921246e-07) 
( -3.009574e-07 0 -3.042369e-07) 
( -2.224075e-07 0 2.164238e-07) 
( -1.727566e-07 0 2.273615e-07) 
( -1.727395e-07 0 2.273627e-07) 
( -2.224154e-07 0 2.164243e-07) 
( -1.727566e-07 0 2.273615e-07) 
( -1.727566e-07 0 2.273615e-07) 
( -2.224075e-07 0 2.164238e-07) 
( -1.727566e-07 0 2.273615e-07) 
( -1.727566e-07 0 2.273615e-07) 
( -2.224075e-07 0 2.164238e-07) 
( -1.727566e-07 0 2.273615e-07) 
( -1.727566e-07 0 2.273615e-07) 
( -2.224075e-07 0 2.164238e-07) 
( -1.727487e-07 0 2.273611e-07) 
( -1.727566e-07 0 2.273615e-07) 
( -2.224075e-07 0 2.164238e-07) 
( -1.727316e-07 0 2.273623e-07) 
( -1.727487e-07 0 2.273611e-07) 
( -2.222804e-07 0 2.164318e-07) 
( -1.726307e-07 0 2.273674e-07) 
( -1.727146e-07 0 2.273635e-07) 
( -1.459151e-07 0 2.347947e-07) 
( -1.385239e-07 0 2.376723e-07) 
( -1.385734e-07 0 2.376556e-07) 
( -1.459151e-07 0 2.347947e-07) 
( -1.385239e-07 0 2.376723e-07) 
( -1.385239e-07 0 2.376723e-07) 
( -1.459151e-07 0 2.347947e-07) 
( -1.385239e-07 0 2.376723e-07) 
( -1.385239e-07 0 2.376723e-07) 
( -1.459151e-07 0 2.347947e-07) 
( -1.385734e-07 0 2.376556e-07) 
( -1.385239e-07 0 2.376723e-07) 
( -1.459055e-07 0 2.347972e-07) 
( -1.386973e-07 0 2.376139e-07) 
( -1.386477e-07 0 2.376306e-07) 
( -1.458911e-07 0 2.348005e-07) 
( -1.386235e-07 0 2.376401e-07) 
( -1.386235e-07 0 2.376401e-07) 
( -1.458671e-07 0 2.348062e-07) 
( -1.385997e-07 0 2.376507e-07) 
( -1.385987e-07 0 2.376484e-07) 
( -1.953541e-07 0 -2.973521e-07) 
( -2.473678e-07 0 -2.944263e-07) 
( -2.473678e-07 0 -2.944263e-07) 
( -1.953541e-07 0 -2.973521e-07) 
( -2.473678e-07 0 -2.944263e-07) 
( -2.473678e-07 0 -2.944263e-07) 
( -1.953541e-07 0 -2.973521e-07) 
( -2.473678e-07 0 -2.944263e-07) 
( -2.473678e-07 0 -2.944263e-07) 
( -1.953318e-07 0 -2.973571e-07) 
( -2.473678e-07 0 -2.944263e-07) 
( -2.473678e-07 0 -2.944263e-07) 
( -1.952262e-07 0 -2.973855e-07) 
( -2.473678e-07 0 -2.944263e-07) 
( -2.473678e-07 0 -2.944263e-07) 
( -2.593576e-07 0 -3.101446e-07) 
( -3.010195e-07 0 -3.060950e-07) 
( -3.010052e-07 0 -3.061162e-07) 
( -2.593576e-07 0 -3.101446e-07) 
( -3.010195e-07 0 -3.060950e-07) 
( -3.010195e-07 0 -3.060950e-07) 
( -2.593576e-07 0 -3.101446e-07) 
( -3.010195e-07 0 -3.060950e-07) 
( -3.010195e-07 0 -3.060950e-07) 
( -2.593576e-07 0 -3.101446e-07) 
( -3.010195e-07 0 -3.060950e-07) 
( -3.010195e-07 0 -3.060950e-07) 
( -2.593576e-07 0 -3.101446e-07) 
( -3.010075e-07 0 -3.061325e-07) 
( -3.010163e-07 0 -3.061129e-07) 
( 1.044846e-07 0 -3.337403e-07) 
( 1.045015e-07 0 -3.337342e-07) 
( 9.295926e-08 0 -3.396176e-07) 
( 1.045414e-07 0 -3.336395e-07) 
( 1.048740e-07 0 -3.328637e-07) 
( 9.568396e-08 0 -3.391706e-07) 
( 1.231246e-07 0 -3.161763e-07) 
( 1.231246e-07 0 -3.161763e-07) 
( 1.053761e-07 0 -3.275117e-07) 
( 1.231246e-07 0 -3.161763e-07) 
( 1.231246e-07 0 -3.161763e-07) 
( 1.053761e-07 0 -3.275117e-07) 
( 1.231246e-07 0 -3.161763e-07) 
( 1.231246e-07 0 -3.161763e-07) 
( 1.053697e-07 0 -3.275238e-07) 
( 1.231772e-07 0 -3.161512e-07) 
( 1.231772e-07 0 -3.161512e-07) 
( 1.053508e-07 0 -3.275643e-07) 
( 1.237029e-07 0 -3.158995e-07) 
( 1.247543e-07 0 -3.153962e-07) 
( 1.053341e-07 0 -3.276007e-07) 
( 1.261499e-07 0 -3.147280e-07) 
( 1.268622e-07 0 -3.143870e-07) 
( 1.052569e-07 0 -3.277711e-07) 
( 1.202044e-07 0 -3.176475e-07) 
( 1.205374e-07 0 -3.186592e-07) 
( 1.071244e-07 0 -3.274753e-07) 
( 1.571163e-07 0 -2.971346e-07) 
( 1.571056e-07 0 -2.971389e-07) 
( 1.355108e-07 0 -3.090125e-07) 
( 1.571056e-07 0 -2.971389e-07) 
( 1.571056e-07 0 -2.971389e-07) 
( 1.355108e-07 0 -3.090125e-07) 
( 1.571056e-07 0 -2.971389e-07) 
( 1.571056e-07 0 -2.971389e-07) 
( 1.356699e-07 0 -3.089098e-07) 
( 1.570791e-07 0 -2.971417e-07) 
( 1.546093e-07 0 -2.986248e-07) 
( 1.354341e-07 0 -3.090649e-07) 
( 1.473176e-07 0 -3.027194e-07) 
( 1.470393e-07 0 -3.028721e-07) 
( 1.372061e-07 0 -3.079166e-07) 
( 1.511751e-07 0 3.279165e-07) 
( 1.511751e-07 0 3.279165e-07) 
( 1.732179e-07 0 3.258490e-07) 
( 1.511751e-07 0 3.279165e-07) 
( 1.511751e-07 0 3.279165e-07) 
( 1.732179e-07 0 3.258490e-07) 
( 1.511751e-07 0 3.279165e-07) 
( 1.511751e-07 0 3.279165e-07) 
( 1.732179e-07 0 3.258490e-07) 
( 1.511751e-07 0 3.279165e-07) 
( 1.511751e-07 0 3.279165e-07) 
( 1.732179e-07 0 3.258490e-07) 
( 1.511751e-07 0 3.279165e-07) 
( 1.511751e-07 0 3.279165e-07) 
( 1.732179e-07 0 3.258490e-07) 
( 1.171905e-07 0 3.335999e-07) 
( 1.171905e-07 0 3.335999e-07) 
( 1.450127e-07 0 3.250051e-07) 
( 1.171905e-07 0 3.335999e-07) 
( 1.171905e-07 0 3.335999e-07) 
( 1.450127e-07 0 3.250051e-07) 
( 1.171905e-07 0 3.335999e-07) 
( 1.171905e-07 0 3.335999e-07) 
( 1.450127e-07 0 3.250051e-07) 
( 1.171905e-07 0 3.335999e-07) 
( 1.171905e-07 0 3.335999e-07) 
( 1.450127e-07 0 3.250051e-07) 
( 1.171905e-07 0 3.335999e-07) 
( 1.171905e-07 0 3.335999e-07) 
( 1.450127e-07 0 3.250051e-07) 
( 1.171905e-07 0 3.335999e-07) 
( 1.171905e-07 0 3.335999e-07) 
( 1.450127e-07 0 3.250051e-07) 
( 1.450127e-07 0 3.250051e-07) 
( 1.163392e-07 0 3.341395e-07) 
( 1.239427e-07 0 3.338235e-07) 
( 1.167947e-07 0 3.376325e-07) 
( 1.168375e-07 0 3.376299e-07) 
( 1.069888e-07 0 3.397117e-07) 
( 1.082495e-07 0 3.386365e-07) 
( 1.155911e-07 0 3.386501e-07) 
( 1.074282e-07 0 3.446647e-07) 
( 1.229720e-07 0 -3.162494e-07) 
( 1.229720e-07 0 -3.162494e-07) 
( 1.053520e-07 0 -3.275773e-07) 
( 1.230246e-07 0 -3.162242e-07) 
( 1.231009e-07 0 -3.161877e-07) 
( 1.053619e-07 0 -3.275485e-07) 
( 1.570687e-07 0 -2.971304e-07) 
( 1.570422e-07 0 -2.971332e-07) 
( 1.353900e-07 0 -3.090889e-07) 
( 1.570422e-07 0 -2.971332e-07) 
( 1.570846e-07 0 -2.971318e-07) 
( 1.354175e-07 0 -3.090722e-07) 
( 1.171905e-07 0 3.335999e-07) 
( 1.171905e-07 0 3.335999e-07) 
( 1.450127e-07 0 3.250051e-07) 
( 1.171905e-07 0 3.335999e-07) 
( 1.171905e-07 0 3.335999e-07) 
( 1.450127e-07 0 3.250051e-07) 
( 1.167063e-07 0 3.376373e-07) 
( 1.165723e-07 0 3.376449e-07) 
( 1.069888e-07 0 3.397117e-07) 
( 1.165455e-07 0 3.376464e-07) 
( 1.166233e-07 0 3.376421e-07) 
( 1.069888e-07 0 3.397117e-07) 
( 6.766800e-08 0 -3.562620e-07) 
( 6.766800e-08 0 -3.562620e-07) 
( 6.341774e-08 0 -3.611542e-07) 
( 6.766800e-08 0 -3.562620e-07) 
( 6.931603e-08 0 -3.567288e-07) 
( 6.793524e-08 0 -3.604958e-07) 
( 7.267236e-08 0 -3.467056e-07) 
( 7.299513e-08 0 -3.466061e-07) 
( 7.053407e-08 0 -3.526322e-07) 
( 7.504575e-08 0 -3.464881e-07) 
( 8.674644e-08 0 -3.450393e-07) 
( 7.084768e-08 0 -3.525190e-07) 
( 7.661197e-08 0 3.658956e-07) 
( 7.661197e-08 0 3.658956e-07) 
( 9.221694e-08 0 3.505101e-07) 
( 9.313980e-08 0 3.507376e-07) 
( 7.661197e-08 0 3.658956e-07) 
( 8.145802e-08 0 3.670757e-07) 
( 6.673818e-08 0 3.940978e-07) 
( 6.673818e-08 0 3.940978e-07) 
( 6.678700e-08 0 3.813790e-07) 
( 6.701421e-08 0 3.816028e-07) 
( 6.736575e-08 0 3.905891e-07) 
( 7.236116e-08 0 3.935539e-07) 
( 7.199328e-08 0 -3.469619e-07) 
( 7.199328e-08 0 -3.469619e-07) 
( 7.053407e-08 0 -3.526322e-07) 
( 7.188191e-08 0 -3.469759e-07) 
( 7.196799e-08 0 -3.469180e-07) 
( 7.053407e-08 0 -3.526322e-07) 
( 1.043677e-07 0 -3.338129e-07) 
( 1.043719e-07 0 -3.338118e-07) 
( 9.183283e-08 0 -3.397907e-07) 
( 1.043709e-07 0 -3.338088e-07) 
( 1.044166e-07 0 -3.337774e-07) 
( 9.259151e-08 0 -3.396758e-07) 
( -1.465342e-07 0 -2.705997e-07) 
( -1.515398e-07 0 -2.783388e-07) 
( -1.514544e-07 0 -2.783645e-07) 
( -1.691617e-07 0 -2.620959e-07) 
( -1.720360e-07 0 -2.700464e-07) 
( -1.649612e-07 0 -2.747087e-07) 
( -1.982274e-07 0 -2.709099e-07) 
( -1.980751e-07 0 -2.837947e-07) 
( -1.980806e-07 0 -2.837980e-07) 
( -1.797437e-07 0 -2.741343e-07) 
( -2.184579e-07 0 -2.719750e-07) 
( -2.103794e-07 0 -2.799201e-07) 
( -1.205013e-07 0 2.496110e-07) 
( -1.173239e-07 0 2.575339e-07) 
( -1.172538e-07 0 2.575392e-07) 
( -1.184530e-07 0 2.583113e-07) 
( -1.275313e-07 0 2.471064e-07) 
( -1.325955e-07 0 2.468554e-07) 
( -1.127735e-07 0 2.696266e-07) 
( -1.219656e-07 0 2.753348e-07) 
( -1.220588e-07 0 2.752453e-07) 
( -1.160436e-07 0 2.805172e-07) 
( -1.140388e-07 0 2.708047e-07) 
( -1.182887e-07 0 2.707477e-07) 
( 1.168213e-07 0 3.376304e-07) 
( 1.167838e-07 0 3.376324e-07) 
( 1.069888e-07 0 3.397117e-07) 
( 1.167838e-07 0 3.376324e-07) 
( 1.167838e-07 0 3.376324e-07) 
( 1.069888e-07 0 3.397117e-07) 
( 1.167838e-07 0 3.376324e-07) 
( 1.167838e-07 0 3.376324e-07) 
( 1.069888e-07 0 3.397117e-07) 
( 1.167838e-07 0 3.376324e-07) 
( 1.167838e-07 0 3.376324e-07) 
( 1.069888e-07 0 3.397117e-07) 
( 1.167811e-07 0 3.376327e-07) 
( 1.168160e-07 0 3.376309e-07) 
( 1.069888e-07 0 3.397117e-07) 
( 7.661197e-08 0 3.658956e-07) 
( 7.661197e-08 0 3.658956e-07) 
( 9.234111e-08 0 3.506514e-07) 
( 7.661197e-08 0 3.658956e-07) 
( 7.661197e-08 0 3.658956e-07) 
( 9.234111e-08 0 3.506514e-07) 
( 7.661197e-08 0 3.658956e-07) 
( 7.661197e-08 0 3.658956e-07) 
( 9.234111e-08 0 3.506514e-07) 
( 7.661197e-08 0 3.658956e-07) 
( 7.661197e-08 0 3.658956e-07) 
( 9.234111e-08 0 3.506514e-07) 
( 7.661197e-08 0 3.658956e-07) 
( 7.661197e-08 0 3.658956e-07) 
( 9.231904e-08 0 3.506033e-07) 
( 7.231284e-08 0 -3.469128e-07) 
( 7.232875e-08 0 -3.469108e-07) 
( 7.053407e-08 0 -3.526322e-07) 
( 7.234466e-08 0 -3.469088e-07) 
( 7.234466e-08 0 -3.469088e-07) 
( 7.053407e-08 0 -3.526322e-07) 
( 7.234466e-08 0 -3.469088e-07) 
( 7.234466e-08 0 -3.469088e-07) 
( 7.053407e-08 0 -3.526322e-07) 
( 7.234466e-08 0 -3.469088e-07) 
( 7.234466e-08 0 -3.469088e-07) 
( 7.053407e-08 0 -3.526322e-07) 
( 7.227284e-08 0 -3.469193e-07) 
( 7.216101e-08 0 -3.469364e-07) 
( 7.053407e-08 0 -3.526322e-07) 
( 1.043726e-07 0 -3.338165e-07) 
( 1.043685e-07 0 -3.338176e-07) 
( 9.163327e-08 0 -3.398202e-07) 
( 1.043657e-07 0 -3.338183e-07) 
( 1.043599e-07 0 -3.338214e-07) 
( 9.160145e-08 0 -3.398242e-07) 
( 1.043515e-07 0 -3.338236e-07) 
( 1.043471e-07 0 -3.338264e-07) 
( 9.151372e-08 0 -3.398367e-07) 
( 1.043471e-07 0 -3.338264e-07) 
( 1.043457e-07 0 -3.338267e-07) 
( 9.149781e-08 0 -3.398387e-07) 
( 1.043471e-07 0 -3.338264e-07) 
( 1.043561e-07 0 -3.338191e-07) 
( 9.172919e-08 0 -3.398052e-07) 
( -1.465284e-07 0 -2.706117e-07) 
( -1.515545e-07 0 -2.783384e-07) 
( -1.515545e-07 0 -2.783384e-07) 
( -1.464783e-07 0 -2.706247e-07) 
( -1.514760e-07 0 -2.783600e-07) 
( -1.515545e-07 0 -2.783384e-07) 
( -1.463498e-07 0 -2.706593e-07) 
( -1.514260e-07 0 -2.783730e-07) 
( -1.514760e-07 0 -2.783600e-07) 
( -1.990477e-07 0 -2.704749e-07) 
( -1.977187e-07 0 -2.839115e-07) 
( -1.977577e-07 0 -2.838981e-07) 
( -1.991304e-07 0 -2.704317e-07) 
( -1.976072e-07 0 -2.839548e-07) 
( -1.976629e-07 0 -2.839331e-07) 
( -1.987238e-07 0 -2.706507e-07) 
( -1.977854e-07 0 -2.838965e-07) 
( -1.976072e-07 0 -2.839548e-07) 
( -1.466284e-07 0 -2.705857e-07) 
( -1.516546e-07 0 -2.783124e-07) 
( -1.516261e-07 0 -2.783210e-07) 
( -1.466284e-07 0 -2.705857e-07) 
( -1.516546e-07 0 -2.783124e-07) 
( -1.516546e-07 0 -2.783124e-07) 
( -1.466068e-07 0 -2.705901e-07) 
( -1.516546e-07 0 -2.783124e-07) 
( -1.516546e-07 0 -2.783124e-07) 
( -1.465352e-07 0 -2.706076e-07) 
( -1.516045e-07 0 -2.783254e-07) 
( -1.516546e-07 0 -2.783124e-07) 
( -1.995748e-07 0 -2.701895e-07) 
( -1.973623e-07 0 -2.840282e-07) 
( -1.973791e-07 0 -2.840199e-07) 
( -1.996575e-07 0 -2.701464e-07) 
( -1.973233e-07 0 -2.840416e-07) 
( -1.973233e-07 0 -2.840416e-07) 
( -1.996575e-07 0 -2.701464e-07) 
( -1.973233e-07 0 -2.840416e-07) 
( -1.973233e-07 0 -2.840416e-07) 
( -1.991682e-07 0 -2.704086e-07) 
( -1.975405e-07 0 -2.839698e-07) 
( -1.973623e-07 0 -2.840282e-07) 
( 7.661197e-08 0 3.658956e-07) 
( 7.661197e-08 0 3.658956e-07) 
( 9.235485e-08 0 3.505004e-07) 
( 7.661197e-08 0 3.658956e-07) 
( 7.661197e-08 0 3.658956e-07) 
( 9.226788e-08 0 3.504918e-07) 
( 6.673818e-08 0 3.940978e-07) 
( 6.673818e-08 0 3.940978e-07) 
( 6.678700e-08 0 3.813790e-07) 
( 6.673818e-08 0 3.940978e-07) 
( 6.673818e-08 0 3.940978e-07) 
( 6.678700e-08 0 3.813790e-07) 
( 4.574069e-08 0 4.133973e-07) 
( 4.576835e-08 0 4.133881e-07) 
( 5.268478e-08 0 4.018019e-07) 
( 7.672124e-08 0 3.981492e-07) 
( 4.481226e-08 0 4.141954e-07) 
( 4.466625e-08 0 4.163336e-07) 
( 6.118780e-09 0 4.438341e-07) 
( 6.118780e-09 0 4.438341e-07) 
( 1.944356e-08 0 4.300742e-07) 
( 1.849549e-08 0 4.306056e-07) 
( 6.118780e-09 0 4.438341e-07) 
( 8.679478e-09 0 4.416929e-07) 
( 2.300433e-08 0 -3.601301e-07) 
( 2.297294e-08 0 -3.601435e-07) 
( 9.419074e-09 0 -3.617513e-07) 
( 2.253809e-08 0 -3.605395e-07) 
( 2.553029e-08 0 -3.612137e-07) 
( 1.608653e-08 0 -3.620869e-07) 
( 8.777589e-08 0 -3.546970e-07) 
( 8.739901e-08 0 -3.546924e-07) 
( 5.385965e-08 0 -3.569280e-07) 
( 8.542566e-08 0 -3.552834e-07) 
( 6.241553e-08 0 -3.595905e-07) 
( 4.253164e-08 0 -3.600092e-07) 
( -1.201536e-07 0 2.497253e-07) 
( -1.172771e-07 0 2.575311e-07) 
( -1.172771e-07 0 2.575311e-07) 
( -1.201536e-07 0 2.497253e-07) 
( -1.172584e-07 0 2.575338e-07) 
( -1.172771e-07 0 2.575311e-07) 
( -1.201055e-07 0 2.497454e-07) 
( -1.172374e-07 0 2.575391e-07) 
( -1.172584e-07 0 2.575338e-07) 
( -1.127102e-07 0 2.695555e-07) 
( -1.222849e-07 0 2.750205e-07) 
( -1.222849e-07 0 2.750205e-07) 
( -1.127003e-07 0 2.695454e-07) 
( -1.222365e-07 0 2.750697e-07) 
( -1.222486e-07 0 2.750574e-07) 
( -1.127157e-07 0 2.695638e-07) 
( -1.222124e-07 0 2.750943e-07) 
( -1.222728e-07 0 2.750328e-07) 
( -1.200535e-07 0 2.497564e-07) 
( -1.172794e-07 0 2.575284e-07) 
( -1.172794e-07 0 2.575284e-07) 
( -1.200535e-07 0 2.497564e-07) 
( -1.172794e-07 0 2.575284e-07) 
( -1.172794e-07 0 2.575284e-07) 
( -1.200535e-07 0 2.497564e-07) 
( -1.172794e-07 0 2.575284e-07) 
( -1.172794e-07 0 2.575284e-07) 
( -1.200787e-07 0 2.497492e-07) 
( -1.172689e-07 0 2.575311e-07) 
( -1.172794e-07 0 2.575284e-07) 
( -1.126948e-07 0 2.695372e-07) 
( -1.223332e-07 0 2.749714e-07) 
( -1.223211e-07 0 2.749837e-07) 
( -1.126948e-07 0 2.695372e-07) 
( -1.223332e-07 0 2.749714e-07) 
( -1.223332e-07 0 2.749714e-07) 
( -1.126948e-07 0 2.695372e-07) 
( -1.223211e-07 0 2.749837e-07) 
( -1.223332e-07 0 2.749714e-07) 
( -1.126976e-07 0 2.695413e-07) 
( -1.222849e-07 0 2.750205e-07) 
( -1.222970e-07 0 2.750082e-07) 
( 8.814425e-08 0 -3.547360e-07) 
( 8.814425e-08 0 -3.547360e-07) 
( 5.398490e-08 0 -3.569056e-07) 
( 8.814425e-08 0 -3.547360e-07) 
( 8.814425e-08 0 -3.547360e-07) 
( 5.398490e-08 0 -3.569056e-07) 
( 8.818118e-08 0 -3.547292e-07) 
( 8.827578e-08 0 -3.547092e-07) 
( 5.397839e-08 0 -3.569047e-07) 
( 6.766800e-08 0 -3.562620e-07) 
( 6.766800e-08 0 -3.562620e-07) 
( 6.341774e-08 0 -3.611542e-07) 
( 6.766800e-08 0 -3.562620e-07) 
( 6.766800e-08 0 -3.562620e-07) 
( 6.341774e-08 0 -3.611542e-07) 
( 6.766800e-08 0 -3.562620e-07) 
( 6.766800e-08 0 -3.562620e-07) 
( 6.341774e-08 0 -3.611542e-07) 
( -1.201092e-07 0 -2.660246e-07) 
( -1.144365e-07 0 -2.691393e-07) 
( -1.144380e-07 0 -2.691363e-07) 
( -1.112434e-07 0 -2.690879e-07) 
( -1.142630e-07 0 -2.668090e-07) 
( -1.144023e-07 0 -2.686975e-07) 
( -1.510777e-07 0 -2.549656e-07) 
( -1.624945e-07 0 -2.572892e-07) 
( -1.624808e-07 0 -2.572974e-07) 
( -1.487670e-07 0 -2.537525e-07) 
( -1.662376e-07 0 -2.536383e-07) 
( -1.664942e-07 0 -2.558365e-07) 
( 6.673818e-08 0 3.940978e-07) 
( 6.673818e-08 0 3.940978e-07) 
( 6.678700e-08 0 3.813790e-07) 
( 6.673818e-08 0 3.940978e-07) 
( 6.673818e-08 0 3.940978e-07) 
( 6.678700e-08 0 3.813790e-07) 
( 6.673818e-08 0 3.940978e-07) 
( 6.673818e-08 0 3.940978e-07) 
( 6.678700e-08 0 3.813790e-07) 
( 6.673818e-08 0 3.940978e-07) 
( 6.673818e-08 0 3.940978e-07) 
( 6.678700e-08 0 3.813790e-07) 
( 6.673818e-08 0 3.940978e-07) 
( 6.673818e-08 0 3.940978e-07) 
( 6.678700e-08 0 3.813790e-07) 
( 4.600730e-08 0 4.133065e-07) 
( 4.602113e-08 0 4.133019e-07) 
( 5.819525e-08 0 4.009913e-07) 
( 4.602113e-08 0 4.133019e-07) 
( 4.602113e-08 0 4.133019e-07) 
( 5.819525e-08 0 4.009913e-07) 
( 4.602113e-08 0 4.133019e-07) 
( 4.602113e-08 0 4.133019e-07) 
( 5.819525e-08 0 4.009913e-07) 
( 4.602113e-08 0 4.133019e-07) 
( 4.602113e-08 0 4.133019e-07) 
( 5.819525e-08 0 4.009913e-07) 
( 4.604879e-08 0 4.132927e-07) 
( 4.576991e-08 0 4.133774e-07) 
( 5.717568e-08 0 4.011318e-07) 
( -4.371391e-09 0 4.571999e-07) 
( -4.371391e-09 0 4.571999e-07) 
( 6.554657e-09 0 4.503126e-07) 
( 6.554657e-09 0 4.503126e-07) 
( -4.371391e-09 0 4.571999e-07) 
( -1.431979e-08 0 4.573347e-07) 
( -4.500163e-08 0 4.683263e-07) 
( -4.494745e-08 0 4.683301e-07) 
( -3.770042e-08 0 4.652060e-07) 
( -3.770042e-08 0 4.652060e-07) 
( -4.610878e-08 0 4.684174e-07) 
( -5.449775e-08 0 4.669121e-07) 
( -6.185699e-09 0 -3.577004e-07) 
( -6.185699e-09 0 -3.577004e-07) 
( -2.300600e-08 0 -3.527390e-07) 
( -6.185699e-09 0 -3.577004e-07) 
( -1.412313e-08 0 -3.566329e-07) 
( -2.203387e-08 0 -3.525057e-07) 
( 1.658000e-09 0 -3.616930e-07) 
( 1.658000e-09 0 -3.616930e-07) 
( 1.697619e-09 0 -3.599052e-07) 
( 1.658000e-09 0 -3.616930e-07) 
( 4.624896e-09 0 -3.618033e-07) 
( -5.476743e-09 0 -3.600223e-07) 
( 8.813315e-08 0 -3.547410e-07) 
( 8.813315e-08 0 -3.547410e-07) 
( 5.396897e-08 0 -3.569113e-07) 
( 8.812832e-08 0 -3.547416e-07) 
( 8.812832e-08 0 -3.547416e-07) 
( 5.396100e-08 0 -3.569141e-07) 
( 8.812832e-08 0 -3.547416e-07) 
( 8.812832e-08 0 -3.547416e-07) 
( 5.396100e-08 0 -3.569141e-07) 
( 8.813315e-08 0 -3.547410e-07) 
( 8.814111e-08 0 -3.547381e-07) 
( 5.398176e-08 0 -3.569078e-07) 
( 6.766800e-08 0 -3.562620e-07) 
( 6.766800e-08 0 -3.562620e-07) 
( 6.341774e-08 0 -3.611542e-07) 
( 6.766800e-08 0 -3.562620e-07) 
( 6.766800e-08 0 -3.562620e-07) 
( 6.341774e-08 0 -3.611542e-07) 
( 6.766800e-08 0 -3.562620e-07) 
( 6.766800e-08 0 -3.562620e-07) 
( 6.341774e-08 0 -3.611542e-07) 
( 6.766800e-08 0 -3.562620e-07) 
( 6.766800e-08 0 -3.562620e-07) 
( 6.341774e-08 0 -3.611542e-07) 
( 4.518834e-08 0 4.135522e-07) 
( 4.488565e-08 0 4.136423e-07) 
( 5.585084e-08 0 4.013033e-07) 
( 4.488565e-08 0 4.136423e-07) 
( 4.533890e-08 0 4.135125e-07) 
( 5.384583e-08 0 4.016136e-07) 
( 6.118780e-09 0 4.438341e-07) 
( 8.878129e-09 0 4.409968e-07) 
( 1.945561e-08 0 4.300698e-07) 
( 8.878129e-09 0 4.409968e-07) 
( 8.878129e-09 0 4.409968e-07) 
( 1.944951e-08 0 4.300705e-07) 
( -2.143200e-08 0 -3.453938e-07) 
( -2.143200e-08 0 -3.453938e-07) 
( -3.793157e-08 0 -3.346549e-07) 
( -2.325493e-08 0 -3.453743e-07) 
( -3.178811e-08 0 -3.449828e-07) 
( -4.174670e-08 0 -3.364888e-07) 
( -4.660209e-08 0 -3.264079e-07) 
( -6.191010e-08 0 -3.172221e-07) 
( -6.175093e-08 0 -3.175376e-07) 
( -5.170486e-08 0 -3.274967e-07) 
( -6.045839e-08 0 -3.193270e-07) 
( -6.123922e-08 0 -3.189622e-07) 
( -1.202215e-07 0 -2.659579e-07) 
( -1.144392e-07 0 -2.691413e-07) 
( -1.144392e-07 0 -2.691413e-07) 
( -1.202215e-07 0 -2.659579e-07) 
( -1.144392e-07 0 -2.691413e-07) 
( -1.144392e-07 0 -2.691413e-07) 
( -1.202215e-07 0 -2.659579e-07) 
( -1.144392e-07 0 -2.691413e-07) 
( -1.144392e-07 0 -2.691413e-07) 
( -1.200751e-07 0 -2.660450e-07) 
( -1.144392e-07 0 -2.691396e-07) 
( -1.144392e-07 0 -2.691413e-07) 
( -1.511158e-07 0 -2.549551e-07) 
( -1.622954e-07 0 -2.573492e-07) 
( -1.623238e-07 0 -2.573406e-07) 
( -1.511215e-07 0 -2.549521e-07) 
( -1.623317e-07 0 -2.573444e-07) 
( -1.623386e-07 0 -2.573402e-07) 
( -1.511266e-07 0 -2.549526e-07) 
( -1.622817e-07 0 -2.573574e-07) 
( -1.622817e-07 0 -2.573574e-07) 
( -1.511158e-07 0 -2.549551e-07) 
( -1.623386e-07 0 -2.573402e-07) 
( -1.622532e-07 0 -2.573659e-07) 
( -1.263489e-07 0 4.686218e-07) 
( -1.125281e-07 0 4.744368e-07) 
( -1.124919e-07 0 4.744499e-07) 
( -1.077651e-07 0 4.759786e-07) 
( -1.264998e-07 0 4.682341e-07) 
( -1.285086e-07 0 4.660494e-07) 
( -1.135505e-07 0 4.676926e-07) 
( -1.009572e-07 0 4.694076e-07) 
( -1.008231e-07 0 4.694271e-07) 
( -9.974217e-08 0 4.745078e-07) 
( -8.730472e-08 0 4.701472e-07) 
( -9.144331e-08 0 4.705611e-07) 
( -5.747885e-08 0 -2.998075e-07) 
( -7.107104e-08 0 -2.927480e-07) 
( -7.130495e-08 0 -2.927681e-07) 
( -7.480107e-08 0 -3.018637e-07) 
( -7.727594e-08 0 -2.986590e-07) 
( -7.035998e-08 0 -2.945526e-07) 
( -8.348920e-08 0 -2.897096e-07) 
( -9.268264e-08 0 -2.876380e-07) 
( -9.268693e-08 0 -2.876295e-07) 
( -8.432354e-08 0 -2.923051e-07) 
( -9.257333e-08 0 -2.854231e-07) 
( -9.265756e-08 0 -2.871593e-07) 
( -1.056191e-07 0 -2.805732e-07) 
( -1.146332e-07 0 -2.732816e-07) 
( -1.145774e-07 0 -2.733475e-07) 
( -1.027485e-07 0 -2.802442e-07) 
( -1.121767e-07 0 -2.753755e-07) 
( -1.121613e-07 0 -2.764953e-07) 
( -9.925881e-08 0 -2.756509e-07) 
( -1.293215e-07 0 -2.604560e-07) 
( -1.291989e-07 0 -2.605289e-07) 
( -1.051560e-07 0 -2.732358e-07) 
( -1.082236e-07 0 -2.714266e-07) 
( -1.103246e-07 0 -2.717534e-07) 
( -1.202947e-07 0 -2.659143e-07) 
( -1.144396e-07 0 -2.691436e-07) 
( -1.144396e-07 0 -2.691436e-07) 
( -1.203356e-07 0 -2.658900e-07) 
( -1.144392e-07 0 -2.691431e-07) 
( -1.144392e-07 0 -2.691431e-07) 
( -1.203765e-07 0 -2.658657e-07) 
( -1.144392e-07 0 -2.691413e-07) 
( -1.144396e-07 0 -2.691436e-07) 
( -1.511264e-07 0 -2.549543e-07) 
( -1.622316e-07 0 -2.573704e-07) 
( -1.622100e-07 0 -2.573748e-07) 
( -1.511264e-07 0 -2.549543e-07) 
( -1.622316e-07 0 -2.573704e-07) 
( -1.622316e-07 0 -2.573704e-07) 
( -1.511156e-07 0 -2.549568e-07) 
( -1.622385e-07 0 -2.573663e-07) 
( -1.622316e-07 0 -2.573704e-07) 
( -1.155551e-07 0 2.906975e-07) 
( -1.087092e-07 0 3.104663e-07) 
( -1.091112e-07 0 3.102120e-07) 
( -9.110302e-08 0 3.223537e-07) 
( -1.042995e-07 0 2.990332e-07) 
( -1.031718e-07 0 3.055189e-07) 
( -1.229006e-07 0 3.214145e-07) 
( -1.488387e-07 0 3.246735e-07) 
( -1.487143e-07 0 3.247565e-07) 
( -1.419558e-07 0 3.296014e-07) 
( -1.233823e-07 0 3.230499e-07) 
( -1.281685e-07 0 3.242549e-07) 
( -1.448363e-07 0 4.319076e-07) 
( -1.409821e-07 0 4.496148e-07) 
( -1.409733e-07 0 4.496104e-07) 
( -1.409676e-07 0 4.493143e-07) 
( -1.470256e-07 0 4.308071e-07) 
( -1.469482e-07 0 4.295979e-07) 
( -1.636346e-07 0 4.514197e-07) 
( -1.452267e-07 0 4.597105e-07) 
( -1.452330e-07 0 4.597004e-07) 
( -1.461946e-07 0 4.588492e-07) 
( -1.636032e-07 0 4.511419e-07) 
( -1.635109e-07 0 4.502066e-07) 
( 1.658000e-09 0 -3.616930e-07) 
( 1.658000e-09 0 -3.616930e-07) 
( 1.697619e-09 0 -3.599052e-07) 
( 1.658000e-09 0 -3.616930e-07) 
( 1.658000e-09 0 -3.616930e-07) 
( 1.697619e-09 0 -3.599052e-07) 
( 1.658000e-09 0 -3.616930e-07) 
( 1.658000e-09 0 -3.616930e-07) 
( 1.697619e-09 0 -3.599052e-07) 
( 2.313422e-08 0 -3.600816e-07) 
( 2.314442e-08 0 -3.600761e-07) 
( 9.419074e-09 0 -3.617513e-07) 
( 2.314442e-08 0 -3.600761e-07) 
( 2.314442e-08 0 -3.600761e-07) 
( 9.419074e-09 0 -3.617513e-07) 
( 2.314717e-08 0 -3.600755e-07) 
( 2.309379e-08 0 -3.600940e-07) 
( 9.419074e-09 0 -3.617513e-07) 
( 6.118780e-09 0 4.438341e-07) 
( 6.118780e-09 0 4.438341e-07) 
( 1.954519e-08 0 4.299643e-07) 
( 6.118780e-09 0 4.438341e-07) 
( 6.118780e-09 0 4.438341e-07) 
( 1.954519e-08 0 4.299643e-07) 
( 6.118780e-09 0 4.438341e-07) 
( 6.118780e-09 0 4.438341e-07) 
( 1.954519e-08 0 4.299643e-07) 
( 6.118780e-09 0 4.438341e-07) 
( 6.118780e-09 0 4.438341e-07) 
( 1.954519e-08 0 4.299643e-07) 
( 6.118780e-09 0 4.438341e-07) 
( 6.118780e-09 0 4.438341e-07) 
( 1.951627e-08 0 4.299978e-07) 
( -4.371391e-09 0 4.571999e-07) 
( -4.371391e-09 0 4.571999e-07) 
( 6.554657e-09 0 4.503126e-07) 
( -4.371391e-09 0 4.571999e-07) 
( -4.371391e-09 0 4.571999e-07) 
( 6.554657e-09 0 4.503126e-07) 
( -4.371391e-09 0 4.571999e-07) 
( -4.371391e-09 0 4.571999e-07) 
( 6.554657e-09 0 4.503126e-07) 
( -4.371391e-09 0 4.571999e-07) 
( -4.371391e-09 0 4.571999e-07) 
( 6.554657e-09 0 4.503126e-07) 
( -4.371391e-09 0 4.571999e-07) 
( -4.371391e-09 0 4.571999e-07) 
( 6.554657e-09 0 4.503126e-07) 
( -4.371391e-09 0 4.571999e-07) 
( -4.371391e-09 0 4.571999e-07) 
( 6.554657e-09 0 4.503126e-07) 
( -4.371391e-09 0 4.571999e-07) 
( -4.371391e-09 0 4.571999e-07) 
( 6.554657e-09 0 4.503126e-07) 
( -4.641181e-08 0 4.682117e-07) 
( -4.630344e-08 0 4.682193e-07) 
( -3.770042e-08 0 4.652060e-07) 
( -4.608208e-08 0 4.682362e-07) 
( -4.545826e-08 0 4.682878e-07) 
( -3.770042e-08 0 4.652060e-07) 
( 1.658000e-09 0 -3.616930e-07) 
( 1.658000e-09 0 -3.616930e-07) 
( 1.697619e-09 0 -3.599052e-07) 
( 1.658000e-09 0 -3.616930e-07) 
( 1.658000e-09 0 -3.616930e-07) 
( 1.697619e-09 0 -3.599052e-07) 
( 1.658000e-09 0 -3.616930e-07) 
( 1.658000e-09 0 -3.616930e-07) 
( 1.697619e-09 0 -3.599052e-07) 
( 1.658000e-09 0 -3.616930e-07) 
( 1.658000e-09 0 -3.616930e-07) 
( 1.697619e-09 0 -3.599052e-07) 
( 2.313422e-08 0 -3.600816e-07) 
( 2.313972e-08 0 -3.600803e-07) 
( 9.419074e-09 0 -3.617513e-07) 
( 2.313972e-08 0 -3.600803e-07) 
( 2.313972e-08 0 -3.600803e-07) 
( 9.419074e-09 0 -3.617513e-07) 
( 2.313972e-08 0 -3.600803e-07) 
( 2.313972e-08 0 -3.600803e-07) 
( 9.419074e-09 0 -3.617513e-07) 
( 2.314246e-08 0 -3.600797e-07) 
( 2.313972e-08 0 -3.600803e-07) 
( 9.419074e-09 0 -3.617513e-07) 
( -8.233062e-08 0 -2.907834e-07) 
( -9.268659e-08 0 -2.876330e-07) 
( -9.268939e-08 0 -2.876279e-07) 
( -8.222293e-08 0 -2.906720e-07) 
( -9.268791e-08 0 -2.876313e-07) 
( -9.268659e-08 0 -2.876330e-07) 
( -1.052131e-07 0 -2.807991e-07) 
( -1.146511e-07 0 -2.732494e-07) 
( -1.146511e-07 0 -2.732494e-07) 
( -1.052131e-07 0 -2.807991e-07) 
( -1.146511e-07 0 -2.732494e-07) 
( -1.146511e-07 0 -2.732494e-07) 
( -1.053398e-07 0 -2.807286e-07) 
( -1.146511e-07 0 -2.732494e-07) 
( -1.146511e-07 0 -2.732494e-07) 
( -1.057467e-07 0 -2.805022e-07) 
( -1.146511e-07 0 -2.732494e-07) 
( -1.146511e-07 0 -2.732494e-07) 
( -1.054794e-07 0 -2.806509e-07) 
( -1.146157e-07 0 -2.732958e-07) 
( -1.146511e-07 0 -2.732494e-07) 
( -9.931889e-08 0 -2.756659e-07) 
( -1.291342e-07 0 -2.605674e-07) 
( -1.291751e-07 0 -2.605431e-07) 
( -9.932505e-08 0 -2.756681e-07) 
( -1.290116e-07 0 -2.606403e-07) 
( -1.290201e-07 0 -2.606352e-07) 
( -9.932505e-08 0 -2.756681e-07) 
( -1.290116e-07 0 -2.606403e-07) 
( -1.290116e-07 0 -2.606403e-07) 
( -9.932505e-08 0 -2.756681e-07) 
( -1.290116e-07 0 -2.606403e-07) 
( -1.290116e-07 0 -2.606403e-07) 
( -9.928343e-08 0 -2.756596e-07) 
( -1.291172e-07 0 -2.605776e-07) 
( -1.290439e-07 0 -2.606211e-07) 
( -1.263375e-07 0 4.686062e-07) 
( -1.115266e-07 0 4.747959e-07) 
( -1.115266e-07 0 4.747959e-07) 
( -1.263377e-07 0 4.686241e-07) 
( -1.121599e-07 0 4.745689e-07) 
( -1.115851e-07 0 4.747749e-07) 
( -1.138993e-07 0 4.679226e-07) 
( -1.003725e-07 0 4.694888e-07) 
( -1.002724e-07 0 4.695025e-07) 
( -1.137513e-07 0 4.678246e-07) 
( -1.006890e-07 0 4.694465e-07) 
( -1.005227e-07 0 4.694682e-07) 
( -2.143200e-08 0 -3.453938e-07) 
( -2.143200e-08 0 -3.453938e-07) 
( -3.782203e-08 0 -3.347303e-07) 
( -2.143200e-08 0 -3.453938e-07) 
( -2.143200e-08 0 -3.453938e-07) 
( -3.782203e-08 0 -3.347303e-07) 
( -2.143200e-08 0 -3.453938e-07) 
( -2.143200e-08 0 -3.453938e-07) 
( -3.786927e-08 0 -3.346978e-07) 
( -6.185699e-09 0 -3.577004e-07) 
( -6.185699e-09 0 -3.577004e-07) 
( -2.300600e-08 0 -3.527390e-07) 
( -6.185699e-09 0 -3.577004e-07) 
( -6.185699e-09 0 -3.577004e-07) 
( -2.300600e-08 0 -3.527390e-07) 
( -6.185699e-09 0 -3.577004e-07) 
( -6.185699e-09 0 -3.577004e-07) 
( -2.300600e-08 0 -3.527390e-07) 
( -4.646670e-08 0 -3.263863e-07) 
( -6.172658e-08 0 -3.175755e-07) 
( -6.172664e-08 0 -3.175780e-07) 
( -4.644560e-08 0 -3.263836e-07) 
( -6.142184e-08 0 -3.181414e-07) 
( -6.151376e-08 0 -3.179712e-07) 
( -4.653585e-08 0 -3.263979e-07) 
( -6.152840e-08 0 -3.179500e-07) 
( -6.143637e-08 0 -3.181151e-07) 
( -5.515189e-08 0 -3.139282e-07) 
( -5.491498e-08 0 -3.058065e-07) 
( -5.438001e-08 0 -3.063224e-07) 
( -5.552361e-08 0 -3.136214e-07) 
( -5.435826e-08 0 -3.063396e-07) 
( -5.491914e-08 0 -3.058011e-07) 
( -8.235623e-08 0 -2.907433e-07) 
( -9.268659e-08 0 -2.876330e-07) 
( -9.268659e-08 0 -2.876330e-07) 
( -8.219282e-08 0 -2.906695e-07) 
( -9.269088e-08 0 -2.876244e-07) 
( -9.268791e-08 0 -2.876313e-07) 
( -1.060140e-07 0 -2.803534e-07) 
( -1.146972e-07 0 -2.731893e-07) 
( -1.146972e-07 0 -2.731893e-07) 
( -1.057069e-07 0 -2.805243e-07) 
( -1.146648e-07 0 -2.732303e-07) 
( -1.146864e-07 0 -2.732030e-07) 
( -9.938297e-08 0 -2.756525e-07) 
( -1.289060e-07 0 -2.607031e-07) 
( -1.289792e-07 0 -2.606596e-07) 
( -9.931889e-08 0 -2.756659e-07) 
( -1.290610e-07 0 -2.606109e-07) 
( -1.289060e-07 0 -2.607031e-07) 
( -1.090028e-07 0 3.613544e-07) 
( -1.044237e-07 0 3.774098e-07) 
( -1.044338e-07 0 3.774030e-07) 
( -1.124499e-07 0 3.747079e-07) 
( -1.086161e-07 0 3.613454e-07) 
( -1.073088e-07 0 3.612707e-07) 
( -1.002847e-07 0 3.926807e-07) 
( -1.344705e-07 0 3.888145e-07) 
( -1.344396e-07 0 3.888284e-07) 
( -1.159459e-07 0 4.014300e-07) 
( -1.118094e-07 0 3.889041e-07) 
( -1.192922e-07 0 3.856382e-07) 
( -1.501992e-07 0 3.971863e-07) 
( -1.607356e-07 0 4.075900e-07) 
( -1.607011e-07 0 4.076476e-07) 
( -1.694729e-07 0 4.046565e-07) 
( -1.458846e-07 0 4.017595e-07) 
( -1.381062e-07 0 4.065818e-07) 
( -1.263406e-07 0 4.685922e-07) 
( -1.111360e-07 0 4.749359e-07) 
( -1.111360e-07 0 4.749359e-07) 
( -1.263453e-07 0 4.685856e-07) 
( -1.111360e-07 0 4.749359e-07) 
( -1.111360e-07 0 4.749359e-07) 
( -1.263501e-07 0 4.685825e-07) 
( -1.114010e-07 0 4.748409e-07) 
( -1.112169e-07 0 4.749069e-07) 
( -4.704257e-08 0 4.681578e-07) 
( -4.704257e-08 0 4.681578e-07) 
( -3.770042e-08 0 4.652060e-07) 
( -4.704257e-08 0 4.681578e-07) 
( -4.704257e-08 0 4.681578e-07) 
( -3.770042e-08 0 4.652060e-07) 
( -4.693189e-08 0 4.681662e-07) 
( -4.669894e-08 0 4.681870e-07) 
( -3.770042e-08 0 4.652060e-07) 
( -1.142165e-07 0 4.681336e-07) 
( -9.987190e-08 0 4.695573e-07) 
( -9.987190e-08 0 4.695573e-07) 
( -1.142165e-07 0 4.681336e-07) 
( -9.987190e-08 0 4.695573e-07) 
( -9.987190e-08 0 4.695573e-07) 
( -1.140473e-07 0 4.680206e-07) 
( -1.000722e-07 0 4.695299e-07) 
( -9.992196e-08 0 4.695505e-07) 
( -3.779305e-08 0 -3.347502e-07) 
( -2.143200e-08 0 -3.453938e-07) 
( -2.143200e-08 0 -3.453938e-07) 
( -2.143200e-08 0 -3.453938e-07) 
( -2.143200e-08 0 -3.453938e-07) 
( -3.778986e-08 0 -3.347524e-07) 
( -2.143200e-08 0 -3.453938e-07) 
( -2.143200e-08 0 -3.453938e-07) 
( -3.778986e-08 0 -3.347524e-07) 
( -2.143200e-08 0 -3.453938e-07) 
( -2.143200e-08 0 -3.453938e-07) 
( -3.781131e-08 0 -3.347377e-07) 
( -6.185699e-09 0 -3.577004e-07) 
( -6.185699e-09 0 -3.577004e-07) 
( -2.300600e-08 0 -3.527390e-07) 
( -6.185699e-09 0 -3.577004e-07) 
( -6.185699e-09 0 -3.577004e-07) 
( -2.300600e-08 0 -3.527390e-07) 
( -6.185699e-09 0 -3.577004e-07) 
( -6.185699e-09 0 -3.577004e-07) 
( -2.300600e-08 0 -3.527390e-07) 
( -6.185699e-09 0 -3.577004e-07) 
( -6.185699e-09 0 -3.577004e-07) 
( -2.300600e-08 0 -3.527390e-07) 
( -4.640047e-08 0 -3.263764e-07) 
( -6.143618e-08 0 -3.181073e-07) 
( -6.143624e-08 0 -3.181099e-07) 
( -4.640047e-08 0 -3.263764e-07) 
( -6.143618e-08 0 -3.181073e-07) 
( -6.143618e-08 0 -3.181073e-07) 
( -4.640047e-08 0 -3.263764e-07) 
( -6.143618e-08 0 -3.181073e-07) 
( -6.143618e-08 0 -3.181073e-07) 
( -4.642449e-08 0 -3.263808e-07) 
( -6.152334e-08 0 -3.179493e-07) 
( -6.143624e-08 0 -3.181099e-07) 
( -5.517087e-08 0 -3.139104e-07) 
( -5.488908e-08 0 -3.058290e-07) 
( -5.490154e-08 0 -3.058129e-07) 
( -5.517087e-08 0 -3.139104e-07) 
( -5.458114e-08 0 -3.061283e-07) 
( -5.488908e-08 0 -3.058290e-07) 
( -5.518461e-08 0 -3.138989e-07) 
( -5.373824e-08 0 -3.069435e-07) 
( -5.401196e-08 0 -3.066775e-07) 
( -5.544639e-08 0 -3.136842e-07) 
( -5.352208e-08 0 -3.071516e-07) 
( -5.373408e-08 0 -3.069488e-07) 
( -5.733951e-08 0 -2.998188e-07) 
( -7.127528e-08 0 -2.927745e-07) 
( -7.151754e-08 0 -2.927972e-07) 
( -5.733621e-08 0 -2.998531e-07) 
( -7.126828e-08 0 -2.927740e-07) 
( -7.126828e-08 0 -2.927740e-07) 
( -5.734896e-08 0 -2.998800e-07) 
( -7.154065e-08 0 -2.927993e-07) 
( -7.128438e-08 0 -2.927756e-07) 
( -8.344629e-08 0 -2.897389e-07) 
( -9.270078e-08 0 -2.876056e-07) 
( -9.269666e-08 0 -2.876124e-07) 
( -8.344629e-08 0 -2.897389e-07) 
( -9.269963e-08 0 -2.876056e-07) 
( -9.269963e-08 0 -2.876056e-07) 
( -8.283691e-08 0 -2.901190e-07) 
( -9.269666e-08 0 -2.876124e-07) 
( -9.270078e-08 0 -2.876056e-07) 
( -1.155496e-07 0 2.906900e-07) 
( -1.084266e-07 0 3.106290e-07) 
( -1.084266e-07 0 3.106290e-07) 
( -1.160624e-07 0 2.903751e-07) 
( -1.088656e-07 0 3.103625e-07) 
( -1.085754e-07 0 3.105364e-07) 
( -1.228263e-07 0 3.212226e-07) 
( -1.500734e-07 0 3.237588e-07) 
( -1.500479e-07 0 3.237789e-07) 
( -1.228588e-07 0 3.213271e-07) 
( -1.492776e-07 0 3.243368e-07) 
( -1.499905e-07 0 3.238141e-07) 
( -1.449648e-07 0 4.318724e-07) 
( -1.409782e-07 0 4.495985e-07) 
( -1.409823e-07 0 4.495998e-07) 
( -1.449648e-07 0 4.318724e-07) 
( -1.409786e-07 0 4.496003e-07) 
( -1.409786e-07 0 4.496003e-07) 
( -1.448475e-07 0 4.318981e-07) 
( -1.409799e-07 0 4.496057e-07) 
( -1.409828e-07 0 4.496016e-07) 
( -1.636185e-07 0 4.514820e-07) 
( -1.452365e-07 0 4.597259e-07) 
( -1.452381e-07 0 4.597225e-07) 
( -1.636245e-07 0 4.514755e-07) 
( -1.452208e-07 0 4.597492e-07) 
( -1.452318e-07 0 4.597326e-07) 
( -1.636386e-07 0 4.514564e-07) 
( -1.451924e-07 0 4.597890e-07) 
( -1.451971e-07 0 4.597823e-07) 
( -1.636366e-07 0 4.514605e-07) 
( -1.451735e-07 0 4.598155e-07) 
( -1.451797e-07 0 4.598054e-07) 
( -1.636366e-07 0 4.514312e-07) 
( -1.452016e-07 0 4.597578e-07) 
( -1.451718e-07 0 4.598153e-07) 
( -1.263814e-07 0 4.685216e-07) 
( -1.108262e-07 0 4.750469e-07) 
( -1.108262e-07 0 4.750469e-07) 
( -1.263689e-07 0 4.685453e-07) 
( -1.110104e-07 0 4.749809e-07) 
( -1.109071e-07 0 4.750179e-07) 
( -4.722134e-08 0 4.681408e-07) 
( -4.722366e-08 0 4.681400e-07) 
( -3.770042e-08 0 4.652060e-07) 
( -4.716484e-08 0 4.681454e-07) 
( -4.710371e-08 0 4.681516e-07) 
( -3.770042e-08 0 4.652060e-07) 
( -1.141953e-07 0 4.681186e-07) 
( -9.980575e-08 0 4.695653e-07) 
( -9.980575e-08 0 4.695653e-07) 
( -1.141953e-07 0 4.681186e-07) 
( -9.980575e-08 0 4.695653e-07) 
( -9.980575e-08 0 4.695653e-07) 
( -1.154060e-07 0 2.907758e-07) 
( -1.081289e-07 0 3.108141e-07) 
( -1.080767e-07 0 3.108487e-07) 
( -1.155751e-07 0 2.906684e-07) 
( -1.082777e-07 0 3.107216e-07) 
( -1.081810e-07 0 3.107795e-07) 
( -1.228133e-07 0 3.211808e-07) 
( -1.503663e-07 0 3.235477e-07) 
( -1.503663e-07 0 3.235477e-07) 
( -1.228209e-07 0 3.212106e-07) 
( -1.502485e-07 0 3.236356e-07) 
( -1.504077e-07 0 3.235200e-07) 
( -1.449758e-07 0 4.318699e-07) 
( -1.409860e-07 0 4.495993e-07) 
( -1.410031e-07 0 4.496062e-07) 
( -1.449399e-07 0 4.318847e-07) 
( -1.409819e-07 0 4.495980e-07) 
( -1.409856e-07 0 4.495975e-07) 
( -1.636365e-07 0 4.514703e-07) 
( -1.451656e-07 0 4.598325e-07) 
( -1.451893e-07 0 4.597958e-07) 
( -1.636386e-07 0 4.514603e-07) 
( -1.451814e-07 0 4.598056e-07) 
( -1.451656e-07 0 4.598325e-07) 
( -1.153750e-07 0 2.907900e-07) 
( -1.080321e-07 0 3.108721e-07) 
( -1.079800e-07 0 3.109067e-07) 
( -1.153750e-07 0 2.907900e-07) 
( -1.080321e-07 0 3.108721e-07) 
( -1.080321e-07 0 3.108721e-07) 
( -1.153905e-07 0 2.907829e-07) 
( -1.081289e-07 0 3.108141e-07) 
( -1.080321e-07 0 3.108721e-07) 
( -1.227960e-07 0 3.211358e-07) 
( -1.507675e-07 0 3.232612e-07) 
( -1.507675e-07 0 3.232612e-07) 
( -1.227960e-07 0 3.211358e-07) 
( -1.507675e-07 0 3.232612e-07) 
( -1.507675e-07 0 3.232612e-07) 
( -1.228025e-07 0 3.211567e-07) 
( -1.505669e-07 0 3.234044e-07) 
( -1.507006e-07 0 3.233089e-07) 
( -1.502778e-07 0 3.970152e-07) 
( -1.606418e-07 0 4.077071e-07) 
( -1.606418e-07 0 4.077071e-07) 
( -1.502789e-07 0 3.970090e-07) 
( -1.607000e-07 0 4.076069e-07) 
( -1.606526e-07 0 4.076920e-07) 
( -1.456160e-07 0 4.315922e-07) 
( -1.410745e-07 0 4.496318e-07) 
( -1.410745e-07 0 4.496318e-07) 
( -1.454477e-07 0 4.316635e-07) 
( -1.410492e-07 0 4.496222e-07) 
( -1.410783e-07 0 4.496313e-07) 
( -1.090392e-07 0 3.613450e-07) 
( -1.037135e-07 0 3.776376e-07) 
( -1.037305e-07 0 3.776335e-07) 
( -1.090559e-07 0 3.613284e-07) 
( -1.036964e-07 0 3.776417e-07) 
( -1.037135e-07 0 3.776376e-07) 
( -1.090417e-07 0 3.613275e-07) 
( -1.040566e-07 0 3.775244e-07) 
( -1.037406e-07 0 3.776267e-07) 
( -1.004543e-07 0 3.926179e-07) 
( -1.343028e-07 0 3.889336e-07) 
( -1.343028e-07 0 3.889336e-07) 
( -1.004543e-07 0 3.926179e-07) 
( -1.343028e-07 0 3.889336e-07) 
( -1.343028e-07 0 3.889336e-07) 
( -1.003048e-07 0 3.926671e-07) 
( -1.344134e-07 0 3.888464e-07) 
( -1.343397e-07 0 3.889045e-07) 
( -1.503306e-07 0 3.968991e-07) 
( -1.608885e-07 0 4.072726e-07) 
( -1.608832e-07 0 4.072801e-07) 
( -1.503306e-07 0 3.968991e-07) 
( -1.608885e-07 0 4.072726e-07) 
( -1.608885e-07 0 4.072726e-07) 
( -1.502347e-07 0 3.970990e-07) 
( -1.607991e-07 0 4.074588e-07) 
( -1.608993e-07 0 4.072575e-07) 
( -1.090315e-07 0 3.613579e-07) 
( -1.035810e-07 0 3.776826e-07) 
( -1.035810e-07 0 3.776826e-07) 
( -1.090315e-07 0 3.613579e-07) 
( -1.035810e-07 0 3.776826e-07) 
( -1.035810e-07 0 3.776826e-07) 
( -1.090441e-07 0 3.613463e-07) 
( -1.035810e-07 0 3.776826e-07) 
( -1.035810e-07 0 3.776826e-07) 
( -1.090480e-07 0 3.613398e-07) 
( -1.036693e-07 0 3.776526e-07) 
( -1.036081e-07 0 3.776717e-07) 
( -1.003900e-07 0 3.926466e-07) 
( -1.345801e-07 0 3.887465e-07) 
( -1.345801e-07 0 3.887465e-07) 
( -1.004171e-07 0 3.926357e-07) 
( -1.345015e-07 0 3.888005e-07) 
( -1.345801e-07 0 3.887465e-07) 
( -1.004714e-07 0 3.926138e-07) 
( -1.343183e-07 0 3.889266e-07) 
( -1.343968e-07 0 3.888726e-07) 
( -1.004714e-07 0 3.926138e-07) 
( -1.343028e-07 0 3.889336e-07) 
( -1.342553e-07 0 3.889737e-07) 
( -1.503554e-07 0 3.968503e-07) 
( -1.609079e-07 0 4.072314e-07) 
( -1.608174e-07 0 4.074003e-07) 
( -1.503371e-07 0 3.968853e-07) 
( -1.609015e-07 0 4.072451e-07) 
( -1.609198e-07 0 4.072101e-07) 
