( -3.256189e-08 0 -3.249986e-07) 
( -3.256189e-08 0 -3.249986e-07) 
( -3.256364e-08 0 -3.249999e-07) 
( -3.250656e-08 0 -3.249942e-07) 
( -3.254893e-08 0 -3.249982e-07) 
( -3.256189e-08 0 -3.249986e-07) 
( -3.254719e-08 0 -3.249968e-07) 
( -3.235450e-08 0 -3.249250e-07) 
( -3.351506e-08 0 -3.252913e-07) 
( -1.957404e-08 0 -3.413966e-07) 
( -1.957404e-08 0 -3.413966e-07) 
( -1.957404e-08 0 -3.413966e-07) 
( -1.957404e-08 0 -3.413966e-07) 
( -1.957404e-08 0 -3.413966e-07) 
( -1.957404e-08 0 -3.413966e-07) 
( -1.957404e-08 0 -3.413966e-07) 
( -1.957404e-08 0 -3.413966e-07) 
( -1.957404e-08 0 -3.413966e-07) 
( 1.645773e-09 0 -3.485434e-07) 
( 1.645773e-09 0 -3.485434e-07) 
( 1.645773e-09 0 -3.485434e-07) 
( 1.645773e-09 0 -3.485434e-07) 
( 1.645773e-09 0 -3.485434e-07) 
( 1.645773e-09 0 -3.485434e-07) 
( 1.645773e-09 0 -3.485434e-07) 
( 1.645773e-09 0 -3.485434e-07) 
( 1.645773e-09 0 -3.485434e-07) 
( 1.248630e-08 0 -3.470484e-07) 
( 1.248630e-08 0 -3.470484e-07) 
( 1.248630e-08 0 -3.470484e-07) 
( 1.248630e-08 0 -3.470484e-07) 
( 1.248630e-08 0 -3.470484e-07) 
( 1.248630e-08 0 -3.470484e-07) 
( 1.248630e-08 0 -3.470484e-07) 
( 1.248630e-08 0 -3.470484e-07) 
( 1.248630e-08 0 -3.470484e-07) 
( 5.557441e-08 0 -3.418593e-07) 
( 5.557600e-08 0 -3.418590e-07) 
( 5.557600e-08 0 -3.418590e-07) 
( 5.556986e-08 0 -3.418626e-07) 
( 5.557007e-08 0 -3.418650e-07) 
( 5.556669e-08 0 -3.418632e-07) 
( 5.557124e-08 0 -3.418599e-07) 
( 5.555318e-08 0 -3.418563e-07) 
( 5.562144e-08 0 -3.419174e-07) 
( 6.044895e-08 0 -3.442631e-07) 
( 6.044895e-08 0 -3.442631e-07) 
( 6.044895e-08 0 -3.442631e-07) 
( 6.044895e-08 0 -3.442631e-07) 
( 6.044895e-08 0 -3.442631e-07) 
( 6.044895e-08 0 -3.442631e-07) 
( 6.044895e-08 0 -3.442631e-07) 
( 6.044895e-08 0 -3.442631e-07) 
( 6.044895e-08 0 -3.442631e-07) 
( 7.438310e-08 0 -3.294738e-07) 
( 7.438310e-08 0 -3.294738e-07) 
( 7.438310e-08 0 -3.294738e-07) 
( 7.438310e-08 0 -3.294738e-07) 
( 7.438310e-08 0 -3.294738e-07) 
( 7.438310e-08 0 -3.294738e-07) 
( 7.438310e-08 0 -3.294738e-07) 
( 7.438310e-08 0 -3.294738e-07) 
( 7.438310e-08 0 -3.294738e-07) 
( 1.127812e-07 0 -3.092163e-07) 
( 1.128059e-07 0 -3.091979e-07) 
( 1.128059e-07 0 -3.091979e-07) 
( 1.128059e-07 0 -3.091979e-07) 
( 1.128059e-07 0 -3.091979e-07) 
( 1.128059e-07 0 -3.091979e-07) 
( 1.128059e-07 0 -3.091979e-07) 
( 1.123527e-07 0 -3.094511e-07) 
( 1.102123e-07 0 -3.105529e-07) 
( 1.036605e-07 0 -3.013672e-07) 
( 1.036605e-07 0 -3.013672e-07) 
( 1.036605e-07 0 -3.013672e-07) 
( 1.036605e-07 0 -3.013672e-07) 
( 1.036605e-07 0 -3.013672e-07) 
( 1.036605e-07 0 -3.013672e-07) 
( 1.036605e-07 0 -3.013672e-07) 
( 1.036605e-07 0 -3.013672e-07) 
( 1.036605e-07 0 -3.013672e-07) 
( 1.215287e-07 0 -2.867004e-07) 
( 1.215287e-07 0 -2.867004e-07) 
( 1.215287e-07 0 -2.867004e-07) 
( 1.215287e-07 0 -2.867004e-07) 
( 1.215287e-07 0 -2.867004e-07) 
( 1.215287e-07 0 -2.867004e-07) 
( 1.215287e-07 0 -2.867004e-07) 
( 1.215287e-07 0 -2.867004e-07) 
( 1.215287e-07 0 -2.867004e-07) 
( 1.446823e-07 0 -2.770941e-07) 
( 1.446823e-07 0 -2.770941e-07) 
( 1.446823e-07 0 -2.770941e-07) 
( 1.446823e-07 0 -2.770941e-07) 
( 1.446823e-07 0 -2.770941e-07) 
( 1.446823e-07 0 -2.770941e-07) 
( 1.446823e-07 0 -2.770941e-07) 
( 1.446823e-07 0 -2.770941e-07) 
( 1.446823e-07 0 -2.770941e-07) 
( 1.738438e-07 0 -2.762812e-07) 
( 1.738438e-07 0 -2.762812e-07) 
( 1.738438e-07 0 -2.762812e-07) 
( 1.738438e-07 0 -2.762812e-07) 
( 1.738438e-07 0 -2.762812e-07) 
( 1.738438e-07 0 -2.762812e-07) 
( 1.738438e-07 0 -2.762812e-07) 
( 1.738438e-07 0 -2.762812e-07) 
( 1.738438e-07 0 -2.762812e-07) 
( 2.625518e-07 0 -2.823827e-07) 
( 2.625497e-07 0 -2.823785e-07) 
( 2.625497e-07 0 -2.823785e-07) 
( 2.625497e-07 0 -2.823785e-07) 
( 2.625497e-07 0 -2.823785e-07) 
( 2.625497e-07 0 -2.823785e-07) 
( 2.625476e-07 0 -2.823742e-07) 
( 2.625339e-07 0 -2.823555e-07) 
( 2.612994e-07 0 -2.825979e-07) 
( 3.488880e-07 0 -3.199086e-07) 
( 3.488880e-07 0 -3.199086e-07) 
( 3.488880e-07 0 -3.199086e-07) 
( 3.488880e-07 0 -3.199086e-07) 
( 3.488880e-07 0 -3.199086e-07) 
( 3.488880e-07 0 -3.199086e-07) 
( 3.488880e-07 0 -3.199086e-07) 
( 3.488880e-07 0 -3.199086e-07) 
( 3.488880e-07 0 -3.199086e-07) 
( 5.102248e-07 0 -3.502444e-07) 
( 5.102248e-07 0 -3.502444e-07) 
( 5.102248e-07 0 -3.502444e-07) 
( 5.102248e-07 0 -3.502444e-07) 
( 5.102248e-07 0 -3.502444e-07) 
( 5.102248e-07 0 -3.502444e-07) 
( 5.102248e-07 0 -3.502444e-07) 
( 5.102248e-07 0 -3.502444e-07) 
( 5.102248e-07 0 -3.502444e-07) 
( 6.558907e-07 0 -3.482622e-07) 
( 6.558800e-07 0 -3.482652e-07) 
( 6.558800e-07 0 -3.482652e-07) 
( 6.558800e-07 0 -3.482652e-07) 
( 6.559108e-07 0 -3.482470e-07) 
( 6.559108e-07 0 -3.482470e-07) 
( 6.559723e-07 0 -3.482105e-07) 
( 6.561360e-07 0 -3.481119e-07) 
( 6.574094e-07 0 -3.472951e-07) 
( 7.672699e-07 0 -2.686723e-07) 
( 7.672699e-07 0 -2.686723e-07) 
( 7.672699e-07 0 -2.686723e-07) 
( 7.672699e-07 0 -2.686723e-07) 
( 7.672699e-07 0 -2.686723e-07) 
( 7.672341e-07 0 -2.687504e-07) 
( 7.671624e-07 0 -2.689067e-07) 
( 7.670008e-07 0 -2.692623e-07) 
( 7.692492e-07 0 -2.658121e-07) 
( 8.020038e-07 0 -2.184174e-07) 
( 8.020038e-07 0 -2.184174e-07) 
( 8.020038e-07 0 -2.184174e-07) 
( 8.020038e-07 0 -2.184174e-07) 
( 8.020038e-07 0 -2.184174e-07) 
( 8.020038e-07 0 -2.184174e-07) 
( 8.020038e-07 0 -2.184174e-07) 
( 8.020038e-07 0 -2.184174e-07) 
( 8.020038e-07 0 -2.184174e-07) 
( 7.708927e-07 0 -2.896228e-08) 
( 7.708858e-07 0 -2.893648e-08) 
( 7.708858e-07 0 -2.893648e-08) 
( 7.708858e-07 0 -2.893648e-08) 
( 7.708858e-07 0 -2.893648e-08) 
( 7.708792e-07 0 -2.891327e-08) 
( 7.708726e-07 0 -2.889006e-08) 
( 7.708471e-07 0 -2.880241e-08) 
( 7.704661e-07 0 -2.752683e-08) 
( -5.351029e-08 0 -3.099648e-07) 
( -5.350128e-08 0 -3.099696e-07) 
( -5.349226e-08 0 -3.099744e-07) 
( -5.360487e-08 0 -3.099119e-07) 
( -5.359364e-08 0 -3.099192e-07) 
( -5.356999e-08 0 -3.099325e-07) 
( -5.360265e-08 0 -3.099145e-07) 
( -5.399574e-08 0 -3.096997e-07) 
( -4.983968e-08 0 -3.117966e-07) 
( -5.708103e-08 0 -2.972804e-07) 
( -5.707088e-08 0 -2.973056e-07) 
( -5.707088e-08 0 -2.973056e-07) 
( -5.708943e-08 0 -2.972617e-07) 
( -5.714017e-08 0 -2.971356e-07) 
( -5.716046e-08 0 -2.970851e-07) 
( -5.714856e-08 0 -2.971169e-07) 
( -5.693125e-08 0 -2.976877e-07) 
( -5.632728e-08 0 -3.004970e-07) 
( -5.478391e-08 0 -2.866622e-07) 
( -5.478391e-08 0 -2.866622e-07) 
( -5.477871e-08 0 -2.866617e-07) 
( -5.491779e-08 0 -2.866465e-07) 
( -5.505168e-08 0 -2.866308e-07) 
( -5.505168e-08 0 -2.866308e-07) 
( -5.501432e-08 0 -2.866344e-07) 
( -5.408748e-08 0 -2.867450e-07) 
( -5.889498e-08 0 -2.861596e-07) 
( -9.537158e-08 0 -2.704046e-07) 
( -9.537158e-08 0 -2.704046e-07) 
( -9.527484e-08 0 -2.704462e-07) 
( -9.485649e-08 0 -2.706260e-07) 
( -9.476012e-08 0 -2.706674e-07) 
( -9.476012e-08 0 -2.706674e-07) 
( -9.463125e-08 0 -2.707228e-07) 
( -9.480849e-08 0 -2.706466e-07) 
( -8.608284e-08 0 -2.744033e-07) 
( -1.147274e-07 0 -2.598082e-07) 
( -1.147274e-07 0 -2.598082e-07) 
( -1.147274e-07 0 -2.598082e-07) 
( -1.147209e-07 0 -2.598117e-07) 
( -1.147209e-07 0 -2.598117e-07) 
( -1.147209e-07 0 -2.598117e-07) 
( -1.147209e-07 0 -2.598117e-07) 
( -1.147112e-07 0 -2.598162e-07) 
( -1.145933e-07 0 -2.595744e-07) 
( -1.036078e-07 0 -2.576739e-07) 
( -1.035949e-07 0 -2.576880e-07) 
( -1.035949e-07 0 -2.576880e-07) 
( -1.036340e-07 0 -2.576485e-07) 
( -1.036427e-07 0 -2.576401e-07) 
( -1.036427e-07 0 -2.576401e-07) 
( -1.036340e-07 0 -2.576485e-07) 
( -1.037032e-07 0 -2.575751e-07) 
( -1.015635e-07 0 -2.599579e-07) 
( -1.530634e-07 0 -2.321417e-07) 
( -1.530634e-07 0 -2.321417e-07) 
( -1.530634e-07 0 -2.321417e-07) 
( -1.530634e-07 0 -2.321417e-07) 
( -1.530634e-07 0 -2.321417e-07) 
( -1.530634e-07 0 -2.321417e-07) 
( -1.530553e-07 0 -2.321432e-07) 
( -1.530724e-07 0 -2.321184e-07) 
( -1.532378e-07 0 -2.318026e-07) 
( -1.295969e-07 0 -2.499101e-07) 
( -1.296118e-07 0 -2.499008e-07) 
( -1.296118e-07 0 -2.499008e-07) 
( -1.296118e-07 0 -2.499008e-07) 
( -1.296118e-07 0 -2.499008e-07) 
( -1.296118e-07 0 -2.499008e-07) 
( -1.296019e-07 0 -2.499088e-07) 
( -1.297264e-07 0 -2.498117e-07) 
( -1.263047e-07 0 -2.518298e-07) 
( -1.356712e-07 0 -2.586086e-07) 
( -1.356712e-07 0 -2.586086e-07) 
( -1.356712e-07 0 -2.586086e-07) 
( -1.356712e-07 0 -2.586086e-07) 
( -1.356712e-07 0 -2.586086e-07) 
( -1.356712e-07 0 -2.586086e-07) 
( -1.355965e-07 0 -2.586476e-07) 
( -1.369602e-07 0 -2.579779e-07) 
( -1.356420e-07 0 -2.591686e-07) 
( -1.750869e-07 0 -2.669511e-07) 
( -1.750928e-07 0 -2.669485e-07) 
( -1.750928e-07 0 -2.669485e-07) 
( -1.750928e-07 0 -2.669485e-07) 
( -1.750928e-07 0 -2.669485e-07) 
( -1.750928e-07 0 -2.669485e-07) 
( -1.750987e-07 0 -2.669460e-07) 
( -1.754062e-07 0 -2.666467e-07) 
( -1.733964e-07 0 -2.684205e-07) 
( -1.930057e-07 0 -2.881924e-07) 
( -1.930057e-07 0 -2.881924e-07) 
( -1.930057e-07 0 -2.881924e-07) 
( -1.930057e-07 0 -2.881924e-07) 
( -1.930057e-07 0 -2.881924e-07) 
( -1.930057e-07 0 -2.881924e-07) 
( -1.928687e-07 0 -2.882398e-07) 
( -1.914065e-07 0 -2.887116e-07) 
( -1.882973e-07 0 -2.896832e-07) 
( -2.556125e-07 0 -3.056732e-07) 
( -2.556125e-07 0 -3.056732e-07) 
( -2.556125e-07 0 -3.056732e-07) 
( -2.556125e-07 0 -3.056732e-07) 
( -2.556125e-07 0 -3.056732e-07) 
( -2.556125e-07 0 -3.056732e-07) 
( -2.556125e-07 0 -3.056732e-07) 
( -2.556125e-07 0 -3.056732e-07) 
( -2.556125e-07 0 -3.056732e-07) 
( -3.262012e-07 0 -2.958150e-07) 
( -3.262012e-07 0 -2.958150e-07) 
( -3.262012e-07 0 -2.958150e-07) 
( -3.262012e-07 0 -2.958150e-07) 
( -3.262012e-07 0 -2.958150e-07) 
( -3.262012e-07 0 -2.958150e-07) 
( -3.262012e-07 0 -2.958150e-07) 
( -3.262012e-07 0 -2.958150e-07) 
( -3.262012e-07 0 -2.958150e-07) 
( -3.685664e-07 0 -2.606182e-07) 
( -3.685664e-07 0 -2.606182e-07) 
( -3.685664e-07 0 -2.606182e-07) 
( -3.685664e-07 0 -2.606182e-07) 
( -3.685664e-07 0 -2.606182e-07) 
( -3.685664e-07 0 -2.606182e-07) 
( -3.685468e-07 0 -2.606436e-07) 
( -3.685082e-07 0 -2.606923e-07) 
( -3.672784e-07 0 -2.622323e-07) 
( -3.930818e-07 0 -2.066579e-07) 
( -3.930706e-07 0 -2.066769e-07) 
( -3.930706e-07 0 -2.066769e-07) 
( -3.930706e-07 0 -2.066769e-07) 
( -3.930706e-07 0 -2.066769e-07) 
( -3.930706e-07 0 -2.066769e-07) 
( -3.930539e-07 0 -2.067032e-07) 
( -3.930373e-07 0 -2.067295e-07) 
( -3.922346e-07 0 -2.080385e-07) 
( -4.150852e-07 0 -1.336508e-07) 
( -4.150860e-07 0 -1.336434e-07) 
( -4.150860e-07 0 -1.336434e-07) 
( -4.150860e-07 0 -1.336434e-07) 
( -4.150860e-07 0 -1.336434e-07) 
( -4.150897e-07 0 -1.336191e-07) 
( -4.150897e-07 0 -1.336191e-07) 
( -4.150970e-07 0 -1.335704e-07) 
( -4.152205e-07 0 -1.327076e-07) 
( -4.277007e-07 0 -1.133684e-07) 
( -4.277007e-07 0 -1.133684e-07) 
( -4.277007e-07 0 -1.133684e-07) 
( -4.277007e-07 0 -1.133684e-07) 
( -4.277007e-07 0 -1.133684e-07) 
( -4.277007e-07 0 -1.133684e-07) 
( -4.277007e-07 0 -1.133684e-07) 
( -4.277007e-07 0 -1.133684e-07) 
( -4.277007e-07 0 -1.133684e-07) 
( -4.325101e-07 0 -6.691898e-08) 
( -4.325126e-07 0 -6.692573e-08) 
( -4.325126e-07 0 -6.692573e-08) 
( -4.325126e-07 0 -6.692573e-08) 
( -4.325126e-07 0 -6.692573e-08) 
( -4.325246e-07 0 -6.691320e-08) 
( -4.325233e-07 0 -6.690983e-08) 
( -4.325473e-07 0 -6.688479e-08) 
( -4.329504e-07 0 -6.649523e-08) 
( -4.348566e-07 0 -6.154316e-09) 
( -4.348566e-07 0 -6.154316e-09) 
( -4.348566e-07 0 -6.154316e-09) 
( -4.348566e-07 0 -6.154316e-09) 
( -4.348566e-07 0 -6.154316e-09) 
( -4.348566e-07 0 -6.154316e-09) 
( -4.348566e-07 0 -6.154316e-09) 
( -4.348566e-07 0 -6.154316e-09) 
( -4.348566e-07 0 -6.154316e-09) 
( -4.327422e-07 0 1.989538e-08) 
( -4.327422e-07 0 1.989538e-08) 
( -4.327422e-07 0 1.989538e-08) 
( -4.327422e-07 0 1.989538e-08) 
( -4.327422e-07 0 1.989538e-08) 
( -4.327422e-07 0 1.989538e-08) 
( -4.327422e-07 0 1.989538e-08) 
( -4.327422e-07 0 1.989538e-08) 
( -4.327422e-07 0 1.989538e-08) 
( -4.349497e-07 0 4.246779e-08) 
( -4.349497e-07 0 4.246779e-08) 
( -4.349497e-07 0 4.246779e-08) 
( -4.349497e-07 0 4.246779e-08) 
( -4.349497e-07 0 4.246779e-08) 
( -4.349497e-07 0 4.246779e-08) 
( -4.349497e-07 0 4.246779e-08) 
( -4.349497e-07 0 4.246779e-08) 
( -4.417864e-07 0 5.603228e-08) 
( -4.389709e-07 0 8.205415e-08) 
( -4.389603e-07 0 8.206388e-08) 
( -4.389603e-07 0 8.206388e-08) 
( -4.389603e-07 0 8.206388e-08) 
( -4.389603e-07 0 8.206388e-08) 
( -4.389603e-07 0 8.206388e-08) 
( -4.389551e-07 0 8.206874e-08) 
( -4.389498e-07 0 8.207361e-08) 
( -4.382410e-07 0 7.473431e-08) 
( -4.263460e-07 0 8.831502e-08) 
( -4.263460e-07 0 8.831502e-08) 
( -4.263460e-07 0 8.831502e-08) 
( -4.263460e-07 0 8.831502e-08) 
( -4.263460e-07 0 8.831502e-08) 
( -4.263460e-07 0 8.831502e-08) 
( -4.263460e-07 0 8.831502e-08) 
( -4.263460e-07 0 8.831502e-08) 
( -4.070143e-07 0 1.017870e-07) 
( -3.804853e-07 0 1.371515e-07) 
( -3.804794e-07 0 1.371595e-07) 
( -3.804794e-07 0 1.371595e-07) 
( -3.804794e-07 0 1.371595e-07) 
( -3.804794e-07 0 1.371595e-07) 
( -3.804794e-07 0 1.371595e-07) 
( -3.804621e-07 0 1.371846e-07) 
( -3.804448e-07 0 1.372097e-07) 
( -3.699085e-07 0 1.432273e-07) 
( -3.456928e-07 0 1.678474e-07) 
( -3.457128e-07 0 1.678087e-07) 
( -3.457128e-07 0 1.678087e-07) 
( -3.457128e-07 0 1.678087e-07) 
( -3.457128e-07 0 1.678087e-07) 
( -3.457128e-07 0 1.678087e-07) 
( -3.457329e-07 0 1.677700e-07) 
( -3.458211e-07 0 1.676057e-07) 
( -3.196791e-07 0 1.915654e-07) 
( -2.880971e-07 0 2.011694e-07) 
( -2.880971e-07 0 2.011694e-07) 
( -2.880971e-07 0 2.011694e-07) 
( -2.880979e-07 0 2.011702e-07) 
( -2.880979e-07 0 2.011702e-07) 
( -2.880979e-07 0 2.011702e-07) 
( -2.881058e-07 0 2.011715e-07) 
( -2.881138e-07 0 2.011727e-07) 
( -2.467214e-07 0 2.044561e-07) 
( -2.055560e-07 0 2.019342e-07) 
( -2.055560e-07 0 2.019342e-07) 
( -2.055560e-07 0 2.019342e-07) 
( -2.055560e-07 0 2.019342e-07) 
( -2.055560e-07 0 2.019342e-07) 
( -2.055712e-07 0 2.019179e-07) 
( -2.055906e-07 0 2.019028e-07) 
( -2.056598e-07 0 2.018401e-07) 
( -1.648184e-07 0 2.114112e-07) 
( -1.323915e-07 0 2.158610e-07) 
( -1.323827e-07 0 2.158631e-07) 
( -1.323827e-07 0 2.158631e-07) 
( -1.323827e-07 0 2.158631e-07) 
( -1.323827e-07 0 2.158631e-07) 
( -1.323695e-07 0 2.158655e-07) 
( -1.323518e-07 0 2.158696e-07) 
( -1.324414e-07 0 2.158319e-07) 
( -1.260605e-07 0 2.243950e-07) 
( -1.062393e-07 0 2.313127e-07) 
( -1.062448e-07 0 2.313120e-07) 
( -1.062448e-07 0 2.313120e-07) 
( -1.062448e-07 0 2.313120e-07) 
( -1.062448e-07 0 2.313120e-07) 
( -1.062448e-07 0 2.313120e-07) 
( -1.062116e-07 0 2.313167e-07) 
( -1.059886e-07 0 2.313457e-07) 
( -1.142737e-07 0 2.372688e-07) 
( -1.037422e-07 0 2.508808e-07) 
( -1.037380e-07 0 2.508730e-07) 
( -1.037380e-07 0 2.508730e-07) 
( -1.037380e-07 0 2.508730e-07) 
( -1.037380e-07 0 2.508730e-07) 
( -1.037391e-07 0 2.508749e-07) 
( -1.037454e-07 0 2.508731e-07) 
( -1.038807e-07 0 2.510494e-07) 
( -1.043731e-07 0 2.689769e-07) 
( -1.112522e-07 0 2.747707e-07) 
( -1.112522e-07 0 2.747707e-07) 
( -1.112522e-07 0 2.747707e-07) 
( -1.112522e-07 0 2.747707e-07) 
( -1.112522e-07 0 2.747707e-07) 
( -1.112522e-07 0 2.747707e-07) 
( -1.112969e-07 0 2.747153e-07) 
( -1.112097e-07 0 2.745428e-07) 
( -9.476639e-08 0 3.060340e-07) 
( -1.059225e-07 0 3.148027e-07) 
( -1.057699e-07 0 3.148808e-07) 
( -1.073380e-07 0 3.140567e-07) 
( -1.074143e-07 0 3.140177e-07) 
( -1.074143e-07 0 3.140177e-07) 
( -1.074143e-07 0 3.140177e-07) 
( -1.080946e-07 0 3.136535e-07) 
( -1.145817e-07 0 3.104446e-07) 
( -1.315472e-07 0 3.195002e-07) 
( -1.218754e-07 0 3.422489e-07) 
( -1.218754e-07 0 3.422489e-07) 
( -1.217311e-07 0 3.423582e-07) 
( -1.217311e-07 0 3.423582e-07) 
( -1.217311e-07 0 3.423582e-07) 
( -1.217151e-07 0 3.423725e-07) 
( -1.216668e-07 0 3.424025e-07) 
( -1.210568e-07 0 3.428294e-07) 
( -1.510758e-07 0 3.385563e-07) 
( -1.429067e-07 0 3.609752e-07) 
( -1.428665e-07 0 3.609935e-07) 
( -1.429067e-07 0 3.609752e-07) 
( -1.429067e-07 0 3.609752e-07) 
( -1.184232e-07 0 3.826834e-07) 
( -1.177575e-07 0 3.829961e-07) 
( -1.201963e-07 0 3.818001e-07) 
( -1.447530e-07 0 3.600027e-07) 
( -1.291500e-07 0 3.879441e-07) 
( -1.478503e-07 0 3.928454e-07) 
( -1.478520e-07 0 3.928499e-07) 
( -1.478354e-07 0 3.929170e-07) 
( -1.478371e-07 0 3.929215e-07) 
( -1.481395e-07 0 3.923267e-07) 
( -1.482496e-07 0 3.920895e-07) 
( -1.482496e-07 0 3.920895e-07) 
( -1.597031e-07 0 3.932901e-07) 
( -1.571726e-07 0 3.988439e-07) 
( -1.458191e-07 0 4.262123e-07) 
( -1.457758e-07 0 4.262407e-07) 
( -1.453075e-07 0 4.265216e-07) 
( -1.451879e-07 0 4.265948e-07) 
( -1.446000e-07 0 4.269490e-07) 
( -1.445237e-07 0 4.269938e-07) 
( -1.448290e-07 0 4.268144e-07) 
( -1.537537e-07 0 4.194568e-07) 
( -1.624936e-07 0 4.379213e-07) 
( -1.621262e-07 0 4.416994e-07) 
( -1.621262e-07 0 4.416994e-07) 
( -1.621262e-07 0 4.416994e-07) 
( -1.621408e-07 0 4.416845e-07) 
( -1.622641e-07 0 4.415450e-07) 
( -1.629949e-07 0 4.410648e-07) 
( -1.628745e-07 0 4.411437e-07) 
( -1.622057e-07 0 4.416048e-07) 
( -1.375085e-07 0 4.543716e-07) 
( -1.302844e-07 0 4.606468e-07) 
( -1.302844e-07 0 4.606468e-07) 
( -1.302844e-07 0 4.606468e-07) 
( -1.302844e-07 0 4.606468e-07) 
( -1.304086e-07 0 4.605847e-07) 
( -1.304086e-07 0 4.605847e-07) 
( -1.303672e-07 0 4.606054e-07) 
( -1.302209e-07 0 4.606845e-07) 
( -1.015066e-07 0 4.667983e-07) 
( 7.619468e-07 0 3.239724e-08) 
( 7.619468e-07 0 3.239724e-08) 
( 7.619468e-07 0 3.239724e-08) 
( 7.619468e-07 0 3.239724e-08) 
( 7.619468e-07 0 3.239724e-08) 
( 7.619468e-07 0 3.239724e-08) 
( 7.619468e-07 0 3.239724e-08) 
( 7.619468e-07 0 3.239724e-08) 
( 7.619468e-07 0 3.239724e-08) 
( 7.786547e-07 0 1.306562e-07) 
( 7.786542e-07 0 1.306774e-07) 
( 7.786542e-07 0 1.306774e-07) 
( 7.786542e-07 0 1.306774e-07) 
( 7.786434e-07 0 1.307640e-07) 
( 7.786428e-07 0 1.307852e-07) 
( 7.786315e-07 0 1.308929e-07) 
( 7.785759e-07 0 1.313892e-07) 
( 7.829876e-07 0 1.376268e-07) 
( 8.246560e-07 0 1.711230e-07) 
( 8.246560e-07 0 1.711230e-07) 
( 8.246560e-07 0 1.711230e-07) 
( 8.246560e-07 0 1.711230e-07) 
( 8.246560e-07 0 1.711230e-07) 
( 8.246560e-07 0 1.711230e-07) 
( 8.246560e-07 0 1.711230e-07) 
( 8.246560e-07 0 1.711230e-07) 
( 8.031358e-07 0 2.025094e-07) 
( 8.064627e-07 0 3.479561e-07) 
( 8.064639e-07 0 3.479823e-07) 
( 8.064639e-07 0 3.479823e-07) 
( 8.064639e-07 0 3.479823e-07) 
( 8.064651e-07 0 3.480084e-07) 
( 8.064663e-07 0 3.480346e-07) 
( 8.064728e-07 0 3.481220e-07) 
( 8.064921e-07 0 3.483844e-07) 
( 7.747458e-07 0 3.233477e-07) 
( 7.084030e-07 0 3.752220e-07) 
( 7.084030e-07 0 3.752220e-07) 
( 7.084030e-07 0 3.752220e-07) 
( 7.084030e-07 0 3.752220e-07) 
( 7.084030e-07 0 3.752220e-07) 
( 7.084030e-07 0 3.752220e-07) 
( 7.084030e-07 0 3.752220e-07) 
( 7.084030e-07 0 3.752220e-07) 
( 6.721098e-07 0 3.751271e-07) 
( 5.346158e-07 0 3.874123e-07) 
( 5.346158e-07 0 3.874123e-07) 
( 5.346158e-07 0 3.874123e-07) 
( 5.346158e-07 0 3.874123e-07) 
( 5.346158e-07 0 3.874123e-07) 
( 5.346158e-07 0 3.874123e-07) 
( 5.346158e-07 0 3.874123e-07) 
( 5.346158e-07 0 3.874123e-07) 
( 5.315398e-07 0 3.805704e-07) 
( 3.880085e-07 0 3.485897e-07) 
( 3.880085e-07 0 3.485897e-07) 
( 3.880085e-07 0 3.485897e-07) 
( 3.880085e-07 0 3.485897e-07) 
( 3.879498e-07 0 3.486160e-07) 
( 3.878900e-07 0 3.486381e-07) 
( 3.878301e-07 0 3.486602e-07) 
( 3.874745e-07 0 3.488055e-07) 
( 3.949949e-07 0 3.523047e-07) 
( 2.695922e-07 0 3.296479e-07) 
( 2.695856e-07 0 3.296466e-07) 
( 2.695856e-07 0 3.296466e-07) 
( 2.695793e-07 0 3.296421e-07) 
( 2.695793e-07 0 3.296421e-07) 
( 2.695793e-07 0 3.296421e-07) 
( 2.695731e-07 0 3.296376e-07) 
( 2.695547e-07 0 3.296210e-07) 
( 2.801029e-07 0 3.322838e-07) 
( 2.208706e-07 0 2.959344e-07) 
( 2.208706e-07 0 2.959344e-07) 
( 2.208706e-07 0 2.959344e-07) 
( 2.208706e-07 0 2.959344e-07) 
( 2.208706e-07 0 2.959344e-07) 
( 2.208706e-07 0 2.959344e-07) 
( 2.208706e-07 0 2.959344e-07) 
( 2.208706e-07 0 2.959344e-07) 
( 2.217607e-07 0 3.078532e-07) 
( 1.597681e-07 0 3.005624e-07) 
( 1.597681e-07 0 3.005624e-07) 
( 1.597681e-07 0 3.005624e-07) 
( 1.597681e-07 0 3.005624e-07) 
( 1.597681e-07 0 3.005624e-07) 
( 1.597681e-07 0 3.005624e-07) 
( 1.597681e-07 0 3.005624e-07) 
( 1.597681e-07 0 3.005624e-07) 
( 1.691033e-07 0 3.012160e-07) 
( 1.370107e-07 0 2.973670e-07) 
( 1.370107e-07 0 2.973670e-07) 
( 1.370107e-07 0 2.973670e-07) 
( 1.370107e-07 0 2.973670e-07) 
( 1.370107e-07 0 2.973670e-07) 
( 1.370107e-07 0 2.973670e-07) 
( 1.370107e-07 0 2.973670e-07) 
( 1.370107e-07 0 2.973670e-07) 
( 1.306320e-07 0 3.016774e-07) 
( 9.934032e-08 0 3.105321e-07) 
( 9.936911e-08 0 3.105152e-07) 
( 9.936911e-08 0 3.105152e-07) 
( 9.936911e-08 0 3.105152e-07) 
( 9.936911e-08 0 3.105152e-07) 
( 9.915324e-08 0 3.106425e-07) 
( 9.913884e-08 0 3.106510e-07) 
( 9.881943e-08 0 3.108384e-07) 
( 9.900589e-08 0 3.105045e-07) 
( 9.088781e-08 0 3.197101e-07) 
( 9.088819e-08 0 3.197122e-07) 
( 9.088819e-08 0 3.197122e-07) 
( 9.088819e-08 0 3.197122e-07) 
( 9.087714e-08 0 3.197081e-07) 
( 9.084552e-08 0 3.197042e-07) 
( 9.084476e-08 0 3.197001e-07) 
( 9.076056e-08 0 3.196902e-07) 
( 9.011326e-08 0 3.236185e-07) 
( 6.952782e-08 0 3.504114e-07) 
( 6.952782e-08 0 3.504114e-07) 
( 6.952782e-08 0 3.504114e-07) 
( 6.952782e-08 0 3.504114e-07) 
( 6.952782e-08 0 3.504114e-07) 
( 6.952782e-08 0 3.504114e-07) 
( 6.952782e-08 0 3.504114e-07) 
( 6.952782e-08 0 3.504114e-07) 
( 6.922476e-08 0 3.482583e-07) 
( 8.032075e-08 0 3.707532e-07) 
( 8.032075e-08 0 3.707532e-07) 
( 8.032075e-08 0 3.707532e-07) 
( 8.032075e-08 0 3.707532e-07) 
( 8.032075e-08 0 3.707532e-07) 
( 8.032075e-08 0 3.707532e-07) 
( 8.032075e-08 0 3.707532e-07) 
( 8.032075e-08 0 3.707532e-07) 
( 7.492927e-08 0 3.738196e-07) 
( 2.306622e-08 0 4.041315e-07) 
( 2.306780e-08 0 4.041296e-07) 
( 2.306780e-08 0 4.041296e-07) 
( 2.306247e-08 0 4.041247e-07) 
( 2.306286e-08 0 4.041013e-07) 
( 2.304864e-08 0 4.041186e-07) 
( 2.304646e-08 0 4.041098e-07) 
( 2.300616e-08 0 4.041131e-07) 
( 2.719139e-08 0 4.051934e-07) 
( 6.296093e-09 0 4.323926e-07) 
( 6.296093e-09 0 4.323926e-07) 
( 6.296093e-09 0 4.323926e-07) 
( 6.296093e-09 0 4.323926e-07) 
( 6.296093e-09 0 4.323926e-07) 
( 6.296093e-09 0 4.323926e-07) 
( 6.296093e-09 0 4.323926e-07) 
( 6.296093e-09 0 4.323926e-07) 
( 6.359180e-09 0 4.301636e-07) 
( -1.485407e-08 0 4.475292e-07) 
( -1.485504e-08 0 4.475286e-07) 
( -1.485504e-08 0 4.475286e-07) 
( -1.485504e-08 0 4.475286e-07) 
( -1.482593e-08 0 4.475283e-07) 
( -1.479296e-08 0 4.475301e-07) 
( -1.470564e-08 0 4.475292e-07) 
( -1.462110e-08 0 4.465606e-07) 
( -2.362459e-08 0 4.461029e-07) 
( -1.188655e-07 0 4.639163e-07) 
( -1.188655e-07 0 4.639163e-07) 
( -1.188655e-07 0 4.639163e-07) 
( -1.188655e-07 0 4.639163e-07) 
( -1.188655e-07 0 4.639163e-07) 
( -1.188655e-07 0 4.639163e-07) 
( -1.188655e-07 0 4.639163e-07) 
( -1.188655e-07 0 4.639163e-07) 
( -1.140791e-07 0 4.601334e-07) 
( 1.446823e-07 0 -2.770941e-07) 
( 1.801310e-07 0 -2.650320e-07) 
( 1.801310e-07 0 -2.650320e-07) 
( 1.446823e-07 0 -2.770941e-07) 
( 1.801310e-07 0 -2.650320e-07) 
( 1.801310e-07 0 -2.650320e-07) 
( 1.446823e-07 0 -2.770941e-07) 
( 1.801310e-07 0 -2.650320e-07) 
( 1.801310e-07 0 -2.650320e-07) 
( 1.446823e-07 0 -2.770941e-07) 
( 1.801310e-07 0 -2.650320e-07) 
( 1.801310e-07 0 -2.650320e-07) 
( 1.446823e-07 0 -2.770941e-07) 
( 1.801310e-07 0 -2.650320e-07) 
( 1.801310e-07 0 -2.650320e-07) 
( 1.446823e-07 0 -2.770941e-07) 
( 1.801310e-07 0 -2.650320e-07) 
( 1.801310e-07 0 -2.650320e-07) 
( 1.446823e-07 0 -2.770941e-07) 
( 1.801310e-07 0 -2.650320e-07) 
( 1.801310e-07 0 -2.650320e-07) 
( 1.446823e-07 0 -2.770941e-07) 
( 1.801310e-07 0 -2.650320e-07) 
( 1.801310e-07 0 -2.650320e-07) 
( 1.510717e-07 0 -2.802122e-07) 
( 1.669016e-07 0 -2.774404e-07) 
( 1.801310e-07 0 -2.650320e-07) 
( 1.738438e-07 0 -2.762812e-07) 
( 2.192861e-07 0 -2.736073e-07) 
( 2.192861e-07 0 -2.736073e-07) 
( 1.738438e-07 0 -2.762812e-07) 
( 2.192861e-07 0 -2.736073e-07) 
( 2.192861e-07 0 -2.736073e-07) 
( 1.738438e-07 0 -2.762812e-07) 
( 2.192861e-07 0 -2.736073e-07) 
( 2.192861e-07 0 -2.736073e-07) 
( 1.738438e-07 0 -2.762812e-07) 
( 2.192861e-07 0 -2.736073e-07) 
( 2.192861e-07 0 -2.736073e-07) 
( 1.738438e-07 0 -2.762812e-07) 
( 2.192883e-07 0 -2.735975e-07) 
( 2.192883e-07 0 -2.735975e-07) 
( 1.738438e-07 0 -2.762812e-07) 
( 2.192883e-07 0 -2.735975e-07) 
( 2.192883e-07 0 -2.735975e-07) 
( 1.738438e-07 0 -2.762812e-07) 
( 2.192893e-07 0 -2.735824e-07) 
( 2.192871e-07 0 -2.735921e-07) 
( 1.738438e-07 0 -2.762812e-07) 
( 2.193028e-07 0 -2.735447e-07) 
( 2.192902e-07 0 -2.735672e-07) 
( 1.905454e-07 0 -2.757559e-07) 
( 2.258497e-07 0 -2.786380e-07) 
( 2.201604e-07 0 -2.727169e-07) 
( 2.625497e-07 0 -2.823785e-07) 
( 3.162607e-07 0 -2.926167e-07) 
( 3.162672e-07 0 -2.926177e-07) 
( 2.625497e-07 0 -2.823785e-07) 
( 3.162607e-07 0 -2.926167e-07) 
( 3.162607e-07 0 -2.926167e-07) 
( 2.625497e-07 0 -2.823785e-07) 
( 3.162607e-07 0 -2.926167e-07) 
( 3.162607e-07 0 -2.926167e-07) 
( 2.625497e-07 0 -2.823785e-07) 
( 3.162607e-07 0 -2.926167e-07) 
( 3.162607e-07 0 -2.926167e-07) 
( 2.625497e-07 0 -2.823785e-07) 
( 3.162482e-07 0 -2.926141e-07) 
( 3.162482e-07 0 -2.926141e-07) 
( 2.625476e-07 0 -2.823742e-07) 
( 3.162358e-07 0 -2.926116e-07) 
( 3.162482e-07 0 -2.926141e-07) 
( 2.625455e-07 0 -2.823700e-07) 
( 3.162234e-07 0 -2.926090e-07) 
( 3.162358e-07 0 -2.926116e-07) 
( 2.625234e-07 0 -2.823344e-07) 
( 3.161567e-07 0 -2.925939e-07) 
( 3.161927e-07 0 -2.926024e-07) 
( 2.715631e-07 0 -2.865359e-07) 
( 3.081354e-07 0 -3.077510e-07) 
( 3.158016e-07 0 -2.923026e-07) 
( 3.488880e-07 0 -3.199086e-07) 
( 4.342222e-07 0 -3.322451e-07) 
( 4.342222e-07 0 -3.322451e-07) 
( 3.488880e-07 0 -3.199086e-07) 
( 4.342222e-07 0 -3.322451e-07) 
( 4.342222e-07 0 -3.322451e-07) 
( 3.488880e-07 0 -3.199086e-07) 
( 4.342222e-07 0 -3.322451e-07) 
( 4.342222e-07 0 -3.322451e-07) 
( 3.488880e-07 0 -3.199086e-07) 
( 4.342222e-07 0 -3.322451e-07) 
( 4.342222e-07 0 -3.322451e-07) 
( 3.488880e-07 0 -3.199086e-07) 
( 4.341846e-07 0 -3.322622e-07) 
( 4.342071e-07 0 -3.322546e-07) 
( 3.488880e-07 0 -3.199086e-07) 
( 4.341622e-07 0 -3.322698e-07) 
( 4.341846e-07 0 -3.322622e-07) 
( 3.488880e-07 0 -3.199086e-07) 
( 4.341021e-07 0 -3.322945e-07) 
( 4.341622e-07 0 -3.322698e-07) 
( 3.488880e-07 0 -3.199086e-07) 
( 4.339588e-07 0 -3.323648e-07) 
( 4.340420e-07 0 -3.323192e-07) 
( 3.657325e-07 0 -3.258236e-07) 
( 4.418099e-07 0 -3.385755e-07) 
( 4.325946e-07 0 -3.328700e-07) 
( 5.102248e-07 0 -3.502444e-07) 
( 5.745929e-07 0 -3.675234e-07) 
( 5.746193e-07 0 -3.675283e-07) 
( 5.102248e-07 0 -3.502444e-07) 
( 5.745929e-07 0 -3.675234e-07) 
( 5.745929e-07 0 -3.675234e-07) 
( 5.102248e-07 0 -3.502444e-07) 
( 5.745929e-07 0 -3.675234e-07) 
( 5.745929e-07 0 -3.675234e-07) 
( 5.102248e-07 0 -3.502444e-07) 
( 5.745929e-07 0 -3.675234e-07) 
( 5.745929e-07 0 -3.675234e-07) 
( 5.102248e-07 0 -3.502444e-07) 
( 5.746082e-07 0 -3.675332e-07) 
( 5.745929e-07 0 -3.675234e-07) 
( 5.102248e-07 0 -3.502444e-07) 
( 5.746104e-07 0 -3.675405e-07) 
( 5.746104e-07 0 -3.675405e-07) 
( 5.102248e-07 0 -3.502444e-07) 
( 5.746324e-07 0 -3.675723e-07) 
( 5.746126e-07 0 -3.675479e-07) 
( 5.102248e-07 0 -3.502444e-07) 
( 5.747005e-07 0 -3.676334e-07) 
( 5.746499e-07 0 -3.675894e-07) 
( 5.101128e-07 0 -3.435544e-07) 
( 5.683395e-07 0 -3.502564e-07) 
( 5.749395e-07 0 -3.680171e-07) 
( 6.558800e-07 0 -3.482652e-07) 
( 7.207265e-07 0 -3.216794e-07) 
( 7.207265e-07 0 -3.216794e-07) 
( 6.558800e-07 0 -3.482652e-07) 
( 7.207088e-07 0 -3.217143e-07) 
( 7.207265e-07 0 -3.216794e-07) 
( 6.558800e-07 0 -3.482652e-07) 
( 7.207088e-07 0 -3.217143e-07) 
( 7.207088e-07 0 -3.217143e-07) 
( 6.558800e-07 0 -3.482652e-07) 
( 7.207088e-07 0 -3.217143e-07) 
( 7.207088e-07 0 -3.217143e-07) 
( 6.559108e-07 0 -3.482470e-07) 
( 7.207088e-07 0 -3.217143e-07) 
( 7.207088e-07 0 -3.217143e-07) 
( 6.559415e-07 0 -3.482287e-07) 
( 7.206553e-07 0 -3.218274e-07) 
( 7.206553e-07 0 -3.218274e-07) 
( 6.560338e-07 0 -3.481741e-07) 
( 7.205483e-07 0 -3.220534e-07) 
( 7.206018e-07 0 -3.219404e-07) 
( 6.563004e-07 0 -3.480178e-07) 
( 7.202262e-07 0 -3.227481e-07) 
( 7.204231e-07 0 -3.223226e-07) 
( 6.421582e-07 0 -3.352276e-07) 
( 7.077138e-07 0 -3.015903e-07) 
( 7.183150e-07 0 -3.268232e-07) 
( 7.672699e-07 0 -2.686723e-07) 
( 8.170793e-07 0 -1.965953e-07) 
( 8.170793e-07 0 -1.965953e-07) 
( 7.672699e-07 0 -2.686723e-07) 
( 8.170793e-07 0 -1.965953e-07) 
( 8.170793e-07 0 -1.965953e-07) 
( 7.672699e-07 0 -2.686723e-07) 
( 8.170793e-07 0 -1.965953e-07) 
( 8.170793e-07 0 -1.965953e-07) 
( 7.672699e-07 0 -2.686723e-07) 
( 8.170793e-07 0 -1.965953e-07) 
( 8.170793e-07 0 -1.965953e-07) 
( 7.672699e-07 0 -2.686723e-07) 
( 8.170793e-07 0 -1.965953e-07) 
( 8.170793e-07 0 -1.965953e-07) 
( 7.671982e-07 0 -2.688285e-07) 
( 8.170793e-07 0 -1.965953e-07) 
( 8.170793e-07 0 -1.965953e-07) 
( 7.671084e-07 0 -2.690280e-07) 
( 8.170793e-07 0 -1.965953e-07) 
( 8.170793e-07 0 -1.965953e-07) 
( 7.668212e-07 0 -2.696611e-07) 
( 8.170793e-07 0 -1.965953e-07) 
( 8.170793e-07 0 -1.965953e-07) 
( 7.566412e-07 0 -2.544031e-07) 
( 7.861834e-07 0 -2.189114e-07) 
( 8.170793e-07 0 -1.965953e-07) 
( 8.020038e-07 0 -2.184174e-07) 
( 7.834558e-07 0 -1.017070e-07) 
( 7.834583e-07 0 -1.017383e-07) 
( 8.020038e-07 0 -2.184174e-07) 
( 7.834566e-07 0 -1.017175e-07) 
( 7.834566e-07 0 -1.017175e-07) 
( 8.020038e-07 0 -2.184174e-07) 
( 7.834538e-07 0 -1.017288e-07) 
( 7.834538e-07 0 -1.017288e-07) 
( 8.020038e-07 0 -2.184174e-07) 
( 7.834538e-07 0 -1.017288e-07) 
( 7.834538e-07 0 -1.017288e-07) 
( 8.020038e-07 0 -2.184174e-07) 
( 7.834538e-07 0 -1.017288e-07) 
( 7.834538e-07 0 -1.017288e-07) 
( 8.020038e-07 0 -2.184174e-07) 
( 7.834489e-07 0 -1.017619e-07) 
( 7.834517e-07 0 -1.017506e-07) 
( 8.020038e-07 0 -2.184174e-07) 
( 7.834412e-07 0 -1.018064e-07) 
( 7.834469e-07 0 -1.017837e-07) 
( 8.020038e-07 0 -2.184174e-07) 
( 7.834151e-07 0 -1.019512e-07) 
( 7.834314e-07 0 -1.018727e-07) 
( 8.017211e-07 0 -1.698489e-07) 
( 7.901521e-07 0 -1.059551e-07) 
( 7.832310e-07 0 -1.027097e-07) 
( 7.708858e-07 0 -2.893648e-08) 
( 7.654236e-07 0 -2.304480e-09) 
( 7.654236e-07 0 -2.304480e-09) 
( 7.708858e-07 0 -2.893648e-08) 
( 7.654236e-07 0 -2.304480e-09) 
( 7.654236e-07 0 -2.304480e-09) 
( 7.708858e-07 0 -2.893648e-08) 
( 7.654236e-07 0 -2.304480e-09) 
( 7.654236e-07 0 -2.304480e-09) 
( 7.708858e-07 0 -2.893648e-08) 
( 7.654236e-07 0 -2.304480e-09) 
( 7.654236e-07 0 -2.304480e-09) 
( 7.708858e-07 0 -2.893648e-08) 
( 7.654236e-07 0 -2.304480e-09) 
( 7.654236e-07 0 -2.304480e-09) 
( 7.708792e-07 0 -2.891327e-08) 
( 7.654236e-07 0 -2.304480e-09) 
( 7.654236e-07 0 -2.304480e-09) 
( 7.708661e-07 0 -2.886685e-08) 
( 7.654236e-07 0 -2.304480e-09) 
( 7.654236e-07 0 -2.304480e-09) 
( 7.708216e-07 0 -2.871477e-08) 
( 7.654236e-07 0 -2.304480e-09) 
( 7.654236e-07 0 -2.304480e-09) 
( 7.656211e-07 0 -4.604742e-08) 
( 7.542442e-07 0 -8.714787e-09) 
( 7.654236e-07 0 -2.304480e-09) 
( -2.437107e-07 0 -2.900769e-07) 
( -2.437107e-07 0 -2.900769e-07) 
( -1.910535e-07 0 -2.888360e-07) 
( -2.437107e-07 0 -2.900769e-07) 
( -2.390165e-07 0 -2.929349e-07) 
( -2.150260e-07 0 -2.850495e-07) 
( -2.961883e-07 0 -3.056751e-07) 
( -2.961883e-07 0 -3.056751e-07) 
( -2.556125e-07 0 -3.056732e-07) 
( -2.961883e-07 0 -3.056751e-07) 
( -2.961883e-07 0 -3.056751e-07) 
( -2.556125e-07 0 -3.056732e-07) 
( -2.961883e-07 0 -3.056751e-07) 
( -2.961883e-07 0 -3.056751e-07) 
( -2.556125e-07 0 -3.056732e-07) 
( -2.961883e-07 0 -3.056751e-07) 
( -2.961883e-07 0 -3.056751e-07) 
( -2.556125e-07 0 -3.056732e-07) 
( -2.961883e-07 0 -3.056751e-07) 
( -2.961883e-07 0 -3.056751e-07) 
( -2.556125e-07 0 -3.056732e-07) 
( -2.961883e-07 0 -3.056751e-07) 
( -2.961883e-07 0 -3.056751e-07) 
( -2.556125e-07 0 -3.056732e-07) 
( -2.961883e-07 0 -3.056751e-07) 
( -2.961883e-07 0 -3.056751e-07) 
( -2.556125e-07 0 -3.056732e-07) 
( -2.961883e-07 0 -3.056751e-07) 
( -2.961883e-07 0 -3.056751e-07) 
( -2.556125e-07 0 -3.056732e-07) 
( -2.961883e-07 0 -3.056751e-07) 
( -2.968936e-07 0 -2.935431e-07) 
( -2.684411e-07 0 -2.956058e-07) 
( -3.376228e-07 0 -2.903442e-07) 
( -3.376228e-07 0 -2.903442e-07) 
( -3.262012e-07 0 -2.958150e-07) 
( -3.376228e-07 0 -2.903442e-07) 
( -3.376228e-07 0 -2.903442e-07) 
( -3.262012e-07 0 -2.958150e-07) 
( -3.376228e-07 0 -2.903442e-07) 
( -3.376228e-07 0 -2.903442e-07) 
( -3.262012e-07 0 -2.958150e-07) 
( -3.375945e-07 0 -2.903713e-07) 
( -3.375945e-07 0 -2.903713e-07) 
( -3.262012e-07 0 -2.958150e-07) 
( -3.375945e-07 0 -2.903713e-07) 
( -3.375945e-07 0 -2.903713e-07) 
( -3.262012e-07 0 -2.958150e-07) 
( -3.375945e-07 0 -2.903713e-07) 
( -3.375945e-07 0 -2.903713e-07) 
( -3.262012e-07 0 -2.958150e-07) 
( -3.375945e-07 0 -2.903713e-07) 
( -3.375663e-07 0 -2.903983e-07) 
( -3.262012e-07 0 -2.958150e-07) 
( -3.375380e-07 0 -2.904254e-07) 
( -3.374750e-07 0 -2.904857e-07) 
( -3.262012e-07 0 -2.958150e-07) 
( -3.360391e-07 0 -2.920546e-07) 
( -3.371304e-07 0 -2.795302e-07) 
( -3.196427e-07 0 -2.867676e-07) 
( -3.793301e-07 0 -2.402352e-07) 
( -3.793301e-07 0 -2.402352e-07) 
( -3.685664e-07 0 -2.606182e-07) 
( -3.793301e-07 0 -2.402352e-07) 
( -3.793301e-07 0 -2.402352e-07) 
( -3.685664e-07 0 -2.606182e-07) 
( -3.793301e-07 0 -2.402352e-07) 
( -3.793301e-07 0 -2.402352e-07) 
( -3.685664e-07 0 -2.606182e-07) 
( -3.793301e-07 0 -2.402352e-07) 
( -3.793301e-07 0 -2.402352e-07) 
( -3.685664e-07 0 -2.606182e-07) 
( -3.793301e-07 0 -2.402352e-07) 
( -3.793301e-07 0 -2.402352e-07) 
( -3.685664e-07 0 -2.606182e-07) 
( -3.793189e-07 0 -2.402542e-07) 
( -3.793189e-07 0 -2.402542e-07) 
( -3.685664e-07 0 -2.606182e-07) 
( -3.793023e-07 0 -2.402804e-07) 
( -3.792911e-07 0 -2.402994e-07) 
( -3.685468e-07 0 -2.606436e-07) 
( -3.792799e-07 0 -2.403183e-07) 
( -3.792354e-07 0 -2.403899e-07) 
( -3.684493e-07 0 -2.607684e-07) 
( -3.784155e-07 0 -2.417338e-07) 
( -3.840122e-07 0 -2.313267e-07) 
( -3.588042e-07 0 -2.600055e-07) 
( -4.013542e-07 0 -1.775587e-07) 
( -4.013248e-07 0 -1.776233e-07) 
( -3.930706e-07 0 -2.066769e-07) 
( -4.013248e-07 0 -1.776233e-07) 
( -4.013248e-07 0 -1.776233e-07) 
( -3.930706e-07 0 -2.066769e-07) 
( -4.013248e-07 0 -1.776233e-07) 
( -4.013248e-07 0 -1.776233e-07) 
( -3.930706e-07 0 -2.066769e-07) 
( -4.013248e-07 0 -1.776233e-07) 
( -4.013248e-07 0 -1.776233e-07) 
( -3.930706e-07 0 -2.066769e-07) 
( -4.013248e-07 0 -1.776233e-07) 
( -4.013248e-07 0 -1.776233e-07) 
( -3.930706e-07 0 -2.066769e-07) 
( -4.013248e-07 0 -1.776233e-07) 
( -4.012954e-07 0 -1.776879e-07) 
( -3.930539e-07 0 -2.067032e-07) 
( -4.012954e-07 0 -1.776879e-07) 
( -4.012659e-07 0 -1.777526e-07) 
( -3.930539e-07 0 -2.067032e-07) 
( -4.011748e-07 0 -1.779487e-07) 
( -4.010220e-07 0 -1.782763e-07) 
( -3.929761e-07 0 -2.068273e-07) 
( -3.987439e-07 0 -1.831792e-07) 
( -4.060756e-07 0 -1.736023e-07) 
( -3.956819e-07 0 -2.019919e-07) 
( -4.184947e-07 0 -1.252439e-07) 
( -4.184947e-07 0 -1.252439e-07) 
( -4.150860e-07 0 -1.336434e-07) 
( -4.184947e-07 0 -1.252439e-07) 
( -4.184947e-07 0 -1.252439e-07) 
( -4.150860e-07 0 -1.336434e-07) 
( -4.184947e-07 0 -1.252439e-07) 
( -4.184947e-07 0 -1.252439e-07) 
( -4.150860e-07 0 -1.336434e-07) 
( -4.184947e-07 0 -1.252439e-07) 
( -4.184947e-07 0 -1.252439e-07) 
( -4.150860e-07 0 -1.336434e-07) 
( -4.184947e-07 0 -1.252439e-07) 
( -4.184947e-07 0 -1.252439e-07) 
( -4.150860e-07 0 -1.336434e-07) 
( -4.184947e-07 0 -1.252439e-07) 
( -4.184947e-07 0 -1.252439e-07) 
( -4.150897e-07 0 -1.336191e-07) 
( -4.184947e-07 0 -1.252439e-07) 
( -4.184947e-07 0 -1.252439e-07) 
( -4.150933e-07 0 -1.335947e-07) 
( -4.184947e-07 0 -1.252439e-07) 
( -4.184947e-07 0 -1.252439e-07) 
( -4.151050e-07 0 -1.335144e-07) 
( -4.184947e-07 0 -1.252439e-07) 
( -4.238288e-07 0 -1.211503e-07) 
( -4.154415e-07 0 -1.466569e-07) 
( -4.271307e-07 0 -1.086665e-07) 
( -4.271292e-07 0 -1.086785e-07) 
( -4.277007e-07 0 -1.133684e-07) 
( -4.271292e-07 0 -1.086785e-07) 
( -4.271292e-07 0 -1.086785e-07) 
( -4.277007e-07 0 -1.133684e-07) 
( -4.271292e-07 0 -1.086785e-07) 
( -4.271292e-07 0 -1.086785e-07) 
( -4.277007e-07 0 -1.133684e-07) 
( -4.271292e-07 0 -1.086785e-07) 
( -4.271292e-07 0 -1.086785e-07) 
( -4.277007e-07 0 -1.133684e-07) 
( -4.271292e-07 0 -1.086785e-07) 
( -4.271292e-07 0 -1.086785e-07) 
( -4.277007e-07 0 -1.133684e-07) 
( -4.271292e-07 0 -1.086785e-07) 
( -4.271277e-07 0 -1.086905e-07) 
( -4.277007e-07 0 -1.133684e-07) 
( -4.271214e-07 0 -1.087352e-07) 
( -4.271199e-07 0 -1.087472e-07) 
( -4.277007e-07 0 -1.133684e-07) 
( -4.271184e-07 0 -1.087591e-07) 
( -4.271044e-07 0 -1.088605e-07) 
( -4.277007e-07 0 -1.133684e-07) 
( -4.269702e-07 0 -1.098265e-07) 
( -4.288276e-07 0 -9.458348e-08) 
( -4.248940e-07 0 -1.141950e-07) 
( -4.346300e-07 0 -3.256498e-08) 
( -4.346300e-07 0 -3.256498e-08) 
( -4.325126e-07 0 -6.692573e-08) 
( -4.346300e-07 0 -3.256498e-08) 
( -4.346300e-07 0 -3.256498e-08) 
( -4.325126e-07 0 -6.692573e-08) 
( -4.346300e-07 0 -3.256498e-08) 
( -4.346300e-07 0 -3.256498e-08) 
( -4.325126e-07 0 -6.692573e-08) 
( -4.346300e-07 0 -3.256498e-08) 
( -4.346300e-07 0 -3.256498e-08) 
( -4.325126e-07 0 -6.692573e-08) 
( -4.346300e-07 0 -3.256498e-08) 
( -4.346300e-07 0 -3.256498e-08) 
( -4.325126e-07 0 -6.692573e-08) 
( -4.346300e-07 0 -3.256498e-08) 
( -4.346300e-07 0 -3.256498e-08) 
( -4.325233e-07 0 -6.690983e-08) 
( -4.346300e-07 0 -3.256498e-08) 
( -4.346300e-07 0 -3.256498e-08) 
( -4.325353e-07 0 -6.689731e-08) 
( -4.346300e-07 0 -3.256498e-08) 
( -4.346300e-07 0 -3.256498e-08) 
( -4.325831e-07 0 -6.684723e-08) 
( -4.346300e-07 0 -3.256498e-08) 
( -4.329036e-07 0 -3.817548e-08) 
( -4.314124e-07 0 -6.391173e-08) 
( -4.337189e-07 0 -3.359386e-09) 
( -4.337189e-07 0 -3.359386e-09) 
( -4.348566e-07 0 -6.154316e-09) 
( -4.337189e-07 0 -3.359386e-09) 
( -4.337189e-07 0 -3.359386e-09) 
( -4.348566e-07 0 -6.154316e-09) 
( -4.337189e-07 0 -3.359386e-09) 
( -4.337189e-07 0 -3.359386e-09) 
( -4.348566e-07 0 -6.154316e-09) 
( -4.337189e-07 0 -3.359386e-09) 
( -4.337189e-07 0 -3.359386e-09) 
( -4.348566e-07 0 -6.154316e-09) 
( -4.337189e-07 0 -3.359386e-09) 
( -4.337189e-07 0 -3.359386e-09) 
( -4.348566e-07 0 -6.154316e-09) 
( -4.337189e-07 0 -3.359386e-09) 
( -4.337189e-07 0 -3.359386e-09) 
( -4.348566e-07 0 -6.154316e-09) 
( -4.337189e-07 0 -3.359386e-09) 
( -4.337189e-07 0 -3.359386e-09) 
( -4.348566e-07 0 -6.154316e-09) 
( -4.337189e-07 0 -3.359386e-09) 
( -4.337189e-07 0 -3.359386e-09) 
( -4.348566e-07 0 -6.154316e-09) 
( -4.337189e-07 0 -3.359386e-09) 
( -4.307853e-07 0 -6.242064e-09) 
( -4.317814e-07 0 -1.061427e-08) 
( -4.337838e-07 0 2.587589e-08) 
( -4.337838e-07 0 2.587589e-08) 
( -4.327422e-07 0 1.989538e-08) 
( -4.337838e-07 0 2.587589e-08) 
( -4.337838e-07 0 2.587589e-08) 
( -4.327422e-07 0 1.989538e-08) 
( -4.337838e-07 0 2.587589e-08) 
( -4.337838e-07 0 2.587589e-08) 
( -4.327422e-07 0 1.989538e-08) 
( -4.337838e-07 0 2.587589e-08) 
( -4.337838e-07 0 2.587589e-08) 
( -4.327422e-07 0 1.989538e-08) 
( -4.337838e-07 0 2.587589e-08) 
( -4.337838e-07 0 2.587589e-08) 
( -4.327422e-07 0 1.989538e-08) 
( -4.337838e-07 0 2.587589e-08) 
( -4.337838e-07 0 2.587589e-08) 
( -4.327422e-07 0 1.989538e-08) 
( -4.337838e-07 0 2.587589e-08) 
( -4.337838e-07 0 2.587589e-08) 
( -4.327422e-07 0 1.989538e-08) 
( -4.337838e-07 0 2.587589e-08) 
( -4.337838e-07 0 2.587589e-08) 
( -4.327422e-07 0 1.989538e-08) 
( -4.337838e-07 0 2.587589e-08) 
( -4.315435e-07 0 2.790492e-08) 
( -4.304101e-07 0 1.840597e-08) 
( -4.391964e-07 0 7.617616e-08) 
( -4.391993e-07 0 7.615449e-08) 
( -4.349497e-07 0 4.246779e-08) 
( -4.391993e-07 0 7.615449e-08) 
( -4.391964e-07 0 7.618163e-08) 
( -4.349497e-07 0 4.246779e-08) 
( -4.391964e-07 0 7.618163e-08) 
( -4.391964e-07 0 7.618163e-08) 
( -4.349497e-07 0 4.246779e-08) 
( -4.391964e-07 0 7.618163e-08) 
( -4.391964e-07 0 7.618163e-08) 
( -4.349497e-07 0 4.246779e-08) 
( -4.391964e-07 0 7.618163e-08) 
( -4.391964e-07 0 7.618163e-08) 
( -4.349497e-07 0 4.246779e-08) 
( -4.391964e-07 0 7.618163e-08) 
( -4.391964e-07 0 7.618163e-08) 
( -4.349497e-07 0 4.246779e-08) 
( -4.391964e-07 0 7.617616e-08) 
( -4.391936e-07 0 7.620330e-08) 
( -4.349497e-07 0 4.246779e-08) 
( -4.391907e-07 0 7.622498e-08) 
( -4.391849e-07 0 7.627926e-08) 
( -4.349497e-07 0 4.246779e-08) 
( -4.377519e-07 0 4.150931e-08) 
( -4.349497e-07 0 4.246779e-08) 
( -4.391009e-07 0 7.688598e-08) 
( -4.373227e-07 0 7.404299e-08) 
( -4.373227e-07 0 7.404299e-08) 
( -4.389603e-07 0 8.206388e-08) 
( -4.373227e-07 0 7.404299e-08) 
( -4.373227e-07 0 7.404299e-08) 
( -4.389603e-07 0 8.206388e-08) 
( -4.373227e-07 0 7.404299e-08) 
( -4.373227e-07 0 7.404299e-08) 
( -4.389603e-07 0 8.206388e-08) 
( -4.373227e-07 0 7.404299e-08) 
( -4.373227e-07 0 7.404299e-08) 
( -4.389603e-07 0 8.206388e-08) 
( -4.373227e-07 0 7.404299e-08) 
( -4.373227e-07 0 7.404299e-08) 
( -4.389603e-07 0 8.206388e-08) 
( -4.373227e-07 0 7.404299e-08) 
( -4.373227e-07 0 7.404299e-08) 
( -4.389603e-07 0 8.206388e-08) 
( -4.373227e-07 0 7.404299e-08) 
( -4.373227e-07 0 7.404299e-08) 
( -4.389551e-07 0 8.206874e-08) 
( -4.373227e-07 0 7.404299e-08) 
( -4.373227e-07 0 7.404299e-08) 
( -4.389178e-07 0 8.210662e-08) 
( -4.448235e-07 0 6.947725e-08) 
( -4.385923e-07 0 8.244923e-08) 
( -4.373227e-07 0 7.404299e-08) 
( -4.064005e-07 0 1.058590e-07) 
( -4.064025e-07 0 1.058475e-07) 
( -4.263460e-07 0 8.831502e-08) 
( -4.064025e-07 0 1.058475e-07) 
( -4.064025e-07 0 1.058475e-07) 
( -4.263460e-07 0 8.831502e-08) 
( -4.064025e-07 0 1.058475e-07) 
( -4.064025e-07 0 1.058475e-07) 
( -4.263460e-07 0 8.831502e-08) 
( -4.064175e-07 0 1.057985e-07) 
( -4.064175e-07 0 1.057985e-07) 
( -4.263460e-07 0 8.831502e-08) 
( -4.064175e-07 0 1.057985e-07) 
( -4.064175e-07 0 1.057985e-07) 
( -4.263460e-07 0 8.831502e-08) 
( -4.064175e-07 0 1.057985e-07) 
( -4.064175e-07 0 1.057985e-07) 
( -4.263460e-07 0 8.831502e-08) 
( -4.064326e-07 0 1.057494e-07) 
( -4.064306e-07 0 1.057610e-07) 
( -4.263460e-07 0 8.831502e-08) 
( -4.064457e-07 0 1.057119e-07) 
( -4.064758e-07 0 1.056139e-07) 
( -4.263460e-07 0 8.831502e-08) 
( -4.247092e-07 0 8.703268e-08) 
( -4.263460e-07 0 8.831502e-08) 
( -4.068866e-07 0 1.042240e-07) 
( -3.641751e-07 0 1.533763e-07) 
( -3.641577e-07 0 1.533592e-07) 
( -3.804794e-07 0 1.371595e-07) 
( -3.641577e-07 0 1.533592e-07) 
( -3.641577e-07 0 1.533592e-07) 
( -3.804794e-07 0 1.371595e-07) 
( -3.641577e-07 0 1.533592e-07) 
( -3.641577e-07 0 1.533592e-07) 
( -3.804794e-07 0 1.371595e-07) 
( -3.641577e-07 0 1.533592e-07) 
( -3.641577e-07 0 1.533592e-07) 
( -3.804794e-07 0 1.371595e-07) 
( -3.641577e-07 0 1.533592e-07) 
( -3.641577e-07 0 1.533592e-07) 
( -3.804794e-07 0 1.371595e-07) 
( -3.641215e-07 0 1.533209e-07) 
( -3.641215e-07 0 1.533209e-07) 
( -3.804680e-07 0 1.371766e-07) 
( -3.641215e-07 0 1.533209e-07) 
( -3.640853e-07 0 1.532826e-07) 
( -3.804621e-07 0 1.371846e-07) 
( -3.640491e-07 0 1.532444e-07) 
( -3.639768e-07 0 1.531679e-07) 
( -3.804101e-07 0 1.372599e-07) 
( -3.895727e-07 0 1.233140e-07) 
( -3.800413e-07 0 1.377978e-07) 
( -3.628848e-07 0 1.520352e-07) 
( -3.193032e-07 0 1.970117e-07) 
( -3.193032e-07 0 1.970117e-07) 
( -3.457128e-07 0 1.678087e-07) 
( -3.193032e-07 0 1.970117e-07) 
( -3.193032e-07 0 1.970117e-07) 
( -3.457128e-07 0 1.678087e-07) 
( -3.193032e-07 0 1.970117e-07) 
( -3.193032e-07 0 1.970117e-07) 
( -3.457128e-07 0 1.678087e-07) 
( -3.193032e-07 0 1.970117e-07) 
( -3.193032e-07 0 1.970117e-07) 
( -3.457128e-07 0 1.678087e-07) 
( -3.193032e-07 0 1.970117e-07) 
( -3.193032e-07 0 1.970117e-07) 
( -3.457128e-07 0 1.678087e-07) 
( -3.193032e-07 0 1.970117e-07) 
( -3.193032e-07 0 1.970117e-07) 
( -3.457329e-07 0 1.677700e-07) 
( -3.193032e-07 0 1.970117e-07) 
( -3.193032e-07 0 1.970117e-07) 
( -3.457529e-07 0 1.677313e-07) 
( -3.193032e-07 0 1.970117e-07) 
( -3.193032e-07 0 1.970117e-07) 
( -3.459374e-07 0 1.673932e-07) 
( -3.462637e-07 0 1.657247e-07) 
( -3.473129e-07 0 1.648516e-07) 
( -3.193032e-07 0 1.970117e-07) 
( -2.388084e-07 0 2.110488e-07) 
( -2.385340e-07 0 2.112123e-07) 
( -2.880971e-07 0 2.011694e-07) 
( -2.385340e-07 0 2.112123e-07) 
( -2.385340e-07 0 2.112123e-07) 
( -2.880971e-07 0 2.011694e-07) 
( -2.385340e-07 0 2.112123e-07) 
( -2.385340e-07 0 2.112123e-07) 
( -2.880971e-07 0 2.011694e-07) 
( -2.385340e-07 0 2.112123e-07) 
( -2.385340e-07 0 2.112123e-07) 
( -2.880979e-07 0 2.011702e-07) 
( -2.385340e-07 0 2.112123e-07) 
( -2.385340e-07 0 2.112123e-07) 
( -2.880979e-07 0 2.011702e-07) 
( -2.385340e-07 0 2.112123e-07) 
( -2.385340e-07 0 2.112123e-07) 
( -2.881050e-07 0 2.011707e-07) 
( -2.374133e-07 0 2.119705e-07) 
( -2.362381e-07 0 2.127670e-07) 
( -2.881058e-07 0 2.011715e-07) 
( -2.335128e-07 0 2.146235e-07) 
( -2.296124e-07 0 2.172765e-07) 
( -2.881297e-07 0 2.011753e-07) 
( -2.839845e-07 0 2.006337e-07) 
( -2.889608e-07 0 2.005158e-07) 
( -2.442473e-07 0 2.047050e-07) 
( -1.554863e-07 0 2.102111e-07) 
( -1.554863e-07 0 2.102111e-07) 
( -2.055560e-07 0 2.019342e-07) 
( -1.554863e-07 0 2.102111e-07) 
( -1.554863e-07 0 2.102111e-07) 
( -2.055560e-07 0 2.019342e-07) 
( -1.554863e-07 0 2.102111e-07) 
( -1.554863e-07 0 2.102111e-07) 
( -2.055560e-07 0 2.019342e-07) 
( -1.554863e-07 0 2.102111e-07) 
( -1.554863e-07 0 2.102111e-07) 
( -2.055560e-07 0 2.019342e-07) 
( -1.554863e-07 0 2.102111e-07) 
( -1.554863e-07 0 2.102111e-07) 
( -2.055560e-07 0 2.019342e-07) 
( -1.554703e-07 0 2.102112e-07) 
( -1.554623e-07 0 2.102105e-07) 
( -2.055712e-07 0 2.019179e-07) 
( -1.554543e-07 0 2.102097e-07) 
( -1.554543e-07 0 2.102161e-07) 
( -2.056059e-07 0 2.018865e-07) 
( -1.554943e-07 0 2.102296e-07) 
( -1.554623e-07 0 2.102330e-07) 
( -2.057484e-07 0 2.017622e-07) 
( -2.067118e-07 0 2.060907e-07) 
( -2.062047e-07 0 2.012443e-07) 
( -1.553108e-07 0 2.100504e-07) 
( -1.244339e-07 0 2.189465e-07) 
( -1.245595e-07 0 2.188340e-07) 
( -1.324460e-07 0 2.158289e-07) 
( -1.483510e-07 0 2.125928e-07) 
( -1.320811e-07 0 2.158969e-07) 
( -1.247891e-07 0 2.185770e-07) 
( 7.619468e-07 0 3.239724e-08) 
( 7.669656e-07 0 6.098008e-08) 
( 7.669658e-07 0 6.097954e-08) 
( 7.619468e-07 0 3.239724e-08) 
( 7.669656e-07 0 6.098008e-08) 
( 7.669656e-07 0 6.098008e-08) 
( 7.619468e-07 0 3.239724e-08) 
( 7.669656e-07 0 6.098008e-08) 
( 7.669656e-07 0 6.098008e-08) 
( 7.619468e-07 0 3.239724e-08) 
( 7.669658e-07 0 6.097954e-08) 
( 7.669656e-07 0 6.098008e-08) 
( 7.619468e-07 0 3.239724e-08) 
( 7.669572e-07 0 6.094514e-08) 
( 7.669658e-07 0 6.097954e-08) 
( 7.619468e-07 0 3.239724e-08) 
( 7.669574e-07 0 6.094460e-08) 
( 7.669572e-07 0 6.094514e-08) 
( 7.619468e-07 0 3.239724e-08) 
( 7.669319e-07 0 6.084033e-08) 
( 7.669490e-07 0 6.090966e-08) 
( 7.619468e-07 0 3.239724e-08) 
( 7.668549e-07 0 6.052915e-08) 
( 7.669063e-07 0 6.073660e-08) 
( 7.538264e-07 0 3.284168e-08) 
( 7.673370e-07 0 8.096776e-08) 
( 7.662833e-07 0 5.826559e-08) 
( 7.786542e-07 0 1.306774e-07) 
( 7.990788e-07 0 1.867899e-07) 
( 7.990788e-07 0 1.867899e-07) 
( 7.786542e-07 0 1.306774e-07) 
( 7.990788e-07 0 1.867899e-07) 
( 7.990788e-07 0 1.867899e-07) 
( 7.786542e-07 0 1.306774e-07) 
( 7.990788e-07 0 1.867899e-07) 
( 7.990788e-07 0 1.867899e-07) 
( 7.786542e-07 0 1.306774e-07) 
( 7.990788e-07 0 1.867899e-07) 
( 7.990788e-07 0 1.867899e-07) 
( 7.786434e-07 0 1.307640e-07) 
( 7.990788e-07 0 1.867899e-07) 
( 7.990788e-07 0 1.867899e-07) 
( 7.786321e-07 0 1.308717e-07) 
( 7.990788e-07 0 1.867899e-07) 
( 7.990788e-07 0 1.867899e-07) 
( 7.786094e-07 0 1.310872e-07) 
( 7.990788e-07 0 1.867899e-07) 
( 7.990788e-07 0 1.867899e-07) 
( 7.785215e-07 0 1.318431e-07) 
( 7.990788e-07 0 1.867899e-07) 
( 7.990788e-07 0 1.867899e-07) 
( 7.998390e-07 0 1.762987e-07) 
( 7.990788e-07 0 1.867899e-07) 
( 7.778313e-07 0 1.377185e-07) 
( 8.246560e-07 0 1.711230e-07) 
( 8.144352e-07 0 2.911548e-07) 
( 8.144413e-07 0 2.911315e-07) 
( 8.246560e-07 0 1.711230e-07) 
( 8.144352e-07 0 2.911548e-07) 
( 8.144352e-07 0 2.911548e-07) 
( 8.246560e-07 0 1.711230e-07) 
( 8.144461e-07 0 2.911405e-07) 
( 8.144352e-07 0 2.911548e-07) 
( 8.246560e-07 0 1.711230e-07) 
( 8.144461e-07 0 2.911405e-07) 
( 8.144461e-07 0 2.911405e-07) 
( 8.246560e-07 0 1.711230e-07) 
( 8.144461e-07 0 2.911405e-07) 
( 8.144461e-07 0 2.911405e-07) 
( 8.246560e-07 0 1.711230e-07) 
( 8.144570e-07 0 2.911262e-07) 
( 8.144570e-07 0 2.911262e-07) 
( 8.246560e-07 0 1.711230e-07) 
( 8.144897e-07 0 2.910833e-07) 
( 8.144679e-07 0 2.911119e-07) 
( 8.246560e-07 0 1.711230e-07) 
( 8.145830e-07 0 2.909459e-07) 
( 8.145309e-07 0 2.910217e-07) 
( 8.067915e-07 0 2.742493e-07) 
( 8.150539e-07 0 2.904052e-07) 
( 8.246560e-07 0 1.711230e-07) 
( 8.064586e-07 0 3.479210e-07) 
( 7.569669e-07 0 3.774024e-07) 
( 7.569669e-07 0 3.774024e-07) 
( 8.064639e-07 0 3.479823e-07) 
( 7.569669e-07 0 3.774024e-07) 
( 7.569669e-07 0 3.774024e-07) 
( 8.064639e-07 0 3.479823e-07) 
( 7.569669e-07 0 3.774024e-07) 
( 7.569669e-07 0 3.774024e-07) 
( 8.064651e-07 0 3.480084e-07) 
( 7.570748e-07 0 3.772723e-07) 
( 7.569669e-07 0 3.774024e-07) 
( 8.064651e-07 0 3.480084e-07) 
( 7.570748e-07 0 3.772723e-07) 
( 7.570748e-07 0 3.772723e-07) 
( 8.064663e-07 0 3.480346e-07) 
( 7.571827e-07 0 3.771423e-07) 
( 7.570748e-07 0 3.772723e-07) 
( 8.064792e-07 0 3.482095e-07) 
( 7.573985e-07 0 3.768822e-07) 
( 7.572906e-07 0 3.770122e-07) 
( 8.065103e-07 0 3.486207e-07) 
( 7.581700e-07 0 3.759579e-07) 
( 7.576763e-07 0 3.765501e-07) 
( 7.310805e-07 0 3.513548e-07) 
( 7.578841e-07 0 3.765202e-07) 
( 8.073121e-07 0 3.500739e-07) 
( 7.084030e-07 0 3.752220e-07) 
( 5.936967e-07 0 4.076353e-07) 
( 5.938216e-07 0 4.075771e-07) 
( 7.084030e-07 0 3.752220e-07) 
( 5.936967e-07 0 4.076353e-07) 
( 5.936967e-07 0 4.076353e-07) 
( 7.084030e-07 0 3.752220e-07) 
( 5.936967e-07 0 4.076353e-07) 
( 5.936967e-07 0 4.076353e-07) 
( 7.084030e-07 0 3.752220e-07) 
( 5.938354e-07 0 4.075646e-07) 
( 5.938354e-07 0 4.075646e-07) 
( 7.084030e-07 0 3.752220e-07) 
( 5.938354e-07 0 4.075646e-07) 
( 5.938354e-07 0 4.075646e-07) 
( 7.084030e-07 0 3.752220e-07) 
( 5.939741e-07 0 4.074938e-07) 
( 5.938354e-07 0 4.075646e-07) 
( 7.084030e-07 0 3.752220e-07) 
( 5.943277e-07 0 4.073107e-07) 
( 5.941128e-07 0 4.074231e-07) 
( 7.084030e-07 0 3.752220e-07) 
( 5.953610e-07 0 4.067865e-07) 
( 5.947438e-07 0 4.070985e-07) 
( 5.903474e-07 0 3.857535e-07) 
( 6.008645e-07 0 4.038312e-07) 
( 7.084030e-07 0 3.752220e-07) 
( 5.346158e-07 0 3.874123e-07) 
( 4.621845e-07 0 3.635200e-07) 
( 4.621699e-07 0 3.635207e-07) 
( 5.346158e-07 0 3.874123e-07) 
( 4.621845e-07 0 3.635200e-07) 
( 4.621845e-07 0 3.635200e-07) 
( 5.346158e-07 0 3.874123e-07) 
( 4.621845e-07 0 3.635200e-07) 
( 4.621845e-07 0 3.635200e-07) 
( 5.346158e-07 0 3.874123e-07) 
( 4.621623e-07 0 3.635224e-07) 
( 4.621769e-07 0 3.635218e-07) 
( 5.346158e-07 0 3.874123e-07) 
( 4.621623e-07 0 3.635224e-07) 
( 4.621623e-07 0 3.635224e-07) 
( 5.346158e-07 0 3.874123e-07) 
( 4.621693e-07 0 3.635236e-07) 
( 4.621623e-07 0 3.635224e-07) 
( 5.346158e-07 0 3.874123e-07) 
( 4.621541e-07 0 3.635271e-07) 
( 4.621693e-07 0 3.635236e-07) 
( 5.346158e-07 0 3.874123e-07) 
( 4.621085e-07 0 3.635377e-07) 
( 4.621243e-07 0 3.635313e-07) 
( 4.677098e-07 0 3.683934e-07) 
( 4.614557e-07 0 3.635739e-07) 
( 5.346158e-07 0 3.874123e-07) 
( 3.880085e-07 0 3.485897e-07) 
( 3.249573e-07 0 3.366903e-07) 
( 3.249642e-07 0 3.366885e-07) 
( 3.880085e-07 0 3.485897e-07) 
( 3.249573e-07 0 3.366903e-07) 
( 3.249573e-07 0 3.366903e-07) 
( 3.880085e-07 0 3.485897e-07) 
( 3.249576e-07 0 3.366871e-07) 
( 3.249573e-07 0 3.366903e-07) 
( 3.880085e-07 0 3.485897e-07) 
( 3.249576e-07 0 3.366871e-07) 
( 3.249576e-07 0 3.366871e-07) 
( 3.879498e-07 0 3.486160e-07) 
( 3.249576e-07 0 3.366871e-07) 
( 3.249576e-07 0 3.366871e-07) 
( 3.878900e-07 0 3.486381e-07) 
( 3.249576e-07 0 3.366871e-07) 
( 3.249576e-07 0 3.366871e-07) 
( 3.877116e-07 0 3.487086e-07) 
( 3.249521e-07 0 3.366764e-07) 
( 3.249518e-07 0 3.366795e-07) 
( 3.871798e-07 0 3.489327e-07) 
( 3.249422e-07 0 3.366454e-07) 
( 3.249470e-07 0 3.366624e-07) 
( 3.308369e-07 0 3.409356e-07) 
( 3.247059e-07 0 3.364658e-07) 
( 3.842530e-07 0 3.500336e-07) 
( 2.695856e-07 0 3.296466e-07) 
( 2.311063e-07 0 3.222930e-07) 
( 2.311063e-07 0 3.222930e-07) 
( 2.695856e-07 0 3.296466e-07) 
( 2.311063e-07 0 3.222930e-07) 
( 2.311063e-07 0 3.222930e-07) 
( 2.695856e-07 0 3.296466e-07) 
( 2.311063e-07 0 3.222930e-07) 
( 2.311063e-07 0 3.222930e-07) 
( 2.695793e-07 0 3.296421e-07) 
( 2.311063e-07 0 3.222930e-07) 
( 2.311063e-07 0 3.222930e-07) 
( 2.695793e-07 0 3.296421e-07) 
( 2.311063e-07 0 3.222930e-07) 
( 2.311063e-07 0 3.222930e-07) 
( 2.695731e-07 0 3.296376e-07) 
( 2.311063e-07 0 3.222930e-07) 
( 2.311063e-07 0 3.222930e-07) 
( 2.695668e-07 0 3.296331e-07) 
( 2.311063e-07 0 3.222930e-07) 
( 2.311063e-07 0 3.222930e-07) 
( 2.695430e-07 0 3.296058e-07) 
( 2.311063e-07 0 3.222930e-07) 
( 2.311063e-07 0 3.222930e-07) 
( 2.543218e-07 0 3.166957e-07) 
( 2.311063e-07 0 3.222930e-07) 
( 2.693115e-07 0 3.294433e-07) 
( 2.208706e-07 0 2.959344e-07) 
( 1.756702e-07 0 3.051933e-07) 
( 1.756702e-07 0 3.051933e-07) 
( 2.208706e-07 0 2.959344e-07) 
( 1.756702e-07 0 3.051933e-07) 
( 1.756702e-07 0 3.051933e-07) 
( 2.208706e-07 0 2.959344e-07) 
( 1.756702e-07 0 3.051933e-07) 
( 1.756702e-07 0 3.051933e-07) 
( 2.208706e-07 0 2.959344e-07) 
( 1.756702e-07 0 3.051933e-07) 
( 1.756702e-07 0 3.051933e-07) 
( 2.208706e-07 0 2.959344e-07) 
( 1.756702e-07 0 3.051933e-07) 
( 1.756702e-07 0 3.051933e-07) 
( 2.208706e-07 0 2.959344e-07) 
( 1.760849e-07 0 3.049263e-07) 
( 1.756702e-07 0 3.051933e-07) 
( 2.208706e-07 0 2.959344e-07) 
( 1.760584e-07 0 3.049414e-07) 
( 1.760849e-07 0 3.049263e-07) 
( 2.208706e-07 0 2.959344e-07) 
( 1.766609e-07 0 3.045469e-07) 
( 1.759786e-07 0 3.049868e-07) 
( 1.927329e-07 0 3.042333e-07) 
( 1.689361e-07 0 3.082185e-07) 
( 2.208706e-07 0 2.959344e-07) 
( 1.036605e-07 0 -3.013672e-07) 
( 1.200268e-07 0 -2.906936e-07) 
( 1.200268e-07 0 -2.906936e-07) 
( 1.057806e-07 0 -3.028993e-07) 
( 1.181860e-07 0 -2.927369e-07) 
( 1.200268e-07 0 -2.906936e-07) 
( 1.215287e-07 0 -2.867004e-07) 
( 1.446870e-07 0 -2.769062e-07) 
( 1.446870e-07 0 -2.769062e-07) 
( 1.266969e-07 0 -2.872358e-07) 
( 1.381948e-07 0 -2.815264e-07) 
( 1.446870e-07 0 -2.769062e-07) 
( 1.597681e-07 0 3.005624e-07) 
( 1.365678e-07 0 3.030883e-07) 
( 1.369376e-07 0 3.030220e-07) 
( 1.466655e-07 0 2.993110e-07) 
( 1.378834e-07 0 3.027888e-07) 
( 1.597681e-07 0 3.005624e-07) 
( 1.370107e-07 0 2.973670e-07) 
( 1.125633e-07 0 3.035015e-07) 
( 1.127207e-07 0 3.034724e-07) 
( 1.147431e-07 0 3.065152e-07) 
( 1.131124e-07 0 3.034069e-07) 
( 1.370107e-07 0 2.973670e-07) 
( 1.036605e-07 0 -3.013672e-07) 
( 1.200268e-07 0 -2.906936e-07) 
( 1.200268e-07 0 -2.906936e-07) 
( 1.036605e-07 0 -3.013672e-07) 
( 1.200268e-07 0 -2.906936e-07) 
( 1.200268e-07 0 -2.906936e-07) 
( 1.036605e-07 0 -3.013672e-07) 
( 1.200268e-07 0 -2.906936e-07) 
( 1.200268e-07 0 -2.906936e-07) 
( 1.036605e-07 0 -3.013672e-07) 
( 1.200268e-07 0 -2.906936e-07) 
( 1.200268e-07 0 -2.906936e-07) 
( 1.036605e-07 0 -3.013672e-07) 
( 1.200268e-07 0 -2.906936e-07) 
( 1.200268e-07 0 -2.906936e-07) 
( 1.036605e-07 0 -3.013672e-07) 
( 1.200268e-07 0 -2.906936e-07) 
( 1.200268e-07 0 -2.906936e-07) 
( 1.036605e-07 0 -3.013672e-07) 
( 1.200268e-07 0 -2.906936e-07) 
( 1.200268e-07 0 -2.906936e-07) 
( 1.215287e-07 0 -2.867004e-07) 
( 1.446870e-07 0 -2.769062e-07) 
( 1.446870e-07 0 -2.769062e-07) 
( 1.215287e-07 0 -2.867004e-07) 
( 1.446870e-07 0 -2.769062e-07) 
( 1.446870e-07 0 -2.769062e-07) 
( 1.215287e-07 0 -2.867004e-07) 
( 1.446870e-07 0 -2.769062e-07) 
( 1.446870e-07 0 -2.769062e-07) 
( 1.215287e-07 0 -2.867004e-07) 
( 1.446870e-07 0 -2.769062e-07) 
( 1.446870e-07 0 -2.769062e-07) 
( 1.215287e-07 0 -2.867004e-07) 
( 1.446870e-07 0 -2.769062e-07) 
( 1.446870e-07 0 -2.769062e-07) 
( 1.215287e-07 0 -2.867004e-07) 
( 1.446870e-07 0 -2.769062e-07) 
( 1.446870e-07 0 -2.769062e-07) 
( 1.215287e-07 0 -2.867004e-07) 
( 1.446870e-07 0 -2.769062e-07) 
( 1.446870e-07 0 -2.769062e-07) 
( -1.726751e-07 0 -2.833679e-07) 
( -1.726644e-07 0 -2.833659e-07) 
( -1.750928e-07 0 -2.669485e-07) 
( -1.726644e-07 0 -2.833659e-07) 
( -1.726644e-07 0 -2.833659e-07) 
( -1.750928e-07 0 -2.669485e-07) 
( -1.726644e-07 0 -2.833659e-07) 
( -1.726644e-07 0 -2.833659e-07) 
( -1.750928e-07 0 -2.669485e-07) 
( -1.726644e-07 0 -2.833659e-07) 
( -1.726644e-07 0 -2.833659e-07) 
( -1.750928e-07 0 -2.669485e-07) 
( -1.726644e-07 0 -2.833659e-07) 
( -1.726644e-07 0 -2.833659e-07) 
( -1.750928e-07 0 -2.669485e-07) 
( -1.726800e-07 0 -2.833658e-07) 
( -1.726800e-07 0 -2.833658e-07) 
( -1.750762e-07 0 -2.669623e-07) 
( -1.726547e-07 0 -2.833701e-07) 
( -1.726100e-07 0 -2.833827e-07) 
( -1.751519e-07 0 -2.668897e-07) 
( -2.437107e-07 0 -2.900769e-07) 
( -2.437107e-07 0 -2.900769e-07) 
( -1.930057e-07 0 -2.881924e-07) 
( -2.437107e-07 0 -2.900769e-07) 
( -2.437107e-07 0 -2.900769e-07) 
( -1.930057e-07 0 -2.881924e-07) 
( -2.437107e-07 0 -2.900769e-07) 
( -2.437107e-07 0 -2.900769e-07) 
( -1.930057e-07 0 -2.881924e-07) 
( -2.437107e-07 0 -2.900769e-07) 
( -2.437107e-07 0 -2.900769e-07) 
( -1.930057e-07 0 -2.881924e-07) 
( -2.437107e-07 0 -2.900769e-07) 
( -2.437107e-07 0 -2.900769e-07) 
( -1.930057e-07 0 -2.881924e-07) 
( -2.437107e-07 0 -2.900769e-07) 
( -2.437107e-07 0 -2.900769e-07) 
( -1.930057e-07 0 -2.881924e-07) 
( -2.437107e-07 0 -2.900769e-07) 
( -2.437107e-07 0 -2.900769e-07) 
( -1.921890e-07 0 -2.884579e-07) 
( -1.239907e-07 0 2.193436e-07) 
( -1.239920e-07 0 2.193401e-07) 
( -1.323827e-07 0 2.158631e-07) 
( -1.239920e-07 0 2.193401e-07) 
( -1.239920e-07 0 2.193401e-07) 
( -1.323827e-07 0 2.158631e-07) 
( -1.239920e-07 0 2.193401e-07) 
( -1.239920e-07 0 2.193401e-07) 
( -1.323827e-07 0 2.158631e-07) 
( -1.239920e-07 0 2.193401e-07) 
( -1.239920e-07 0 2.193401e-07) 
( -1.323827e-07 0 2.158631e-07) 
( -1.239920e-07 0 2.193401e-07) 
( -1.239920e-07 0 2.193401e-07) 
( -1.323827e-07 0 2.158631e-07) 
( -1.239920e-07 0 2.193401e-07) 
( -1.239920e-07 0 2.193401e-07) 
( -1.323695e-07 0 2.158655e-07) 
( -1.239986e-07 0 2.193227e-07) 
( -1.240045e-07 0 2.192757e-07) 
( -1.323656e-07 0 2.158593e-07) 
( -1.114630e-07 0 2.358656e-07) 
( -1.114951e-07 0 2.358395e-07) 
( -1.062448e-07 0 2.313120e-07) 
( -1.114951e-07 0 2.358395e-07) 
( -1.114951e-07 0 2.358395e-07) 
( -1.062448e-07 0 2.313120e-07) 
( -1.114951e-07 0 2.358395e-07) 
( -1.114951e-07 0 2.358395e-07) 
( -1.062448e-07 0 2.313120e-07) 
( -1.114951e-07 0 2.358395e-07) 
( -1.114951e-07 0 2.358395e-07) 
( -1.062448e-07 0 2.313120e-07) 
( -1.114951e-07 0 2.358395e-07) 
( -1.114951e-07 0 2.358395e-07) 
( -1.062448e-07 0 2.313120e-07) 
( -1.114951e-07 0 2.358395e-07) 
( -1.114951e-07 0 2.358395e-07) 
( -1.062448e-07 0 2.313120e-07) 
( -1.115433e-07 0 2.358003e-07) 
( -1.113011e-07 0 2.359954e-07) 
( -1.061361e-07 0 2.313261e-07) 
( 1.597681e-07 0 3.005624e-07) 
( 1.371844e-07 0 3.029636e-07) 
( 1.370839e-07 0 3.029872e-07) 
( 1.597681e-07 0 3.005624e-07) 
( 1.371385e-07 0 3.029748e-07) 
( 1.371385e-07 0 3.029748e-07) 
( 1.597681e-07 0 3.005624e-07) 
( 1.371385e-07 0 3.029748e-07) 
( 1.371385e-07 0 3.029748e-07) 
( 1.597681e-07 0 3.005624e-07) 
( 1.370381e-07 0 3.029984e-07) 
( 1.371385e-07 0 3.029748e-07) 
( 1.597681e-07 0 3.005624e-07) 
( 1.370381e-07 0 3.029984e-07) 
( 1.370381e-07 0 3.029984e-07) 
( 1.597681e-07 0 3.005624e-07) 
( 1.370381e-07 0 3.029984e-07) 
( 1.370381e-07 0 3.029984e-07) 
( 1.597681e-07 0 3.005624e-07) 
( 1.370381e-07 0 3.029984e-07) 
( 1.370381e-07 0 3.029984e-07) 
( 1.370107e-07 0 2.973670e-07) 
( 1.126743e-07 0 3.034747e-07) 
( 1.126895e-07 0 3.034722e-07) 
( 1.370107e-07 0 2.973670e-07) 
( 1.126743e-07 0 3.034747e-07) 
( 1.126743e-07 0 3.034747e-07) 
( 1.370107e-07 0 2.973670e-07) 
( 1.126743e-07 0 3.034747e-07) 
( 1.126743e-07 0 3.034747e-07) 
( 1.370107e-07 0 2.973670e-07) 
( 1.126743e-07 0 3.034747e-07) 
( 1.126743e-07 0 3.034747e-07) 
( 1.370107e-07 0 2.973670e-07) 
( 1.127201e-07 0 3.034672e-07) 
( 1.126743e-07 0 3.034747e-07) 
( 1.370107e-07 0 2.973670e-07) 
( 1.128143e-07 0 3.034527e-07) 
( 1.128117e-07 0 3.034523e-07) 
( 1.370107e-07 0 2.973670e-07) 
( 1.127127e-07 0 3.034710e-07) 
( 1.127533e-07 0 3.034627e-07) 
( -1.817680e-07 0 -2.449900e-07) 
( -1.817680e-07 0 -2.449900e-07) 
( -1.386908e-07 0 -2.571284e-07) 
( -1.804270e-07 0 -2.495064e-07) 
( -1.477676e-07 0 -2.656871e-07) 
( -1.245853e-07 0 -2.626623e-07) 
( -1.723362e-07 0 -2.833949e-07) 
( -1.720135e-07 0 -2.833949e-07) 
( -1.758036e-07 0 -2.662819e-07) 
( -1.725320e-07 0 -2.833832e-07) 
( -1.872339e-07 0 -2.731422e-07) 
( -1.716623e-07 0 -2.661321e-07) 
( -1.108141e-07 0 2.363840e-07) 
( -1.107378e-07 0 2.364517e-07) 
( -1.058686e-07 0 2.313633e-07) 
( -1.189424e-07 0 2.288583e-07) 
( -1.060099e-07 0 2.313505e-07) 
( -1.101977e-07 0 2.369891e-07) 
( -1.085310e-07 0 2.628197e-07) 
( -1.087102e-07 0 2.626472e-07) 
( -1.038871e-07 0 2.510880e-07) 
( -1.082789e-07 0 2.522469e-07) 
( -1.041106e-07 0 2.511852e-07) 
( -1.058683e-07 0 2.648158e-07) 
( 9.903495e-08 0 3.107167e-07) 
( 1.058529e-07 0 3.103599e-07) 
( 1.058542e-07 0 3.103906e-07) 
( 1.042180e-07 0 3.109423e-07) 
( 1.050931e-07 0 3.109343e-07) 
( 9.824689e-08 0 3.112458e-07) 
( 9.071827e-08 0 3.196843e-07) 
( 7.108878e-08 0 3.346720e-07) 
( 7.122866e-08 0 3.346499e-07) 
( 7.591528e-08 0 3.356994e-07) 
( 7.229018e-08 0 3.345203e-07) 
( 9.104447e-08 0 3.197832e-07) 
( 7.438310e-08 0 -3.294738e-07) 
( 8.796984e-08 0 -3.198530e-07) 
( 8.767740e-08 0 -3.199558e-07) 
( 7.589518e-08 0 -3.311698e-07) 
( 8.627199e-08 0 -3.238591e-07) 
( 8.582359e-08 0 -3.206602e-07) 
( 1.125703e-07 0 -3.093396e-07) 
( 1.029511e-07 0 -3.064946e-07) 
( 1.027573e-07 0 -3.066067e-07) 
( 9.752235e-08 0 -3.161637e-07) 
( 9.342481e-08 0 -3.122357e-07) 
( 1.012272e-07 0 -3.075316e-07) 
( 9.911006e-08 0 3.106680e-07) 
( 1.058518e-07 0 3.103687e-07) 
( 1.058518e-07 0 3.103753e-07) 
( 9.899212e-08 0 3.107365e-07) 
( 1.058530e-07 0 3.103863e-07) 
( 1.058512e-07 0 3.103732e-07) 
( 9.084552e-08 0 3.197042e-07) 
( 7.140474e-08 0 3.346170e-07) 
( 7.142161e-08 0 3.346169e-07) 
( 9.081314e-08 0 3.196961e-07) 
( 7.123113e-08 0 3.346394e-07) 
( 7.128420e-08 0 3.346285e-07) 
( 7.438310e-08 0 -3.294738e-07) 
( 8.691096e-08 0 -3.202259e-07) 
( 8.691096e-08 0 -3.202259e-07) 
( 7.438310e-08 0 -3.294738e-07) 
( 8.691096e-08 0 -3.202259e-07) 
( 8.691096e-08 0 -3.202259e-07) 
( 7.438310e-08 0 -3.294738e-07) 
( 8.698996e-08 0 -3.201980e-07) 
( 8.691096e-08 0 -3.202259e-07) 
( 7.438310e-08 0 -3.294738e-07) 
( 8.698996e-08 0 -3.201980e-07) 
( 8.698996e-08 0 -3.201980e-07) 
( 7.438310e-08 0 -3.294738e-07) 
( 8.698996e-08 0 -3.201980e-07) 
( 8.698996e-08 0 -3.201980e-07) 
( 7.438310e-08 0 -3.294738e-07) 
( 8.698996e-08 0 -3.201980e-07) 
( 8.698996e-08 0 -3.201980e-07) 
( 7.438310e-08 0 -3.294738e-07) 
( 8.732953e-08 0 -3.200778e-07) 
( 8.709252e-08 0 -3.201614e-07) 
( 1.127935e-07 0 -3.092071e-07) 
( 1.037259e-07 0 -3.060249e-07) 
( 1.036754e-07 0 -3.060560e-07) 
( 1.128059e-07 0 -3.091979e-07) 
( 1.037259e-07 0 -3.060249e-07) 
( 1.037259e-07 0 -3.060249e-07) 
( 1.128059e-07 0 -3.091979e-07) 
( 1.037259e-07 0 -3.060249e-07) 
( 1.037259e-07 0 -3.060249e-07) 
( 1.128059e-07 0 -3.091979e-07) 
( 1.037259e-07 0 -3.060249e-07) 
( 1.037259e-07 0 -3.060249e-07) 
( 1.128059e-07 0 -3.091979e-07) 
( 1.037259e-07 0 -3.060249e-07) 
( 1.037259e-07 0 -3.060249e-07) 
( 1.128059e-07 0 -3.091979e-07) 
( 1.037006e-07 0 -3.060405e-07) 
( 1.037259e-07 0 -3.060249e-07) 
( 1.125459e-07 0 -3.093513e-07) 
( 1.033047e-07 0 -3.062769e-07) 
( 1.037512e-07 0 -3.060094e-07) 
( 9.936911e-08 0 3.105152e-07) 
( 1.058494e-07 0 3.103601e-07) 
( 1.058494e-07 0 3.103601e-07) 
( 9.936911e-08 0 3.105152e-07) 
( 1.058488e-07 0 3.103579e-07) 
( 1.058488e-07 0 3.103579e-07) 
( 9.936911e-08 0 3.105152e-07) 
( 1.058488e-07 0 3.103579e-07) 
( 1.058488e-07 0 3.103579e-07) 
( 9.941509e-08 0 3.104891e-07) 
( 1.058488e-07 0 3.103513e-07) 
( 1.058488e-07 0 3.103579e-07) 
( 9.928276e-08 0 3.105661e-07) 
( 1.058506e-07 0 3.103644e-07) 
( 1.058494e-07 0 3.103601e-07) 
( 9.088781e-08 0 3.197101e-07) 
( 7.152230e-08 0 3.346003e-07) 
( 7.152230e-08 0 3.346003e-07) 
( 9.088819e-08 0 3.197122e-07) 
( 7.152230e-08 0 3.346003e-07) 
( 7.152230e-08 0 3.346003e-07) 
( 9.088819e-08 0 3.197122e-07) 
( 7.152230e-08 0 3.346003e-07) 
( 7.152230e-08 0 3.346003e-07) 
( 9.088819e-08 0 3.197122e-07) 
( 7.153916e-08 0 3.346001e-07) 
( 7.151386e-08 0 3.346004e-07) 
( 9.086648e-08 0 3.197061e-07) 
( 7.152528e-08 0 3.346055e-07) 
( 7.161209e-08 0 3.345943e-07) 
( 6.952782e-08 0 3.504114e-07) 
( 6.218163e-08 0 3.672112e-07) 
( 6.218163e-08 0 3.672112e-07) 
( 6.308037e-08 0 3.670576e-07) 
( 6.218163e-08 0 3.672112e-07) 
( 6.952782e-08 0 3.504114e-07) 
( 8.032075e-08 0 3.707532e-07) 
( 5.936492e-08 0 3.842356e-07) 
( 5.930032e-08 0 3.842703e-07) 
( 5.051087e-08 0 3.889743e-07) 
( 5.866013e-08 0 3.846130e-07) 
( 8.032075e-08 0 3.707532e-07) 
( 5.554125e-08 0 -3.418490e-07) 
( 7.381253e-08 0 -3.420155e-07) 
( 7.381253e-08 0 -3.420155e-07) 
( 5.554836e-08 0 -3.433029e-07) 
( 6.795899e-08 0 -3.427861e-07) 
( 7.381253e-08 0 -3.420155e-07) 
( 6.044895e-08 0 -3.442631e-07) 
( 7.033196e-08 0 -3.374770e-07) 
( 7.033196e-08 0 -3.374770e-07) 
( 6.122740e-08 0 -3.439500e-07) 
( 6.406811e-08 0 -3.380531e-07) 
( 7.033196e-08 0 -3.374770e-07) 
( -1.409173e-07 0 -2.480722e-07) 
( -1.409173e-07 0 -2.480722e-07) 
( -1.296118e-07 0 -2.499008e-07) 
( -1.409173e-07 0 -2.480722e-07) 
( -1.409173e-07 0 -2.480722e-07) 
( -1.296118e-07 0 -2.499008e-07) 
( -1.409173e-07 0 -2.480722e-07) 
( -1.409173e-07 0 -2.480722e-07) 
( -1.296118e-07 0 -2.499008e-07) 
( -1.409173e-07 0 -2.480722e-07) 
( -1.409173e-07 0 -2.480722e-07) 
( -1.296118e-07 0 -2.499008e-07) 
( -1.409173e-07 0 -2.480722e-07) 
( -1.409173e-07 0 -2.480722e-07) 
( -1.296118e-07 0 -2.499008e-07) 
( -1.409173e-07 0 -2.480722e-07) 
( -1.409173e-07 0 -2.480722e-07) 
( -1.296118e-07 0 -2.499008e-07) 
( -1.409173e-07 0 -2.480722e-07) 
( -1.409173e-07 0 -2.480722e-07) 
( -1.295920e-07 0 -2.499114e-07) 
( -1.817680e-07 0 -2.449900e-07) 
( -1.817680e-07 0 -2.449900e-07) 
( -1.356712e-07 0 -2.586086e-07) 
( -1.817680e-07 0 -2.449900e-07) 
( -1.817680e-07 0 -2.449900e-07) 
( -1.356712e-07 0 -2.586086e-07) 
( -1.817680e-07 0 -2.449900e-07) 
( -1.817680e-07 0 -2.449900e-07) 
( -1.356712e-07 0 -2.586086e-07) 
( -1.817680e-07 0 -2.449900e-07) 
( -1.817680e-07 0 -2.449900e-07) 
( -1.356712e-07 0 -2.586086e-07) 
( -1.817680e-07 0 -2.449900e-07) 
( -1.817680e-07 0 -2.449900e-07) 
( -1.356712e-07 0 -2.586086e-07) 
( -1.817680e-07 0 -2.449900e-07) 
( -1.817680e-07 0 -2.449900e-07) 
( -1.356712e-07 0 -2.586086e-07) 
( -1.817680e-07 0 -2.449900e-07) 
( -1.817680e-07 0 -2.449900e-07) 
( -1.361420e-07 0 -2.583797e-07) 
( -1.183505e-07 0 -2.513724e-07) 
( -1.183726e-07 0 -2.513804e-07) 
( -1.530551e-07 0 -2.321418e-07) 
( -1.186003e-07 0 -2.509794e-07) 
( -1.205782e-07 0 -2.472545e-07) 
( -1.547361e-07 0 -2.286640e-07) 
( -1.409173e-07 0 -2.480722e-07) 
( -1.409173e-07 0 -2.480722e-07) 
( -1.300595e-07 0 -2.495794e-07) 
( -1.273337e-07 0 -2.565256e-07) 
( -1.351193e-07 0 -2.500046e-07) 
( -1.247852e-07 0 -2.497321e-07) 
( -1.089893e-07 0 2.623924e-07) 
( -1.090109e-07 0 2.623692e-07) 
( -1.037391e-07 0 2.508749e-07) 
( -1.090109e-07 0 2.623692e-07) 
( -1.090109e-07 0 2.623692e-07) 
( -1.037380e-07 0 2.508730e-07) 
( -1.090109e-07 0 2.623692e-07) 
( -1.090109e-07 0 2.623692e-07) 
( -1.037380e-07 0 2.508730e-07) 
( -1.090109e-07 0 2.623692e-07) 
( -1.090109e-07 0 2.623692e-07) 
( -1.037380e-07 0 2.508730e-07) 
( -1.090109e-07 0 2.623692e-07) 
( -1.090109e-07 0 2.623692e-07) 
( -1.037391e-07 0 2.508749e-07) 
( -1.090109e-07 0 2.623692e-07) 
( -1.090109e-07 0 2.623692e-07) 
( -1.037391e-07 0 2.508749e-07) 
( -1.089968e-07 0 2.623743e-07) 
( -1.086924e-07 0 2.626613e-07) 
( -1.038065e-07 0 2.509457e-07) 
( -1.063414e-07 0 2.939967e-07) 
( -1.063761e-07 0 2.939680e-07) 
( -1.112522e-07 0 2.747707e-07) 
( -1.063761e-07 0 2.939680e-07) 
( -1.063414e-07 0 2.939967e-07) 
( -1.112522e-07 0 2.747707e-07) 
( -1.062375e-07 0 2.940829e-07) 
( -1.061683e-07 0 2.941404e-07) 
( -1.112522e-07 0 2.747707e-07) 
( -1.061683e-07 0 2.941404e-07) 
( -1.061683e-07 0 2.941404e-07) 
( -1.112522e-07 0 2.747707e-07) 
( -1.061683e-07 0 2.941404e-07) 
( -1.061683e-07 0 2.941404e-07) 
( -1.112522e-07 0 2.747707e-07) 
( -1.061683e-07 0 2.941404e-07) 
( -1.061683e-07 0 2.941404e-07) 
( -1.112522e-07 0 2.747707e-07) 
( -1.062722e-07 0 2.940542e-07) 
( -1.059336e-07 0 2.943292e-07) 
( -1.112700e-07 0 2.746432e-07) 
( -1.054142e-07 0 2.947603e-07) 
( -1.056183e-07 0 2.946212e-07) 
( -1.110976e-07 0 2.744651e-07) 
( -9.377615e-08 0 2.894225e-07) 
( -1.084873e-07 0 2.767729e-07) 
( -9.298941e-08 0 3.026580e-07) 
( -1.354897e-07 0 3.181479e-07) 
( -1.357839e-07 0 3.179522e-07) 
( -1.146034e-07 0 3.104482e-07) 
( -1.231879e-07 0 3.096764e-07) 
( -1.160453e-07 0 3.106369e-07) 
( -1.321570e-07 0 3.201657e-07) 
( 6.952782e-08 0 3.504114e-07) 
( 6.218163e-08 0 3.672112e-07) 
( 6.218163e-08 0 3.672112e-07) 
( 6.952782e-08 0 3.504114e-07) 
( 6.218163e-08 0 3.672112e-07) 
( 6.218163e-08 0 3.672112e-07) 
( 6.952782e-08 0 3.504114e-07) 
( 6.218163e-08 0 3.672112e-07) 
( 6.218163e-08 0 3.672112e-07) 
( 8.032075e-08 0 3.707532e-07) 
( 5.923999e-08 0 3.843030e-07) 
( 5.923999e-08 0 3.843030e-07) 
( 8.032075e-08 0 3.707532e-07) 
( 5.917901e-08 0 3.843354e-07) 
( 5.920197e-08 0 3.843232e-07) 
( 8.032075e-08 0 3.707532e-07) 
( 5.928665e-08 0 3.842779e-07) 
( 5.923497e-08 0 3.843057e-07) 
( 2.296092e-08 0 4.040880e-07) 
( 8.395884e-09 0 4.166812e-07) 
( 8.395884e-09 0 4.166812e-07) 
( 1.604239e-08 0 4.190086e-07) 
( 8.395884e-09 0 4.166812e-07) 
( 2.331398e-08 0 4.043105e-07) 
( 6.296093e-09 0 4.323926e-07) 
( -4.204286e-09 0 4.402192e-07) 
( -4.204286e-09 0 4.402192e-07) 
( -1.242821e-08 0 4.384820e-07) 
( -4.209030e-09 0 4.404833e-07) 
( 6.296093e-09 0 4.323926e-07) 
( 1.645773e-09 0 -3.485434e-07) 
( 9.043107e-09 0 -3.485164e-07) 
( 9.043107e-09 0 -3.485164e-07) 
( 4.923899e-10 0 -3.475056e-07) 
( 8.215682e-09 0 -3.477543e-07) 
( 9.043107e-09 0 -3.485164e-07) 
( 1.248630e-08 0 -3.470484e-07) 
( 3.442991e-08 0 -3.429187e-07) 
( 3.442302e-08 0 -3.429469e-07) 
( 1.692341e-08 0 -3.469295e-07) 
( 3.382038e-08 0 -3.450773e-07) 
( 3.435611e-08 0 -3.431380e-07) 
( 5.557600e-08 0 -3.418590e-07) 
( 7.381253e-08 0 -3.420155e-07) 
( 7.381253e-08 0 -3.420155e-07) 
( 5.557600e-08 0 -3.418590e-07) 
( 7.381253e-08 0 -3.420155e-07) 
( 7.381253e-08 0 -3.420155e-07) 
( 5.557283e-08 0 -3.418596e-07) 
( 7.381253e-08 0 -3.420155e-07) 
( 7.381253e-08 0 -3.420155e-07) 
( 5.557007e-08 0 -3.418650e-07) 
( 7.381253e-08 0 -3.420155e-07) 
( 7.381253e-08 0 -3.420155e-07) 
( 5.557007e-08 0 -3.418650e-07) 
( 7.381253e-08 0 -3.420155e-07) 
( 7.381253e-08 0 -3.420155e-07) 
( 5.556669e-08 0 -3.418632e-07) 
( 7.381253e-08 0 -3.420155e-07) 
( 7.381253e-08 0 -3.420155e-07) 
( 5.556448e-08 0 -3.418565e-07) 
( 7.381253e-08 0 -3.420155e-07) 
( 7.381253e-08 0 -3.420155e-07) 
( 6.044895e-08 0 -3.442631e-07) 
( 7.033196e-08 0 -3.374770e-07) 
( 7.033196e-08 0 -3.374770e-07) 
( 6.044895e-08 0 -3.442631e-07) 
( 7.033196e-08 0 -3.374770e-07) 
( 7.033196e-08 0 -3.374770e-07) 
( 6.044895e-08 0 -3.442631e-07) 
( 7.033196e-08 0 -3.374770e-07) 
( 7.033196e-08 0 -3.374770e-07) 
( 6.044895e-08 0 -3.442631e-07) 
( 7.033196e-08 0 -3.374770e-07) 
( 7.033196e-08 0 -3.374770e-07) 
( 6.044895e-08 0 -3.442631e-07) 
( 7.033196e-08 0 -3.374770e-07) 
( 7.033196e-08 0 -3.374770e-07) 
( 6.044895e-08 0 -3.442631e-07) 
( 7.033196e-08 0 -3.374770e-07) 
( 7.033196e-08 0 -3.374770e-07) 
( 6.044895e-08 0 -3.442631e-07) 
( 7.033196e-08 0 -3.374770e-07) 
( 7.033196e-08 0 -3.374770e-07) 
( 6.952782e-08 0 3.504114e-07) 
( 6.218163e-08 0 3.672112e-07) 
( 6.218163e-08 0 3.672112e-07) 
( 6.952782e-08 0 3.504114e-07) 
( 6.218163e-08 0 3.672112e-07) 
( 6.218163e-08 0 3.672112e-07) 
( 6.952782e-08 0 3.504114e-07) 
( 6.218163e-08 0 3.672112e-07) 
( 6.218163e-08 0 3.672112e-07) 
( 6.952782e-08 0 3.504114e-07) 
( 6.218163e-08 0 3.672112e-07) 
( 6.218163e-08 0 3.672112e-07) 
( 8.032075e-08 0 3.707532e-07) 
( 5.915819e-08 0 3.843466e-07) 
( 5.915317e-08 0 3.843493e-07) 
( 8.032075e-08 0 3.707532e-07) 
( 5.915819e-08 0 3.843466e-07) 
( 5.915819e-08 0 3.843466e-07) 
( 8.032075e-08 0 3.707532e-07) 
( 5.915819e-08 0 3.843466e-07) 
( 5.915819e-08 0 3.843466e-07) 
( 8.032075e-08 0 3.707532e-07) 
( 5.919909e-08 0 3.843248e-07) 
( 5.916321e-08 0 3.843440e-07) 
( -3.195115e-08 0 -3.247277e-07) 
( -2.071767e-08 0 -3.339386e-07) 
( -2.071767e-08 0 -3.339386e-07) 
( -3.506622e-08 0 -3.270701e-07) 
( -2.520271e-08 0 -3.354980e-07) 
( -2.085918e-08 0 -3.357367e-07) 
( -1.957404e-08 0 -3.413966e-07) 
( -5.991080e-09 0 -3.464176e-07) 
( -5.991080e-09 0 -3.464176e-07) 
( -1.978421e-08 0 -3.415983e-07) 
( -9.373604e-09 0 -3.451495e-07) 
( -7.107879e-09 0 -3.457206e-07) 
( -8.567643e-08 0 -2.740875e-07) 
( -8.567612e-08 0 -2.741083e-07) 
( -9.558276e-08 0 -2.703132e-07) 
( -8.568533e-08 0 -2.738058e-07) 
( -8.572480e-08 0 -2.717920e-07) 
( -7.838911e-08 0 -2.794026e-07) 
( -1.142874e-07 0 -2.559829e-07) 
( -1.144858e-07 0 -2.557651e-07) 
( -1.149442e-07 0 -2.596149e-07) 
( -1.137700e-07 0 -2.579088e-07) 
( -1.115252e-07 0 -2.588929e-07) 
( -1.137535e-07 0 -2.576815e-07) 
( -1.224466e-07 0 -2.477282e-07) 
( -1.219910e-07 0 -2.478514e-07) 
( -1.038669e-07 0 -2.573940e-07) 
( -1.275578e-07 0 -2.462288e-07) 
( -1.264851e-07 0 -2.451217e-07) 
( -1.000462e-07 0 -2.606589e-07) 
( -1.001442e-07 0 4.683772e-07) 
( -1.001442e-07 0 4.683772e-07) 
( -1.299426e-07 0 4.608278e-07) 
( -1.197632e-07 0 4.607842e-07) 
( -1.304790e-07 0 4.601179e-07) 
( -1.226690e-07 0 4.600547e-07) 
( -1.462110e-08 0 4.465606e-07) 
( -4.372127e-08 0 4.539022e-07) 
( -4.417207e-08 0 4.538962e-07) 
( -4.953768e-08 0 4.527945e-07) 
( -4.387399e-08 0 4.541591e-07) 
( -1.687978e-08 0 4.475255e-07) 
( -7.932279e-08 0 4.574609e-07) 
( -7.921826e-08 0 4.574791e-07) 
( -1.188655e-07 0 4.639163e-07) 
( -8.460017e-08 0 4.573981e-07) 
( -8.246189e-08 0 4.579816e-07) 
( -1.055796e-07 0 4.628250e-07) 
( -5.790203e-08 0 -3.072890e-07) 
( -5.790203e-08 0 -3.072890e-07) 
( -5.446316e-08 0 -3.094441e-07) 
( -6.255548e-08 0 -3.024887e-07) 
( -5.557393e-08 0 -3.091105e-07) 
( -4.361580e-08 0 -3.179460e-07) 
( -5.148899e-08 0 -2.941999e-07) 
( -5.143552e-08 0 -2.939876e-07) 
( -5.702329e-08 0 -2.974327e-07) 
( -5.153349e-08 0 -2.970710e-07) 
( -5.620060e-08 0 -2.984565e-07) 
( -5.331696e-08 0 -3.036469e-07) 
( -8.878051e-08 0 -2.720111e-07) 
( -8.825015e-08 0 -2.720743e-07) 
( -5.365883e-08 0 -2.867965e-07) 
( -9.383399e-08 0 -2.713992e-07) 
( -6.996967e-08 0 -2.857185e-07) 
( -6.234005e-08 0 -2.912907e-07) 
( -1.218895e-07 0 -2.479005e-07) 
( -1.218895e-07 0 -2.479005e-07) 
( -1.035949e-07 0 -2.576880e-07) 
( -1.218895e-07 0 -2.479005e-07) 
( -1.218895e-07 0 -2.479005e-07) 
( -1.035949e-07 0 -2.576880e-07) 
( -1.218895e-07 0 -2.479005e-07) 
( -1.218895e-07 0 -2.479005e-07) 
( -1.036166e-07 0 -2.576654e-07) 
( -1.218895e-07 0 -2.479005e-07) 
( -1.218895e-07 0 -2.479005e-07) 
( -1.036557e-07 0 -2.576260e-07) 
( -1.218895e-07 0 -2.479005e-07) 
( -1.218895e-07 0 -2.479005e-07) 
( -1.036427e-07 0 -2.576401e-07) 
( -1.218895e-07 0 -2.479005e-07) 
( -1.218895e-07 0 -2.479005e-07) 
( -1.036427e-07 0 -2.576401e-07) 
( -1.220087e-07 0 -2.478647e-07) 
( -1.222807e-07 0 -2.477826e-07) 
( -1.036298e-07 0 -2.576542e-07) 
( -1.182271e-07 0 -2.514404e-07) 
( -1.182234e-07 0 -2.514431e-07) 
( -1.530634e-07 0 -2.321417e-07) 
( -1.182234e-07 0 -2.514431e-07) 
( -1.182234e-07 0 -2.514431e-07) 
( -1.530634e-07 0 -2.321417e-07) 
( -1.182234e-07 0 -2.514431e-07) 
( -1.182234e-07 0 -2.514431e-07) 
( -1.530634e-07 0 -2.321417e-07) 
( -1.182234e-07 0 -2.514431e-07) 
( -1.182234e-07 0 -2.514431e-07) 
( -1.530634e-07 0 -2.321417e-07) 
( -1.182196e-07 0 -2.514459e-07) 
( -1.182234e-07 0 -2.514431e-07) 
( -1.530634e-07 0 -2.321417e-07) 
( -1.182234e-07 0 -2.514431e-07) 
( -1.182234e-07 0 -2.514431e-07) 
( -1.530634e-07 0 -2.321417e-07) 
( -1.182194e-07 0 -2.514445e-07) 
( -1.182729e-07 0 -2.514113e-07) 
( -1.530655e-07 0 -2.321280e-07) 
( -1.633143e-07 0 4.439210e-07) 
( -1.633143e-07 0 4.439210e-07) 
( -1.537537e-07 0 4.194568e-07) 
( -1.603586e-07 0 4.222433e-07) 
( -1.471620e-07 0 4.252763e-07) 
( -1.419644e-07 0 4.421030e-07) 
( -1.602865e-07 0 4.498790e-07) 
( -1.598063e-07 0 4.500861e-07) 
( -1.647504e-07 0 4.399230e-07) 
( -1.551229e-07 0 4.474613e-07) 
( -1.701975e-07 0 4.407880e-07) 
( -1.632548e-07 0 4.483671e-07) 
( 2.305239e-08 0 4.041255e-07) 
( 8.395884e-09 0 4.166812e-07) 
( 8.395884e-09 0 4.166812e-07) 
( 2.302947e-08 0 4.041076e-07) 
( 8.395884e-09 0 4.166812e-07) 
( 8.395884e-09 0 4.166812e-07) 
( 6.296093e-09 0 4.323926e-07) 
( -4.204286e-09 0 4.402192e-07) 
( -4.204286e-09 0 4.402192e-07) 
( 6.296093e-09 0 4.323926e-07) 
( -4.204286e-09 0 4.402192e-07) 
( -4.204286e-09 0 4.402192e-07) 
( 1.645773e-09 0 -3.485434e-07) 
( 9.043107e-09 0 -3.485164e-07) 
( 9.043107e-09 0 -3.485164e-07) 
( 1.645773e-09 0 -3.485434e-07) 
( 9.043107e-09 0 -3.485164e-07) 
( 9.043107e-09 0 -3.485164e-07) 
( 1.645773e-09 0 -3.485434e-07) 
( 9.043107e-09 0 -3.485164e-07) 
( 9.043107e-09 0 -3.485164e-07) 
( 1.645773e-09 0 -3.485434e-07) 
( 9.043107e-09 0 -3.485164e-07) 
( 9.043107e-09 0 -3.485164e-07) 
( 1.248630e-08 0 -3.470484e-07) 
( 3.442860e-08 0 -3.429797e-07) 
( 3.443291e-08 0 -3.429739e-07) 
( 1.248630e-08 0 -3.470484e-07) 
( 3.442860e-08 0 -3.429797e-07) 
( 3.442860e-08 0 -3.429797e-07) 
( 1.248630e-08 0 -3.470484e-07) 
( 3.442870e-08 0 -3.429753e-07) 
( 3.442870e-08 0 -3.429753e-07) 
( 1.248630e-08 0 -3.470484e-07) 
( 3.443329e-08 0 -3.429565e-07) 
( 3.443723e-08 0 -3.429682e-07) 
( -1.492941e-07 0 3.407099e-07) 
( -1.494114e-07 0 3.407202e-07) 
( -1.213131e-07 0 3.426200e-07) 
( -1.123013e-07 0 3.473541e-07) 
( -1.130023e-07 0 3.479246e-07) 
( -1.496306e-07 0 3.404128e-07) 
( -1.259828e-07 0 3.877385e-07) 
( -1.250943e-07 0 3.884384e-07) 
( -1.408553e-07 0 3.620480e-07) 
( -1.507203e-07 0 3.563287e-07) 
( -1.516204e-07 0 3.565620e-07) 
( -1.228503e-07 0 3.909142e-07) 
( 2.306780e-08 0 4.041296e-07) 
( 8.395884e-09 0 4.166812e-07) 
( 8.395884e-09 0 4.166812e-07) 
( 2.306780e-08 0 4.041296e-07) 
( 8.395884e-09 0 4.166812e-07) 
( 8.395884e-09 0 4.166812e-07) 
( 2.306780e-08 0 4.041296e-07) 
( 8.395884e-09 0 4.166812e-07) 
( 8.395884e-09 0 4.166812e-07) 
( 2.306187e-08 0 4.041140e-07) 
( 8.395884e-09 0 4.166812e-07) 
( 8.395884e-09 0 4.166812e-07) 
( 2.305278e-08 0 4.041021e-07) 
( 8.395884e-09 0 4.166812e-07) 
( 8.395884e-09 0 4.166812e-07) 
( 6.296093e-09 0 4.323926e-07) 
( -4.204286e-09 0 4.402192e-07) 
( -4.204286e-09 0 4.402192e-07) 
( 6.296093e-09 0 4.323926e-07) 
( -4.204286e-09 0 4.402192e-07) 
( -4.204286e-09 0 4.402192e-07) 
( 6.296093e-09 0 4.323926e-07) 
( -4.204286e-09 0 4.402192e-07) 
( -4.204286e-09 0 4.402192e-07) 
( 6.296093e-09 0 4.323926e-07) 
( -4.204286e-09 0 4.402192e-07) 
( -4.204286e-09 0 4.402192e-07) 
( 6.296093e-09 0 4.323926e-07) 
( -4.204286e-09 0 4.402192e-07) 
( -4.204286e-09 0 4.402192e-07) 
( 1.645773e-09 0 -3.485434e-07) 
( 9.043107e-09 0 -3.485164e-07) 
( 9.043107e-09 0 -3.485164e-07) 
( 1.645773e-09 0 -3.485434e-07) 
( 9.043107e-09 0 -3.485164e-07) 
( 9.043107e-09 0 -3.485164e-07) 
( 1.645773e-09 0 -3.485434e-07) 
( 9.043107e-09 0 -3.485164e-07) 
( 9.043107e-09 0 -3.485164e-07) 
( 1.248630e-08 0 -3.470484e-07) 
( 3.445391e-08 0 -3.429712e-07) 
( 3.444970e-08 0 -3.429726e-07) 
( 1.248630e-08 0 -3.470484e-07) 
( 3.445391e-08 0 -3.429712e-07) 
( 3.445391e-08 0 -3.429712e-07) 
( 1.248630e-08 0 -3.470484e-07) 
( 3.444557e-08 0 -3.429697e-07) 
( 3.445391e-08 0 -3.429712e-07) 
( -8.567358e-08 0 -2.740943e-07) 
( -8.567358e-08 0 -2.740943e-07) 
( -9.471175e-08 0 -2.706882e-07) 
( -8.567358e-08 0 -2.740943e-07) 
( -8.567358e-08 0 -2.740943e-07) 
( -9.476012e-08 0 -2.706674e-07) 
( -8.567358e-08 0 -2.740943e-07) 
( -8.567429e-08 0 -2.740941e-07) 
( -9.476012e-08 0 -2.706674e-07) 
( -8.567447e-08 0 -2.740925e-07) 
( -8.567517e-08 0 -2.740864e-07) 
( -9.458288e-08 0 -2.707436e-07) 
( -1.141870e-07 0 -2.560786e-07) 
( -1.141957e-07 0 -2.560702e-07) 
( -1.147209e-07 0 -2.598117e-07) 
( -1.141957e-07 0 -2.560702e-07) 
( -1.141957e-07 0 -2.560702e-07) 
( -1.147209e-07 0 -2.598117e-07) 
( -1.141957e-07 0 -2.560702e-07) 
( -1.141957e-07 0 -2.560702e-07) 
( -1.147209e-07 0 -2.598117e-07) 
( -1.141915e-07 0 -2.560758e-07) 
( -1.142005e-07 0 -2.560703e-07) 
( -1.147145e-07 0 -2.598121e-07) 
( -1.476288e-08 0 4.475304e-07) 
( -4.469399e-08 0 4.538877e-07) 
( -4.474986e-08 0 4.538870e-07) 
( -1.462110e-08 0 4.465606e-07) 
( -4.446287e-08 0 4.538914e-07) 
( -4.469780e-08 0 4.538873e-07) 
( -7.988151e-08 0 4.574540e-07) 
( -7.988151e-08 0 4.574540e-07) 
( -1.188655e-07 0 4.639163e-07) 
( -7.988151e-08 0 4.574540e-07) 
( -7.960596e-08 0 4.574570e-07) 
( -1.188655e-07 0 4.639163e-07) 
( -3.252127e-08 0 -3.249959e-07) 
( -2.071767e-08 0 -3.339386e-07) 
( -2.071767e-08 0 -3.339386e-07) 
( -3.256189e-08 0 -3.249986e-07) 
( -2.071767e-08 0 -3.339386e-07) 
( -2.071767e-08 0 -3.339386e-07) 
( -3.256189e-08 0 -3.249986e-07) 
( -2.071767e-08 0 -3.339386e-07) 
( -2.071767e-08 0 -3.339386e-07) 
( -3.252127e-08 0 -3.249959e-07) 
( -2.071767e-08 0 -3.339386e-07) 
( -2.071767e-08 0 -3.339386e-07) 
( -1.957404e-08 0 -3.413966e-07) 
( -5.991080e-09 0 -3.464176e-07) 
( -5.991080e-09 0 -3.464176e-07) 
( -1.957404e-08 0 -3.413966e-07) 
( -5.991080e-09 0 -3.464176e-07) 
( -5.991080e-09 0 -3.464176e-07) 
( -1.957404e-08 0 -3.413966e-07) 
( -5.991080e-09 0 -3.464176e-07) 
( -5.991080e-09 0 -3.464176e-07) 
( -1.957404e-08 0 -3.413966e-07) 
( -5.991080e-09 0 -3.464176e-07) 
( -5.991080e-09 0 -3.464176e-07) 
( -5.790203e-08 0 -3.072890e-07) 
( -5.790203e-08 0 -3.072890e-07) 
( -5.356999e-08 0 -3.099325e-07) 
( -5.790203e-08 0 -3.072890e-07) 
( -5.790203e-08 0 -3.072890e-07) 
( -5.356999e-08 0 -3.099325e-07) 
( -5.790203e-08 0 -3.072890e-07) 
( -5.790203e-08 0 -3.072890e-07) 
( -5.373669e-08 0 -3.098413e-07) 
( -8.913757e-08 0 -2.719804e-07) 
( -8.913757e-08 0 -2.719804e-07) 
( -5.478391e-08 0 -2.866622e-07) 
( -8.913757e-08 0 -2.719804e-07) 
( -8.913757e-08 0 -2.719804e-07) 
( -5.478391e-08 0 -2.866622e-07) 
( -8.916455e-08 0 -2.719759e-07) 
( -8.930985e-08 0 -2.719545e-07) 
( -5.478391e-08 0 -2.866622e-07) 
( -8.567323e-08 0 -2.740973e-07) 
( -8.567323e-08 0 -2.740973e-07) 
( -9.537158e-08 0 -2.704046e-07) 
( -8.567323e-08 0 -2.740973e-07) 
( -8.567323e-08 0 -2.740973e-07) 
( -9.537158e-08 0 -2.704046e-07) 
( -8.567323e-08 0 -2.740973e-07) 
( -8.567340e-08 0 -2.740958e-07) 
( -9.513010e-08 0 -2.705084e-07) 
( -1.141434e-07 0 -2.561209e-07) 
( -1.141434e-07 0 -2.561209e-07) 
( -1.147274e-07 0 -2.598082e-07) 
( -1.141434e-07 0 -2.561209e-07) 
( -1.141434e-07 0 -2.561209e-07) 
( -1.147274e-07 0 -2.598082e-07) 
( -1.141434e-07 0 -2.561209e-07) 
( -1.141608e-07 0 -2.561040e-07) 
( -1.147241e-07 0 -2.598107e-07) 
( -1.605048e-07 0 4.497683e-07) 
( -1.605236e-07 0 4.497591e-07) 
( -1.629949e-07 0 4.410648e-07) 
( -1.605236e-07 0 4.497591e-07) 
( -1.605462e-07 0 4.497475e-07) 
( -1.629949e-07 0 4.410648e-07) 
( -1.605010e-07 0 4.497706e-07) 
( -1.604408e-07 0 4.498005e-07) 
( -1.622788e-07 0 4.415301e-07) 
( -1.001442e-07 0 4.683772e-07) 
( -1.001442e-07 0 4.683772e-07) 
( -1.302844e-07 0 4.606468e-07) 
( -1.001442e-07 0 4.683772e-07) 
( -1.001442e-07 0 4.683772e-07) 
( -1.302844e-07 0 4.606468e-07) 
( -1.001442e-07 0 4.683772e-07) 
( -1.001442e-07 0 4.683772e-07) 
( -1.302844e-07 0 4.606468e-07) 
( -1.001442e-07 0 4.683772e-07) 
( -1.001442e-07 0 4.683772e-07) 
( -1.303258e-07 0 4.606261e-07) 
( -1.001442e-07 0 4.683772e-07) 
( -1.001442e-07 0 4.683772e-07) 
( -1.304275e-07 0 4.605755e-07) 
( -1.001442e-07 0 4.683772e-07) 
( -1.001442e-07 0 4.683772e-07) 
( -1.303898e-07 0 4.605938e-07) 
( -1.001442e-07 0 4.683772e-07) 
( -1.001442e-07 0 4.683772e-07) 
( -1.303298e-07 0 4.606264e-07) 
( -1.485504e-08 0 4.475286e-07) 
( -4.486923e-08 0 4.538847e-07) 
( -4.486923e-08 0 4.538847e-07) 
( -1.485504e-08 0 4.475286e-07) 
( -4.486923e-08 0 4.538847e-07) 
( -4.486923e-08 0 4.538847e-07) 
( -1.485504e-08 0 4.475286e-07) 
( -4.486923e-08 0 4.538847e-07) 
( -4.486923e-08 0 4.538847e-07) 
( -1.485504e-08 0 4.475286e-07) 
( -4.486923e-08 0 4.538847e-07) 
( -4.486923e-08 0 4.538847e-07) 
( -1.479489e-08 0 4.475291e-07) 
( -4.480955e-08 0 4.538859e-07) 
( -4.486923e-08 0 4.538847e-07) 
( -8.004913e-08 0 4.574519e-07) 
( -8.004913e-08 0 4.574519e-07) 
( -1.188655e-07 0 4.639163e-07) 
( -8.004913e-08 0 4.574519e-07) 
( -8.004913e-08 0 4.574519e-07) 
( -1.188655e-07 0 4.639163e-07) 
( -8.004913e-08 0 4.574519e-07) 
( -8.004913e-08 0 4.574519e-07) 
( -1.188655e-07 0 4.639163e-07) 
( -8.004913e-08 0 4.574519e-07) 
( -8.004913e-08 0 4.574519e-07) 
( -1.188655e-07 0 4.639163e-07) 
( -7.999707e-08 0 4.574521e-07) 
( -7.994120e-08 0 4.574528e-07) 
( -1.188655e-07 0 4.639163e-07) 
( -3.256189e-08 0 -3.249986e-07) 
( -2.071767e-08 0 -3.339386e-07) 
( -2.071767e-08 0 -3.339386e-07) 
( -3.256189e-08 0 -3.249986e-07) 
( -2.071767e-08 0 -3.339386e-07) 
( -2.071767e-08 0 -3.339386e-07) 
( -3.253423e-08 0 -3.249964e-07) 
( -2.071767e-08 0 -3.339386e-07) 
( -2.071767e-08 0 -3.339386e-07) 
( -1.957404e-08 0 -3.413966e-07) 
( -5.991080e-09 0 -3.464176e-07) 
( -5.991080e-09 0 -3.464176e-07) 
( -1.957404e-08 0 -3.413966e-07) 
( -5.991080e-09 0 -3.464176e-07) 
( -5.991080e-09 0 -3.464176e-07) 
( -1.957404e-08 0 -3.413966e-07) 
( -5.991080e-09 0 -3.464176e-07) 
( -5.991080e-09 0 -3.464176e-07) 
( -5.790203e-08 0 -3.072890e-07) 
( -5.790203e-08 0 -3.072890e-07) 
( -5.350128e-08 0 -3.099696e-07) 
( -5.790203e-08 0 -3.072890e-07) 
( -5.790203e-08 0 -3.072890e-07) 
( -5.350128e-08 0 -3.099696e-07) 
( -5.790203e-08 0 -3.072890e-07) 
( -5.790203e-08 0 -3.072890e-07) 
( -5.355758e-08 0 -3.099384e-07) 
( -5.790203e-08 0 -3.072890e-07) 
( -5.790203e-08 0 -3.072890e-07) 
( -5.362290e-08 0 -3.099023e-07) 
( -5.142748e-08 0 -2.939923e-07) 
( -5.142748e-08 0 -2.939923e-07) 
( -5.707088e-08 0 -2.973056e-07) 
( -5.142748e-08 0 -2.939923e-07) 
( -5.142748e-08 0 -2.939923e-07) 
( -5.707088e-08 0 -2.973056e-07) 
( -5.143938e-08 0 -2.939605e-07) 
( -5.144777e-08 0 -2.939418e-07) 
( -5.708103e-08 0 -2.972804e-07) 
( -5.146632e-08 0 -2.938979e-07) 
( -5.148486e-08 0 -2.938540e-07) 
( -5.710972e-08 0 -2.972113e-07) 
( -5.149326e-08 0 -2.938353e-07) 
( -5.150516e-08 0 -2.938035e-07) 
( -5.716046e-08 0 -2.970851e-07) 
( -5.150341e-08 0 -2.938101e-07) 
( -5.150341e-08 0 -2.938101e-07) 
( -5.716046e-08 0 -2.970851e-07) 
( -5.148136e-08 0 -2.938670e-07) 
( -5.145594e-08 0 -2.941005e-07) 
( -5.702119e-08 0 -2.974532e-07) 
( -8.963781e-08 0 -2.719082e-07) 
( -8.990661e-08 0 -2.718702e-07) 
( -5.505168e-08 0 -2.866308e-07) 
( -8.994398e-08 0 -2.718666e-07) 
( -8.994398e-08 0 -2.718666e-07) 
( -5.505168e-08 0 -2.866308e-07) 
( -8.993879e-08 0 -2.718662e-07) 
( -8.993879e-08 0 -2.718662e-07) 
( -5.508386e-08 0 -2.866268e-07) 
( -8.990142e-08 0 -2.718698e-07) 
( -8.941881e-08 0 -2.719302e-07) 
( -5.458567e-08 0 -2.866859e-07) 
( -1.383236e-07 0 3.162925e-07) 
( -1.383873e-07 0 3.162516e-07) 
( -1.074143e-07 0 3.140177e-07) 
( -1.383873e-07 0 3.162516e-07) 
( -1.383873e-07 0 3.162516e-07) 
( -1.074143e-07 0 3.140177e-07) 
( -1.383873e-07 0 3.162516e-07) 
( -1.383873e-07 0 3.162516e-07) 
( -1.074143e-07 0 3.140177e-07) 
( -1.383873e-07 0 3.162516e-07) 
( -1.383236e-07 0 3.162925e-07) 
( -1.074143e-07 0 3.140177e-07) 
( -1.380947e-07 0 3.164377e-07) 
( -1.366649e-07 0 3.173745e-07) 
( -1.134029e-07 0 3.108563e-07) 
( -1.494108e-07 0 3.407129e-07) 
( -1.494108e-07 0 3.407129e-07) 
( -1.217311e-07 0 3.423582e-07) 
( -1.494155e-07 0 3.407126e-07) 
( -1.492992e-07 0 3.407154e-07) 
( -1.217311e-07 0 3.423582e-07) 
( -1.490388e-07 0 3.407227e-07) 
( -1.489038e-07 0 3.407252e-07) 
( -1.217151e-07 0 3.423725e-07) 
( -1.489038e-07 0 3.407252e-07) 
( -1.489038e-07 0 3.407252e-07) 
( -1.217151e-07 0 3.423725e-07) 
( -1.489037e-07 0 3.407238e-07) 
( -1.490473e-07 0 3.407120e-07) 
( -1.212977e-07 0 3.426667e-07) 
( -1.633143e-07 0 4.439210e-07) 
( -1.633143e-07 0 4.439210e-07) 
( -1.457758e-07 0 4.262407e-07) 
( -1.633143e-07 0 4.439210e-07) 
( -1.633143e-07 0 4.439210e-07) 
( -1.456994e-07 0 4.262855e-07) 
( -1.633143e-07 0 4.439210e-07) 
( -1.633143e-07 0 4.439210e-07) 
( -1.451115e-07 0 4.266397e-07) 
( -1.633143e-07 0 4.439210e-07) 
( -1.633143e-07 0 4.439210e-07) 
( -1.449156e-07 0 4.267577e-07) 
( -1.602789e-07 0 4.498810e-07) 
( -1.602789e-07 0 4.498810e-07) 
( -1.621063e-07 0 4.417231e-07) 
( -1.602789e-07 0 4.498810e-07) 
( -1.602789e-07 0 4.498810e-07) 
( -1.621262e-07 0 4.416994e-07) 
( -1.602789e-07 0 4.498810e-07) 
( -1.602789e-07 0 4.498810e-07) 
( -1.621262e-07 0 4.416994e-07) 
( -1.602789e-07 0 4.498810e-07) 
( -1.603617e-07 0 4.498396e-07) 
( -1.621753e-07 0 4.416459e-07) 
( -1.386815e-07 0 3.160558e-07) 
( -1.387710e-07 0 3.159967e-07) 
( -1.057699e-07 0 3.148808e-07) 
( -1.387073e-07 0 3.160375e-07) 
( -1.385284e-07 0 3.161559e-07) 
( -1.064777e-07 0 3.145078e-07) 
( -1.494113e-07 0 3.407187e-07) 
( -1.494113e-07 0 3.407187e-07) 
( -1.218754e-07 0 3.422489e-07) 
( -1.494065e-07 0 3.407175e-07) 
( -1.494064e-07 0 3.407161e-07) 
( -1.217792e-07 0 3.423218e-07) 
( -1.663524e-07 0 3.996579e-07) 
( -1.660286e-07 0 3.998629e-07) 
( -1.482533e-07 0 3.920831e-07) 
( -1.659434e-07 0 3.999180e-07) 
( -1.659434e-07 0 3.999180e-07) 
( -1.482496e-07 0 3.920895e-07) 
( -1.663013e-07 0 3.996894e-07) 
( -1.699996e-07 0 3.973404e-07) 
( -1.480093e-07 0 3.926066e-07) 
( -1.633143e-07 0 4.439210e-07) 
( -1.633143e-07 0 4.439210e-07) 
( -1.446000e-07 0 4.269490e-07) 
( -1.633143e-07 0 4.439210e-07) 
( -1.633143e-07 0 4.439210e-07) 
( -1.445237e-07 0 4.269938e-07) 
( -1.633143e-07 0 4.439210e-07) 
( -1.633143e-07 0 4.439210e-07) 
( -1.459167e-07 0 4.260866e-07) 
( -1.259142e-07 0 3.872844e-07) 
( -1.259941e-07 0 3.872532e-07) 
( -1.429067e-07 0 3.609752e-07) 
( -1.259142e-07 0 3.872844e-07) 
( -1.251450e-07 0 3.875384e-07) 
( -1.453085e-07 0 3.596943e-07) 
( -1.678695e-07 0 3.986885e-07) 
( -1.678184e-07 0 3.987200e-07) 
( -1.478354e-07 0 3.929170e-07) 
( -1.677331e-07 0 3.987752e-07) 
( -1.671194e-07 0 3.991692e-07) 
( -1.479232e-07 0 3.927641e-07) 
( -1.259142e-07 0 3.872844e-07) 
( -1.259142e-07 0 3.872844e-07) 
( -1.428665e-07 0 3.609935e-07) 
( -1.258844e-07 0 3.872944e-07) 
( -1.259142e-07 0 3.872844e-07) 
( -1.428665e-07 0 3.609935e-07) 
( -1.687901e-07 0 3.980975e-07) 
( -1.688412e-07 0 3.980659e-07) 
( -1.478503e-07 0 3.928454e-07) 
( -1.688412e-07 0 3.980659e-07) 
( -1.683638e-07 0 3.983732e-07) 
( -1.478428e-07 0 3.928889e-07) 
