( 6.259482e-09 3.294982e-07 -1.557615e-07) 
( -4.684870e-09 3.239293e-07 -1.431251e-07) 
( -9.065274e-09 3.214828e-07 -1.291940e-07) 
( -1.334454e-08 3.191272e-07 -1.171350e-07) 
( -1.887342e-08 3.185042e-07 -1.068851e-07) 
( -2.627451e-08 3.165906e-07 -9.597960e-08) 
( -2.782006e-08 3.153860e-07 -8.876804e-08) 
( -3.264634e-08 3.137720e-07 -7.972501e-08) 
( -3.767983e-08 3.104206e-07 -7.175462e-08) 
( -4.278110e-08 3.069539e-07 -6.435435e-08) 
( -4.821917e-08 3.033794e-07 -5.778690e-08) 
( -5.355266e-08 3.002968e-07 -5.119298e-08) 
( -6.082848e-08 2.957798e-07 -4.687857e-08) 
( -6.724576e-08 2.903133e-07 -3.888981e-08) 
( -7.257709e-08 2.845151e-07 -3.154707e-08) 
( -7.180562e-08 2.814922e-07 -2.260601e-08) 
( -7.559000e-08 2.777604e-07 -1.117613e-08) 
( -8.238055e-08 2.735054e-07 -2.412148e-09) 
( -8.926206e-08 2.690319e-07 3.019786e-09) 
( 9.230021e-09 3.416543e-07 -1.468394e-07) 
( 1.654197e-09 3.365344e-07 -1.329169e-07) 
( -7.997734e-09 3.327182e-07 -1.185707e-07) 
( -8.886699e-09 3.290366e-07 -1.083026e-07) 
( -1.062529e-08 3.268441e-07 -9.769240e-08) 
( -1.899389e-08 3.237408e-07 -8.808770e-08) 
( -2.323036e-08 3.211028e-07 -7.989668e-08) 
( -2.774688e-08 3.178103e-07 -7.231419e-08) 
( -3.222239e-08 3.138639e-07 -6.451221e-08) 
( -3.723614e-08 3.100828e-07 -5.730528e-08) 
( -4.239065e-08 3.062048e-07 -5.052833e-08) 
( -4.778634e-08 3.021800e-07 -4.424949e-08) 
( -5.384712e-08 2.988107e-07 -3.837826e-08) 
( -6.032813e-08 2.946765e-07 -3.276506e-08) 
( -6.666593e-08 2.897978e-07 -2.394465e-08) 
( -7.270871e-08 2.850125e-07 -1.132419e-08) 
( -7.221496e-08 2.831336e-07 -3.210004e-09) 
( -7.612534e-08 2.804737e-07 3.013428e-09) 
( -8.326754e-08 2.768716e-07 8.457409e-09) 
( 9.533664e-09 3.528600e-07 -1.365447e-07) 
( 9.381224e-09 3.472534e-07 -1.232734e-07) 
( 6.803299e-09 3.422777e-07 -1.110108e-07) 
( -4.357768e-09 3.376546e-07 -9.951615e-08) 
( -9.729019e-09 3.339568e-07 -9.006320e-08) 
( -1.260755e-08 3.302215e-07 -8.102290e-08) 
( -1.904312e-08 3.264241e-07 -7.272978e-08) 
( -2.368248e-08 3.219456e-07 -6.504995e-08) 
( -2.842236e-08 3.177891e-07 -5.773489e-08) 
( -3.181615e-08 3.132514e-07 -5.070553e-08) 
( -3.681531e-08 3.087983e-07 -4.410538e-08) 
( -4.206512e-08 3.045977e-07 -3.786286e-08) 
( -4.758239e-08 3.008432e-07 -3.195121e-08) 
( -5.362024e-08 2.979246e-07 -2.422328e-08) 
( -5.996281e-08 2.947021e-07 -1.150796e-08) 
( -6.648136e-08 2.912125e-07 -2.545344e-09) 
( -7.323975e-08 2.871396e-07 2.962007e-09) 
( -7.296036e-08 2.860751e-07 8.606838e-09) 
( -7.709412e-08 2.842031e-07 1.396964e-08) 
( 1.813022e-08 3.614803e-07 -1.309746e-07) 
( 9.601314e-09 3.554206e-07 -1.148409e-07) 
( 9.440937e-09 3.494462e-07 -1.031510e-07) 
( 8.194115e-09 3.440290e-07 -9.384945e-08) 
( -4.152780e-09 3.400916e-07 -8.494593e-08) 
( -1.033256e-08 3.371762e-07 -7.398058e-08) 
( -1.469087e-08 3.325956e-07 -6.647829e-08) 
( -2.264610e-08 3.275409e-07 -5.817835e-08) 
( -2.611374e-08 3.217668e-07 -5.126604e-08) 
( -2.947444e-08 3.167447e-07 -4.473965e-08) 
( -3.241766e-08 3.114589e-07 -3.806010e-08) 
( -3.763575e-08 3.069841e-07 -3.188610e-08) 
( -4.169229e-08 3.033796e-07 -2.394769e-08) 
( -4.736652e-08 3.003898e-07 -1.231394e-08) 
( -5.346017e-08 2.985048e-07 -2.893338e-09) 
( -5.604109e-08 2.985995e-07 5.576575e-09) 
( -6.662403e-08 2.934568e-07 8.711379e-09) 
( -7.380265e-08 2.901615e-07 1.423465e-08) 
( -7.395830e-08 2.899696e-07 1.976056e-08) 
( 2.730799e-08 3.689014e-07 -1.271096e-07) 
( 1.888807e-08 3.617044e-07 -1.120966e-07) 
( 9.633646e-09 3.566572e-07 -9.610930e-08) 
( 9.475455e-09 3.507944e-07 -8.919081e-08) 
( 5.708201e-09 3.447504e-07 -8.436905e-08) 
( -7.743274e-09 3.428579e-07 -7.261451e-08) 
( -9.197451e-09 3.405204e-07 -6.223437e-08) 
( -1.571821e-08 3.346352e-07 -5.547370e-08) 
( -2.355577e-08 3.284806e-07 -4.188276e-08) 
( -2.808552e-08 3.207496e-07 -3.813318e-08) 
( -3.111850e-08 3.148460e-07 -3.253240e-08) 
( -3.593259e-08 3.090580e-07 -2.418018e-08) 
( -3.808768e-08 3.057196e-07 -1.335374e-08) 
( -4.154799e-08 3.033111e-07 -4.041483e-09) 
( -4.730188e-08 3.014051e-07 2.882197e-09) 
( -5.604109e-08 2.985995e-07 5.576575e-09) 
( -5.633808e-08 3.001894e-07 1.694936e-08) 
( -6.724556e-08 2.964804e-07 2.009851e-08) 
( -7.490768e-08 2.943753e-07 2.594326e-08) 
( 3.469704e-08 3.764654e-07 -1.226500e-07) 
( 2.779056e-08 3.682765e-07 -1.106126e-07) 
( 1.732204e-08 3.622766e-07 -9.692305e-08) 
( 9.651890e-09 3.573958e-07 -8.529002e-08) 
( 9.511918e-09 3.521740e-07 -8.019896e-08) 
( 3.737294e-09 3.486731e-07 -6.997379e-08) 
( -7.162359e-09 3.460515e-07 -5.889659e-08) 
( -9.210816e-09 3.410347e-07 -5.214460e-08) 
( -9.520770e-09 3.349766e-07 -4.235197e-08) 
( -2.134566e-08 3.273760e-07 -2.914479e-08) 
( -2.786133e-08 3.188972e-07 -2.536875e-08) 
( -3.254086e-08 3.123380e-07 -1.433858e-08) 
( -3.689469e-08 3.078645e-07 -4.992424e-09) 
( -3.790785e-08 3.060825e-07 2.540658e-09) 
( -3.842216e-08 3.052958e-07 5.561911e-09) 
( -4.743447e-08 3.024308e-07 1.431541e-08) 
( -5.633808e-08 3.001894e-07 1.694936e-08) 
( -6.053823e-08 3.008129e-07 2.606873e-08) 
( -6.821248e-08 3.002315e-07 3.268373e-08) 
( 3.714464e-08 3.845709e-07 -1.180030e-07) 
( 3.512530e-08 3.762715e-07 -1.064996e-07) 
( 2.625660e-08 3.693141e-07 -9.414530e-08) 
( 1.579808e-08 3.631117e-07 -8.180271e-08) 
( 9.693023e-09 3.589085e-07 -7.474099e-08) 
( 9.574478e-09 3.545218e-07 -6.047382e-08) 
( 6.997782e-09 3.494740e-07 -5.161383e-08) 
( -5.738828e-09 3.445545e-07 -4.322717e-08) 
( -9.119974e-09 3.376484e-07 -3.565643e-08) 
( -9.926649e-09 3.313694e-07 -2.710712e-08) 
( -2.019442e-08 3.234097e-07 -1.534715e-08) 
( -2.739789e-08 3.165519e-07 -5.596523e-09) 
( -3.200561e-08 3.114744e-07 2.743392e-09) 
( -3.399401e-08 3.083575e-07 8.941928e-09) 
( -3.726586e-08 3.067633e-07 1.437602e-08) 
( -3.852839e-08 3.061237e-07 1.685638e-08) 
( -4.766475e-08 3.035745e-07 2.567582e-08) 
( -5.412125e-08 3.037595e-07 3.194135e-08) 
( -6.149359e-08 3.044895e-07 3.908927e-08) 
( 4.677207e-08 3.947226e-07 -1.094692e-07) 
( 4.218476e-08 3.858247e-07 -9.552892e-08) 
( 3.420038e-08 3.766482e-07 -8.365861e-08) 
( 2.741542e-08 3.690231e-07 -7.238528e-08) 
( 1.921737e-08 3.632978e-07 -6.161512e-08) 
( 9.631868e-09 3.566074e-07 -4.590546e-08) 
( 9.512965e-09 3.521689e-07 -4.408248e-08) 
( 7.452107e-09 3.455032e-07 -3.625521e-08) 
( -5.392006e-09 3.394692e-07 -2.726825e-08) 
( -8.989201e-09 3.327853e-07 -1.570804e-08) 
( -9.822431e-09 3.267089e-07 -5.436291e-09) 
( -2.008893e-08 3.205568e-07 5.164403e-09) 
( -2.744109e-08 3.149471e-07 8.461711e-09) 
( -2.896426e-08 3.117565e-07 1.461089e-08) 
( -3.097556e-08 3.095879e-07 2.000471e-08) 
( -3.650050e-08 3.077547e-07 2.565302e-08) 
( -4.224751e-08 3.066336e-07 3.201156e-08) 
( -4.816583e-08 3.061157e-07 3.902050e-08) 
( -5.484521e-08 3.076107e-07 4.959018e-08) 
( 5.875600e-08 4.039144e-07 -1.007594e-07) 
( 5.000097e-08 3.925319e-07 -8.604568e-08) 
( 4.201542e-08 3.827456e-07 -7.447177e-08) 
( 3.469562e-08 3.744623e-07 -6.339360e-08) 
( 2.773360e-08 3.663903e-07 -5.405397e-08) 
( 1.942105e-08 3.597909e-07 -4.515370e-08) 
( 9.488405e-09 3.512483e-07 -3.190566e-08) 
( 9.362679e-09 3.465876e-07 -2.777746e-08) 
( 7.370820e-09 3.397517e-07 -1.549526e-08) 
( -5.385588e-09 3.341965e-07 -5.639776e-09) 
( -8.882639e-09 3.289090e-07 3.533802e-09) 
( -9.528319e-09 3.242970e-07 1.053853e-08) 
( -2.186146e-08 3.189576e-07 1.165786e-08) 
( -2.558834e-08 3.147773e-07 2.005415e-08) 
( -2.794948e-08 3.129561e-07 2.578877e-08) 
( -3.148157e-08 3.113592e-07 3.262281e-08) 
( -3.696346e-08 3.100833e-07 4.035167e-08) 
( -4.280842e-08 3.099774e-07 5.125192e-08) 
( -4.890774e-08 3.106870e-07 6.475047e-08) 
( 6.725273e-08 4.102536e-07 -9.186959e-08) 
( 5.859384e-08 3.990116e-07 -7.848160e-08) 
( 4.981201e-08 3.881806e-07 -6.607459e-08) 
( 4.186873e-08 3.784983e-07 -5.594878e-08) 
( 3.443557e-08 3.696726e-07 -4.654416e-08) 
( 2.748334e-08 3.613169e-07 -3.812789e-08) 
( 1.921891e-08 3.540307e-07 -2.846212e-08) 
( 9.721182e-09 3.476383e-07 -1.545294e-08) 
( 9.226047e-09 3.415916e-07 -5.327371e-09) 
( 7.349357e-09 3.357388e-07 3.191650e-09) 
( -8.936545e-09 3.309198e-07 5.907930e-09) 
( -8.832591e-09 3.269832e-07 1.665351e-08) 
( -1.219761e-08 3.227930e-07 2.314128e-08) 
( -2.210538e-08 3.184245e-07 2.457481e-08) 
( -2.352579e-08 3.163996e-07 3.324289e-08) 
( -2.730936e-08 3.151495e-07 4.200800e-08) 
( -3.196324e-08 3.144388e-07 5.219827e-08) 
( -3.757548e-08 3.143428e-07 6.442867e-08) 
( -4.413997e-08 3.160598e-07 7.411487e-08) 
( 7.330313e-08 4.167287e-07 -8.328979e-08) 
( 6.461940e-08 4.046936e-07 -6.993270e-08) 
( 5.683635e-08 3.933510e-07 -5.904750e-08) 
( 4.884904e-08 3.824530e-07 -4.869386e-08) 
( 4.143560e-08 3.729504e-07 -3.979090e-08) 
( 3.394059e-08 3.637626e-07 -2.937896e-08) 
( 2.712616e-08 3.558019e-07 -1.584454e-08) 
( 1.892315e-08 3.494258e-07 -5.160413e-09) 
( 9.273400e-09 3.433993e-07 6.130588e-09) 
( 9.068463e-09 3.357544e-07 5.990056e-09) 
( 7.098496e-09 3.338710e-07 1.610432e-08) 
( -8.898323e-09 3.293926e-07 1.775257e-08) 
( -8.826432e-09 3.267495e-07 3.167933e-08) 
( -1.710167e-08 3.220189e-07 3.561451e-08) 
( -2.107462e-08 3.198255e-07 4.528779e-08) 
( -2.288291e-08 3.191406e-07 5.417977e-08) 
( -2.749528e-08 3.187704e-07 6.478209e-08) 
( -3.299492e-08 3.193646e-07 7.343216e-08) 
( -3.888812e-08 3.207168e-07 8.178085e-08) 
( 7.515703e-08 4.234473e-07 -7.403651e-08) 
( 6.597183e-08 4.104074e-07 -6.223031e-08) 
( 5.917295e-08 3.982974e-07 -5.132105e-08) 
( 5.334298e-08 3.871508e-07 -4.181534e-08) 
( 4.779650e-08 3.764712e-07 -3.077541e-08) 
( 4.069910e-08 3.673097e-07 -1.645386e-08) 
( 3.349891e-08 3.592495e-07 -5.369317e-09) 
( 2.685667e-08 3.525484e-07 3.334533e-09) 
( 2.381759e-08 3.496517e-07 6.280475e-09) 
( 9.243535e-09 3.422338e-07 1.844841e-08) 
( 9.029155e-09 3.342375e-07 1.801315e-08) 
( 6.335409e-09 3.343615e-07 2.878034e-08) 
( -8.941906e-09 3.310799e-07 3.756975e-08) 
( -9.438695e-09 3.272654e-07 5.042726e-08) 
( -1.618631e-08 3.242550e-07 5.817866e-08) 
( -1.950402e-08 3.234137e-07 6.573062e-08) 
( -2.389654e-08 3.231346e-07 7.344435e-08) 
( -2.949911e-08 3.236165e-07 8.133700e-08) 
( -3.542909e-08 3.244143e-07 9.086119e-08) 
( 8.172451e-08 4.301075e-07 -6.637681e-08) 
( 7.117253e-08 4.166021e-07 -5.445510e-08) 
( 6.213094e-08 4.039449e-07 -4.406642e-08) 
( 5.621179e-08 3.921787e-07 -3.249709e-08) 
( 5.099978e-08 3.815132e-07 -1.682393e-08) 
( 4.686825e-08 3.720016e-07 -5.239145e-09) 
( 4.024140e-08 3.641886e-07 3.557518e-09) 
( 3.327738e-08 3.573734e-07 1.067970e-08) 
( 2.669929e-08 3.514779e-07 1.677900e-08) 
( 2.376664e-08 3.488996e-07 1.892347e-08) 
( 9.282146e-09 3.436594e-07 3.121678e-08) 
( 9.185249e-09 3.400854e-07 3.568899e-08) 
( 4.116464e-09 3.368227e-07 4.330647e-08) 
( -8.984865e-09 3.326712e-07 5.708941e-08) 
( -1.044637e-08 3.309536e-07 6.636807e-08) 
( -1.485632e-08 3.288841e-07 7.384443e-08) 
( -1.975096e-08 3.280357e-07 8.151545e-08) 
( -2.620139e-08 3.273421e-07 9.019477e-08) 
( -3.308311e-08 3.272326e-07 9.965161e-08) 
( 9.243920e-08 4.369293e-07 -5.873307e-08) 
( 8.047013e-08 4.233292e-07 -4.722210e-08) 
( 6.987356e-08 4.104012e-07 -3.475003e-08) 
( 6.089141e-08 3.983997e-07 -1.725775e-08) 
( 5.494321e-08 3.878874e-07 -5.118811e-09) 
( 5.038738e-08 3.785843e-07 3.831153e-09) 
( 4.688429e-08 3.704271e-07 1.126578e-08) 
( 4.023016e-08 3.636489e-07 1.753301e-08) 
( 3.324106e-08 3.578855e-07 2.380314e-08) 
( 2.667622e-08 3.529877e-07 2.996072e-08) 
( 2.389970e-08 3.508765e-07 3.206419e-08) 
( 9.363049e-09 3.466837e-07 4.311903e-08) 
( 9.295057e-09 3.441709e-07 5.217919e-08) 
( -2.973247e-09 3.391657e-07 6.522126e-08) 
( -6.732514e-09 3.374330e-07 7.471121e-08) 
( -1.081041e-08 3.359303e-07 8.257534e-08) 
( -1.491641e-08 3.334614e-07 9.058546e-08) 
( -2.103818e-08 3.320648e-07 9.940505e-08) 
( -2.861347e-08 3.299559e-07 1.097723e-07) 
( 1.038085e-07 4.438531e-07 -5.092394e-08) 
( 9.100239e-08 4.303016e-07 -3.704263e-08) 
( 7.937275e-08 4.177308e-07 -1.803456e-08) 
( 6.914844e-08 4.063755e-07 -5.061863e-09) 
( 6.046860e-08 3.957529e-07 4.163323e-09) 
( 5.488922e-08 3.865663e-07 1.193526e-08) 
( 5.121212e-08 3.783103e-07 1.856249e-08) 
( 4.737251e-08 3.714265e-07 2.508487e-08) 
( 4.046412e-08 3.658549e-07 3.143479e-08) 
( 3.339970e-08 3.610101e-07 3.777279e-08) 
( 2.673020e-08 3.570124e-07 4.430551e-08) 
( 1.794765e-08 3.543475e-07 5.193724e-08) 
( 9.513406e-09 3.522087e-07 6.027923e-08) 
( 7.700329e-09 3.487544e-07 7.338742e-08) 
( 2.665112e-09 3.445804e-07 8.387412e-08) 
( -4.792041e-09 3.428537e-07 9.210549e-08) 
( -1.121590e-08 3.404178e-07 1.002972e-07) 
( -1.557747e-08 3.365888e-07 1.094421e-07) 
( -2.067770e-08 3.331939e-07 1.202710e-07) 
( 1.156000e-07 4.508457e-07 -3.680556e-08) 
( 1.023732e-07 4.382718e-07 -1.810836e-08) 
( 9.012554e-08 4.265137e-07 -4.873252e-09) 
( 7.884232e-08 4.153057e-07 4.591169e-09) 
( 6.221020e-08 3.983109e-07 7.335028e-09) 
( 6.046003e-08 3.957071e-07 1.964560e-08) 
( 5.621055e-08 3.877846e-07 2.654015e-08) 
( 5.323208e-08 3.808964e-07 3.317876e-08) 
( 4.807441e-08 3.751888e-07 3.980698e-08) 
( 4.086886e-08 3.705995e-07 4.637511e-08) 
( 3.372178e-08 3.667591e-07 5.524699e-08) 
( 2.686721e-08 3.635788e-07 6.453508e-08) 
( 1.476530e-08 3.609588e-07 7.176821e-08) 
( 9.658243e-09 3.575585e-07 8.406725e-08) 
( 9.384368e-09 3.540411e-07 9.451691e-08) 
( 9.184566e-09 3.505579e-07 1.026598e-07) 
( -3.437310e-09 3.466761e-07 1.109629e-07) 
( -1.235775e-08 3.419550e-07 1.201309e-07) 
( -1.883837e-08 3.357964e-07 1.306256e-07) 
( 1.292427e-07 4.589653e-07 -1.740208e-08) 
( 1.145905e-07 4.474644e-07 -4.340268e-09) 
( 1.017677e-07 4.361935e-07 5.167907e-09) 
( 9.488047e-08 4.301872e-07 8.172902e-09) 
( 7.883918e-08 4.156117e-07 2.101198e-08) 
( 6.227671e-08 3.987482e-07 2.220784e-08) 
( 6.135496e-08 3.985360e-07 3.505859e-08) 
( 5.982632e-08 3.920549e-07 4.227863e-08) 
( 5.650782e-08 3.863235e-07 4.912281e-08) 
( 4.880702e-08 3.816827e-07 5.819613e-08) 
( 4.148150e-08 3.779481e-07 6.873934e-08) 
( 3.404428e-08 3.748422e-07 7.746306e-08) 
( 2.591385e-08 3.713472e-07 8.599309e-08) 
( 1.024372e-08 3.665354e-07 9.411396e-08) 
( 1.018340e-08 3.630559e-07 1.056622e-07) 
( 9.678027e-09 3.582936e-07 1.143597e-07) 
( 8.344053e-09 3.530117e-07 1.229045e-07) 
( -4.192472e-09 3.478962e-07 1.312110e-07) 
( -9.962736e-09 3.407312e-07 1.423519e-07) 
( 1.443291e-07 4.682203e-07 -3.801035e-09) 
( 1.286038e-07 4.574230e-07 5.905113e-09) 
( 1.143534e-07 4.470394e-07 1.482035e-08) 
( 1.018370e-07 4.367971e-07 2.285933e-08) 
( 9.510713e-08 4.312045e-07 2.475969e-08) 
( 7.940833e-08 4.188811e-07 3.760423e-08) 
( 7.002137e-08 4.113668e-07 4.498158e-08) 
( 6.617191e-08 4.043981e-07 5.205921e-08) 
( 6.486698e-08 3.993479e-07 6.019399e-08) 
( 5.785718e-08 3.945551e-07 7.077149e-08) 
( 4.968134e-08 3.906618e-07 8.284217e-08) 
( 4.196748e-08 3.874866e-07 9.028801e-08) 
( 3.269675e-08 3.837764e-07 9.577705e-08) 
( 2.809566e-08 3.777101e-07 1.088467e-07) 
( 2.022990e-08 3.716977e-07 1.188100e-07) 
( 1.000094e-08 3.659339e-07 1.270820e-07) 
( 9.721943e-09 3.598541e-07 1.360045e-07) 
( 4.696732e-09 3.525767e-07 1.462611e-07) 
( -9.355950e-09 3.462524e-07 1.516930e-07) 
( 1.592808e-07 4.782088e-07 6.401808e-09) 
( 1.345169e-07 4.617551e-07 9.158201e-09) 
( 1.288097e-07 4.583555e-07 2.502798e-08) 
( 1.148854e-07 4.492237e-07 3.317288e-08) 
( 1.026605e-07 4.403872e-07 4.090778e-08) 
( 9.128649e-08 4.326033e-07 4.859797e-08) 
( 8.051445e-08 4.249407e-07 5.558774e-08) 
( 7.401504e-08 4.189773e-07 6.356026e-08) 
( 7.281843e-08 4.133113e-07 7.142999e-08) 
( 6.777437e-08 4.089471e-07 8.356508e-08) 
( 5.901543e-08 4.049578e-07 9.532044e-08) 
( 5.047933e-08 4.005208e-07 1.041712e-07) 
( 3.817512e-08 3.952585e-07 1.104648e-07) 
( 3.650212e-08 3.882944e-07 1.222832e-07) 
( 2.872626e-08 3.810380e-07 1.324068e-07) 
( 1.950595e-08 3.739673e-07 1.410583e-07) 
( 9.893908e-09 3.662304e-07 1.507113e-07) 
( 9.686176e-09 3.584669e-07 1.621663e-07) 
( 7.478674e-09 3.495977e-07 1.719751e-07) 
( 1.629118e-08 2.101320e-08 -6.519839e-07) 
( 1.688921e-08 6.890919e-08 -6.242226e-07) 
( 1.594641e-08 1.100365e-07 -5.868935e-07) 
( 1.447405e-08 1.411322e-07 -5.481252e-07) 
( 1.298982e-08 1.685234e-07 -5.120699e-07) 
( 1.229596e-08 1.920451e-07 -4.761914e-07) 
( 1.217099e-08 2.142782e-07 -4.405407e-07) 
( 8.437767e-09 2.304650e-07 -4.098210e-07) 
( 7.245811e-09 2.479457e-07 -3.774149e-07) 
( 7.094749e-09 2.623738e-07 -3.494327e-07) 
( 7.368253e-09 2.724249e-07 -3.263783e-07) 
( 7.683391e-09 2.842030e-07 -3.032880e-07) 
( 8.016330e-09 2.966116e-07 -2.783995e-07) 
( 8.171020e-09 3.021274e-07 -2.622150e-07) 
( 8.362877e-09 3.092939e-07 -2.423950e-07) 
( 8.606242e-09 3.185404e-07 -2.200429e-07) 
( 8.747295e-09 3.237804e-07 -2.009946e-07) 
( 8.803874e-09 3.259491e-07 -1.890721e-07) 
( 8.898204e-09 3.293279e-07 -1.735969e-07) 
( 5.325236e-08 2.546617e-08 -6.781314e-07) 
( 5.626502e-08 7.685455e-08 -6.521978e-07) 
( 5.063143e-08 1.163246e-07 -6.163727e-07) 
( 4.618150e-08 1.529275e-07 -5.810142e-07) 
( 4.022042e-08 1.829037e-07 -5.438512e-07) 
( 3.968141e-08 2.147049e-07 -5.074577e-07) 
( 3.792537e-08 2.392607e-07 -4.694494e-07) 
( 3.450622e-08 2.588939e-07 -4.364588e-07) 
( 3.117718e-08 2.762397e-07 -4.026118e-07) 
( 2.832537e-08 2.929893e-07 -3.706441e-07) 
( 2.818412e-08 2.976178e-07 -3.496203e-07) 
( 2.568566e-08 3.156174e-07 -3.129995e-07) 
( 2.439825e-08 3.241463e-07 -2.873792e-07) 
( 1.507844e-08 3.241683e-07 -2.691982e-07) 
( 1.289518e-08 3.332242e-07 -2.402388e-07) 
( 9.132725e-09 3.379565e-07 -2.149597e-07) 
( 9.130012e-09 3.379448e-07 -2.013902e-07) 
( 9.146115e-09 3.386163e-07 -1.852838e-07) 
( 9.254930e-09 3.425444e-07 -1.642331e-07) 
( 9.654857e-08 2.427671e-08 -7.032691e-07) 
( 8.920096e-08 7.310895e-08 -6.773539e-07) 
( 8.372586e-08 1.200694e-07 -6.430963e-07) 
( 8.021944e-08 1.653567e-07 -6.058390e-07) 
( 7.537535e-08 2.049717e-07 -5.679964e-07) 
( 6.953368e-08 2.380357e-07 -5.305771e-07) 
( 6.542465e-08 2.645009e-07 -4.920722e-07) 
( 5.889186e-08 2.943601e-07 -4.495312e-07) 
( 4.971431e-08 3.051444e-07 -4.208001e-07) 
( 4.977531e-08 3.253239e-07 -3.824237e-07) 
( 4.689795e-08 3.347968e-07 -3.538120e-07) 
( 4.319319e-08 3.427770e-07 -3.240297e-07) 
( 3.897006e-08 3.449846e-07 -3.023998e-07) 
( 3.545931e-08 3.502287e-07 -2.745484e-07) 
( 2.429152e-08 3.563691e-07 -2.376335e-07) 
( 2.262440e-08 3.548275e-07 -2.198898e-07) 
( 2.030026e-08 3.520462e-07 -2.038006e-07) 
( 1.690540e-08 3.537700e-07 -1.791776e-07) 
( 1.846014e-08 3.556459e-07 -1.554304e-07) 
( 1.396613e-07 2.741209e-08 -7.140319e-07) 
( 1.307575e-07 8.201960e-08 -6.883455e-07) 
( 1.286357e-07 1.340558e-07 -6.566464e-07) 
( 1.207835e-07 1.791564e-07 -6.221868e-07) 
( 1.112770e-07 2.209243e-07 -5.869999e-07) 
( 1.000419e-07 2.599007e-07 -5.476838e-07) 
( 9.220157e-08 2.881131e-07 -5.104900e-07) 
( 8.726744e-08 3.129658e-07 -4.694553e-07) 
( 7.928037e-08 3.315079e-07 -4.335703e-07) 
( 7.074632e-08 3.547110e-07 -3.891780e-07) 
( 6.808444e-08 3.601000e-07 -3.655005e-07) 
( 5.791256e-08 3.704253e-07 -3.287873e-07) 
( 5.411404e-08 3.702228e-07 -3.055530e-07) 
( 5.046845e-08 3.753190e-07 -2.733428e-07) 
( 3.806537e-08 3.783453e-07 -2.365544e-07) 
( 3.256268e-08 3.697226e-07 -2.255634e-07) 
( 3.019570e-08 3.699466e-07 -1.967925e-07) 
( 2.513978e-08 3.688839e-07 -1.710160e-07) 
( 2.474004e-08 3.674283e-07 -1.465314e-07) 
( 1.991744e-07 3.140275e-08 -7.350923e-07) 
( 1.831408e-07 9.372396e-08 -7.059748e-07) 
( 1.625138e-07 1.472492e-07 -6.699027e-07) 
( 1.565657e-07 1.955025e-07 -6.350711e-07) 
( 1.476802e-07 2.358369e-07 -6.012770e-07) 
( 1.354417e-07 2.736287e-07 -5.620264e-07) 
( 1.314191e-07 3.116616e-07 -5.183785e-07) 
( 1.196487e-07 3.317043e-07 -4.841930e-07) 
( 1.070315e-07 3.575579e-07 -4.409146e-07) 
( 9.895051e-08 3.690986e-07 -4.088308e-07) 
( 8.442640e-08 3.872656e-07 -3.660287e-07) 
( 7.562304e-08 3.931150e-07 -3.351477e-07) 
( 7.068004e-08 3.943580e-07 -3.076931e-07) 
( 6.422334e-08 4.005880e-07 -2.674270e-07) 
( 4.950127e-08 3.928995e-07 -2.466714e-07) 
( 4.521480e-08 3.901594e-07 -2.183786e-07) 
( 4.074141e-08 3.882516e-07 -1.882828e-07) 
( 3.518637e-08 3.841311e-07 -1.601416e-07) 
( 3.268090e-08 3.769858e-07 -1.407011e-07) 
( 2.442161e-07 3.468349e-08 -7.363959e-07) 
( 2.305396e-07 9.629109e-08 -7.133496e-07) 
( 2.125307e-07 1.611627e-07 -6.745585e-07) 
( 1.961962e-07 2.077569e-07 -6.453284e-07) 
( 1.830342e-07 2.592848e-07 -6.035101e-07) 
( 1.714017e-07 2.944690e-07 -5.665418e-07) 
( 1.601249e-07 3.287595e-07 -5.273804e-07) 
( 1.436312e-07 3.597202e-07 -4.846751e-07) 
( 1.297881e-07 3.848914e-07 -4.413378e-07) 
( 1.190093e-07 3.996101e-07 -4.051649e-07) 
( 1.148234e-07 4.041174e-07 -3.776548e-07) 
( 9.753123e-08 4.163145e-07 -3.358396e-07) 
( 9.011832e-08 4.178396e-07 -3.034886e-07) 
( 8.227645e-08 4.207062e-07 -2.653001e-07) 
( 6.872660e-08 4.141629e-07 -2.404996e-07) 
( 6.384719e-08 4.103283e-07 -2.107663e-07) 
( 5.222117e-08 4.045592e-07 -1.773827e-07) 
( 4.628980e-08 3.959915e-07 -1.514263e-07) 
( 4.088570e-08 3.866891e-07 -1.330474e-07) 
( 2.882119e-07 3.846772e-08 -7.463081e-07) 
( 2.755699e-07 1.072608e-07 -7.112965e-07) 
( 2.529918e-07 1.628394e-07 -6.873164e-07) 
( 2.407542e-07 2.158343e-07 -6.485537e-07) 
( 2.335162e-07 2.677217e-07 -6.076969e-07) 
( 2.122400e-07 3.087061e-07 -5.714657e-07) 
( 1.963144e-07 3.507294e-07 -5.270368e-07) 
( 1.816178e-07 3.820045e-07 -4.847192e-07) 
( 1.666701e-07 4.062372e-07 -4.426939e-07) 
( 1.501868e-07 4.227137e-07 -4.030547e-07) 
( 1.300140e-07 4.321645e-07 -3.680772e-07) 
( 1.205705e-07 4.387405e-07 -3.305540e-07) 
( 1.129690e-07 4.401571e-07 -2.970196e-07) 
( 9.502064e-08 4.361901e-07 -2.672410e-07) 
( 8.101393e-08 4.313316e-07 -2.371285e-07) 
( 7.341309e-08 4.280757e-07 -1.977362e-07) 
( 6.437551e-08 4.177233e-07 -1.670806e-07) 
( 5.680012e-08 4.066072e-07 -1.445760e-07) 
( 4.945085e-08 3.966175e-07 -1.231221e-07) 
( 3.486184e-07 3.861460e-08 -7.427555e-07) 
( 3.274336e-07 1.124296e-07 -7.185687e-07) 
( 3.051684e-07 1.813866e-07 -6.816986e-07) 
( 2.910759e-07 2.255009e-07 -6.497468e-07) 
( 2.798466e-07 2.949955e-07 -5.995534e-07) 
( 2.563458e-07 3.364152e-07 -5.609592e-07) 
( 2.424038e-07 3.745781e-07 -5.183674e-07) 
( 2.228223e-07 4.007689e-07 -4.804972e-07) 
( 2.029062e-07 4.328064e-07 -4.293077e-07) 
( 1.813621e-07 4.409493e-07 -4.001551e-07) 
( 1.586923e-07 4.553453e-07 -3.565873e-07) 
( 1.482419e-07 4.595308e-07 -3.205523e-07) 
( 1.327398e-07 4.600304e-07 -2.860210e-07) 
( 1.121469e-07 4.565678e-07 -2.541745e-07) 
( 9.749182e-08 4.499025e-07 -2.246957e-07) 
( 8.779127e-08 4.415066e-07 -1.890338e-07) 
( 7.750062e-08 4.299662e-07 -1.595417e-07) 
( 6.721898e-08 4.167366e-07 -1.426055e-07) 
( 5.522200e-08 4.051099e-07 -1.264328e-07) 
( 4.138006e-07 4.275632e-08 -7.461758e-07) 
( 3.938520e-07 1.207520e-07 -7.075329e-07) 
( 3.743502e-07 1.852644e-07 -6.730786e-07) 
( 3.466591e-07 2.485554e-07 -6.375192e-07) 
( 3.202712e-07 3.145889e-07 -5.921400e-07) 
( 2.964079e-07 3.679046e-07 -5.440387e-07) 
( 2.694001e-07 3.953439e-07 -5.135555e-07) 
( 2.581893e-07 4.211223e-07 -4.723473e-07) 
( 2.329697e-07 4.538401e-07 -4.187624e-07) 
( 2.135357e-07 4.650801e-07 -3.838605e-07) 
( 1.856142e-07 4.785808e-07 -3.397415e-07) 
( 1.665940e-07 4.770803e-07 -3.113602e-07) 
( 1.454583e-07 4.791942e-07 -2.697267e-07) 
( 1.322469e-07 4.699678e-07 -2.487461e-07) 
( 1.170796e-07 4.642443e-07 -2.133082e-07) 
( 1.040586e-07 4.542495e-07 -1.783410e-07) 
( 9.125876e-08 4.412433e-07 -1.551687e-07) 
( 7.858008e-08 4.272096e-07 -1.397656e-07) 
( 6.694300e-08 4.150592e-07 -1.209643e-07) 
( 4.801974e-07 5.163494e-08 -7.391342e-07) 
( 4.630827e-07 1.376037e-07 -7.013816e-07) 
( 4.395588e-07 2.093023e-07 -6.600065e-07) 
( 3.997760e-07 2.611046e-07 -6.299022e-07) 
( 3.737159e-07 3.227582e-07 -5.865875e-07) 
( 3.562532e-07 3.748839e-07 -5.379340e-07) 
( 3.179367e-07 4.067014e-07 -5.075264e-07) 
( 2.911315e-07 4.498251e-07 -4.524581e-07) 
( 2.601588e-07 4.693277e-07 -4.142587e-07) 
( 2.469984e-07 4.830577e-07 -3.699109e-07) 
( 2.206812e-07 4.871969e-07 -3.387185e-07) 
( 1.879616e-07 4.927203e-07 -2.991866e-07) 
( 1.635792e-07 4.950982e-07 -2.526823e-07) 
( 1.533536e-07 4.824802e-07 -2.389349e-07) 
( 1.368201e-07 4.757639e-07 -2.011910e-07) 
( 1.212801e-07 4.656517e-07 -1.673547e-07) 
( 1.061873e-07 4.520874e-07 -1.477050e-07) 
( 9.119715e-08 4.376438e-07 -1.347233e-07) 
( 7.876683e-08 4.241238e-07 -1.103184e-07) 
( 5.502113e-07 5.239642e-08 -7.164961e-07) 
( 5.319793e-07 1.368026e-07 -6.838204e-07) 
( 4.901087e-07 2.151339e-07 -6.439126e-07) 
( 4.589419e-07 2.933796e-07 -5.965705e-07) 
( 4.400104e-07 3.376531e-07 -5.628881e-07) 
( 3.966275e-07 3.974403e-07 -5.199797e-07) 
( 3.560229e-07 4.448618e-07 -4.754282e-07) 
( 3.395169e-07 4.699721e-07 -4.281964e-07) 
( 3.048458e-07 4.870125e-07 -3.927594e-07) 
( 2.667194e-07 5.063109e-07 -3.437559e-07) 
( 2.463902e-07 5.059203e-07 -3.166483e-07) 
( 2.177888e-07 5.066826e-07 -2.795102e-07) 
( 1.876533e-07 5.077168e-07 -2.391205e-07) 
( 1.739737e-07 4.943247e-07 -2.224785e-07) 
( 1.529786e-07 4.864902e-07 -1.882552e-07) 
( 1.298938e-07 4.770457e-07 -1.531448e-07) 
( 1.098290e-07 4.615620e-07 -1.452396e-07) 
( 9.646890e-08 4.481029e-07 -1.212342e-07) 
( 8.367926e-08 4.316619e-07 -9.997107e-08) 
( 6.288470e-07 5.684853e-08 -6.988768e-07) 
( 5.944805e-07 1.438373e-07 -6.671346e-07) 
( 5.590668e-07 2.261222e-07 -6.235126e-07) 
( 5.281497e-07 2.980120e-07 -5.754985e-07) 
( 4.839933e-07 3.691165e-07 -5.345320e-07) 
( 4.390620e-07 4.216369e-07 -4.950209e-07) 
( 4.120578e-07 4.578254e-07 -4.520070e-07) 
( 3.675737e-07 4.825988e-07 -4.186189e-07) 
( 3.429081e-07 5.065557e-07 -3.611196e-07) 
( 3.025376e-07 5.187743e-07 -3.214073e-07) 
( 2.686764e-07 5.220134e-07 -2.877701e-07) 
( 2.493095e-07 5.173931e-07 -2.569131e-07) 
( 2.087572e-07 5.173209e-07 -2.247440e-07) 
( 1.797472e-07 5.076108e-07 -2.024718e-07) 
( 1.562442e-07 4.980819e-07 -1.710896e-07) 
( 1.476635e-07 4.870120e-07 -1.390153e-07) 
( 1.194387e-07 4.722341e-07 -1.307793e-07) 
( 1.008647e-07 4.563147e-07 -1.089653e-07) 
( 8.604426e-08 4.388982e-07 -8.962748e-08) 
( 7.031965e-07 4.813784e-08 -6.471872e-07) 
( 6.706458e-07 1.454720e-07 -6.172132e-07) 
( 6.310004e-07 2.366872e-07 -5.773437e-07) 
( 5.842759e-07 3.169794e-07 -5.296277e-07) 
( 5.451707e-07 3.682203e-07 -5.029165e-07) 
( 4.987016e-07 4.342497e-07 -4.555599e-07) 
( 4.515163e-07 4.792908e-07 -4.141349e-07) 
( 4.240355e-07 4.960138e-07 -3.799174e-07) 
( 3.656407e-07 5.280859e-07 -3.237852e-07) 
( 3.362455e-07 5.279133e-07 -2.971114e-07) 
( 2.926474e-07 5.330648e-07 -2.637903e-07) 
( 2.573002e-07 5.304758e-07 -2.342675e-07) 
( 2.347345e-07 5.274953e-07 -1.935986e-07) 
( 2.025110e-07 5.164137e-07 -1.800432e-07) 
( 1.750057e-07 5.057151e-07 -1.569974e-07) 
( 1.631834e-07 4.944252e-07 -1.225089e-07) 
( 1.354627e-07 4.792802e-07 -1.192297e-07) 
( 1.146628e-07 4.637446e-07 -9.863141e-08) 
( 9.620445e-08 4.462873e-07 -8.049213e-08) 
( 7.759867e-07 6.571353e-08 -5.828530e-07) 
( 7.389801e-07 1.638870e-07 -5.564195e-07) 
( 7.003814e-07 2.375889e-07 -5.248128e-07) 
( 6.351933e-07 3.303832e-07 -4.876702e-07) 
( 6.026852e-07 4.006586e-07 -4.319532e-07) 
( 5.445741e-07 4.613342e-07 -3.959279e-07) 
( 5.034046e-07 4.864179e-07 -3.713854e-07) 
( 4.457474e-07 5.235326e-07 -3.234962e-07) 
( 4.052928e-07 5.332448e-07 -2.929578e-07) 
( 3.623841e-07 5.375250e-07 -2.652097e-07) 
( 3.299087e-07 5.371707e-07 -2.310637e-07) 
( 2.823420e-07 5.367051e-07 -2.101826e-07) 
( 2.605511e-07 5.312458e-07 -1.695334e-07) 
( 2.282581e-07 5.212567e-07 -1.567315e-07) 
( 1.958928e-07 5.109282e-07 -1.414772e-07) 
( 1.686715e-07 5.008330e-07 -1.098199e-07) 
( 1.522364e-07 4.850939e-07 -1.056633e-07) 
( 1.289600e-07 4.705416e-07 -8.753965e-08) 
( 1.084468e-07 4.533112e-07 -7.256495e-08) 
( 8.511626e-07 5.441369e-08 -5.032831e-07) 
( 8.060712e-07 1.598065e-07 -4.774197e-07) 
( 7.486279e-07 2.600680e-07 -4.453205e-07) 
( 7.040612e-07 3.302833e-07 -4.156154e-07) 
( 6.536521e-07 3.897523e-07 -3.929074e-07) 
( 5.927261e-07 4.561057e-07 -3.551885e-07) 
( 5.526506e-07 4.914915e-07 -3.076537e-07) 
( 4.895220e-07 5.216285e-07 -2.855827e-07) 
( 4.250296e-07 5.387576e-07 -2.643542e-07) 
( 3.911677e-07 5.449615e-07 -2.147117e-07) 
( 3.426281e-07 5.479640e-07 -1.897597e-07) 
( 3.134252e-07 5.418663e-07 -1.594098e-07) 
( 2.694248e-07 5.391116e-07 -1.437929e-07) 
( 2.472034e-07 5.265051e-07 -1.275138e-07) 
( 2.168804e-07 5.148017e-07 -1.226624e-07) 
( 1.850699e-07 5.049216e-07 -1.025512e-07) 
( 1.667662e-07 4.907998e-07 -8.899130e-08) 
( 1.437309e-07 4.757811e-07 -7.720981e-08) 
( 1.208496e-07 4.593754e-07 -6.306684e-08) 
( 8.983221e-07 4.352051e-08 -4.162151e-07) 
( 8.568618e-07 1.609535e-07 -3.913794e-07) 
( 8.087717e-07 2.474040e-07 -3.604666e-07) 
( 7.446155e-07 3.351074e-07 -3.233412e-07) 
( 6.780813e-07 4.160095e-07 -3.016876e-07) 
( 6.327503e-07 4.533749e-07 -2.867539e-07) 
( 5.807751e-07 4.858631e-07 -2.712452e-07) 
( 5.152277e-07 5.197842e-07 -2.405651e-07) 
( 4.586249e-07 5.388289e-07 -2.115549e-07) 
( 4.109396e-07 5.481348e-07 -1.735832e-07) 
( 3.723896e-07 5.482269e-07 -1.516053e-07) 
( 3.266436e-07 5.481331e-07 -1.297525e-07) 
( 2.911740e-07 5.427776e-07 -1.127814e-07) 
( 2.504133e-07 5.353610e-07 -9.828416e-08) 
( 2.391646e-07 5.189675e-07 -9.161276e-08) 
( 2.032390e-07 5.093337e-07 -8.063069e-08) 
( 1.839110e-07 4.955836e-07 -6.801099e-08) 
( 1.586951e-07 4.815365e-07 -5.979212e-08) 
( 1.342960e-07 4.658412e-07 -4.952913e-08) 
( 9.362959e-07 6.624787e-08 -3.151661e-07) 
( 8.836555e-07 1.673969e-07 -2.961194e-07) 
( 8.266256e-07 2.478428e-07 -2.702448e-07) 
( 7.651977e-07 3.343341e-07 -2.449309e-07) 
( 7.093533e-07 3.976517e-07 -2.109884e-07) 
( 6.497347e-07 4.520144e-07 -2.071801e-07) 
( 5.872290e-07 4.974589e-07 -1.945322e-07) 
( 5.409114e-07 5.166378e-07 -1.756401e-07) 
( 4.730036e-07 5.431145e-07 -1.378300e-07) 
( 4.449827e-07 5.402198e-07 -1.263261e-07) 
( 3.936056e-07 5.486625e-07 -1.101763e-07) 
( 3.445382e-07 5.507525e-07 -8.775237e-08) 
( 3.139257e-07 5.443544e-07 -7.651013e-08) 
( 2.742941e-07 5.397471e-07 -6.475288e-08) 
( 2.434213e-07 5.279880e-07 -6.007868e-08) 
( 2.231328e-07 5.138783e-07 -5.259383e-08) 
( 1.868908e-07 5.045031e-07 -3.989183e-08) 
( 1.721566e-07 4.880577e-07 -3.549449e-08) 
( 1.493560e-07 4.729038e-07 -3.025942e-08) 
( 9.864850e-07 5.167990e-08 -1.712556e-07) 
( 8.959185e-07 1.520920e-07 -1.704896e-07) 
( 8.383340e-07 2.384872e-07 -1.612724e-07) 
( 7.598315e-07 3.281779e-07 -1.649046e-07) 
( 7.175212e-07 3.768167e-07 -1.518509e-07) 
( 6.602864e-07 4.368738e-07 -1.296318e-07) 
( 6.038443e-07 4.844390e-07 -1.100735e-07) 
( 5.598480e-07 5.064987e-07 -9.624662e-08) 
( 5.091346e-07 5.254507e-07 -9.071389e-08) 
( 4.600290e-07 5.389458e-07 -7.887648e-08) 
( 3.991386e-07 5.539181e-07 -6.304436e-08) 
( 3.807332e-07 5.449199e-07 -5.223519e-08) 
( 3.199899e-07 5.499040e-07 -4.077427e-08) 
( 3.041747e-07 5.395464e-07 -3.554800e-08) 
( 2.569477e-07 5.352051e-07 -2.935951e-08) 
( 2.390880e-07 5.201920e-07 -2.562319e-08) 
( 2.087019e-07 5.091374e-07 -2.023978e-08) 
( 1.796439e-07 4.969528e-07 -1.522997e-08) 
( 1.626510e-07 4.811107e-07 -1.071402e-08) 
( 9.703401e-07 5.467336e-08 -6.489452e-08) 
( 8.960206e-07 1.436185e-07 -5.234067e-08) 
( 8.404670e-07 2.290772e-07 -4.614359e-08) 
( 7.631337e-07 3.132682e-07 -3.586899e-08) 
( 7.208608e-07 3.628325e-07 -3.156254e-08) 
( 6.608319e-07 4.290343e-07 -2.729521e-08) 
( 6.128524e-07 4.710624e-07 -2.321735e-08) 
( 5.718149e-07 4.958840e-07 -2.021814e-08) 
( 5.311432e-07 5.142073e-07 -1.802831e-08) 
( 4.688195e-07 5.414574e-07 -1.669458e-08) 
( 4.331361e-07 5.454819e-07 -1.304673e-08) 
( 3.877820e-07 5.521505e-07 -1.061493e-08) 
( 3.502739e-07 5.507089e-07 -7.713540e-09) 
( 3.122154e-07 5.474283e-07 -5.525623e-09) 
( 2.836403e-07 5.397426e-07 -4.086064e-09) 
( 2.450707e-07 5.309956e-07 -2.412108e-09) 
( 2.305730e-07 5.152425e-07 -1.346949e-09) 
( 1.951272e-07 5.054292e-07 -5.184675e-10) 
( 1.741193e-07 4.912614e-07 5.555759e-10) 
( -1.698022e-08 2.572037e-08 -6.215471e-07) 
( -1.671821e-08 6.458731e-08 -5.929593e-07) 
( -1.478518e-08 9.932827e-08 -5.502570e-07) 
( -1.477847e-08 1.317563e-07 -5.090681e-07) 
( -1.302939e-08 1.520954e-07 -4.702888e-07) 
( -1.075711e-08 1.776543e-07 -4.282656e-07) 
( -8.013896e-09 1.939608e-07 -3.974706e-07) 
( -6.979592e-09 2.064474e-07 -3.695458e-07) 
( -6.078470e-09 2.244831e-07 -3.373064e-07) 
( -6.540205e-09 2.417181e-07 -3.100252e-07) 
( -6.679632e-09 2.472779e-07 -2.973589e-07) 
( -7.006533e-09 2.591884e-07 -2.774436e-07) 
( -5.464044e-09 2.752634e-07 -2.555325e-07) 
( -5.388066e-09 2.809369e-07 -2.455106e-07) 
( -3.902333e-09 2.889809e-07 -2.312156e-07) 
( -8.141344e-09 3.012916e-07 -2.089699e-07) 
( -1.426030e-09 3.127082e-07 -1.885672e-07) 
( -1.436470e-09 3.148956e-07 -1.796077e-07) 
( -4.787766e-09 3.183892e-07 -1.692599e-07) 
( -5.043720e-08 1.989770e-08 -6.072638e-07) 
( -4.782063e-08 6.277885e-08 -5.597034e-07) 
( -4.386031e-08 9.773912e-08 -5.104690e-07) 
( -3.816005e-08 1.239400e-07 -4.613678e-07) 
( -3.235546e-08 1.399186e-07 -4.189803e-07) 
( -3.093980e-08 1.626516e-07 -3.762431e-07) 
( -2.784811e-08 1.771152e-07 -3.449195e-07) 
( -2.376105e-08 1.867344e-07 -3.163583e-07) 
( -2.133007e-08 2.064593e-07 -2.901803e-07) 
( -2.136647e-08 2.164112e-07 -2.742277e-07) 
( -1.895874e-08 2.280190e-07 -2.613874e-07) 
( -1.659870e-08 2.434991e-07 -2.448273e-07) 
( -1.689594e-08 2.592538e-07 -2.273526e-07) 
( -9.326199e-09 2.663801e-07 -2.235505e-07) 
( -1.008250e-08 2.799078e-07 -2.067453e-07) 
( -1.109374e-08 2.926910e-07 -1.892544e-07) 
( -1.227229e-08 3.018967e-07 -1.736512e-07) 
( -8.305120e-09 3.073924e-07 -1.666489e-07) 
( -1.013423e-08 3.144915e-07 -1.534613e-07) 
( -7.321701e-08 2.116281e-08 -5.651230e-07) 
( -6.960165e-08 5.826551e-08 -5.130070e-07) 
( -6.132909e-08 8.662762e-08 -4.698158e-07) 
( -5.388540e-08 1.133645e-07 -4.160656e-07) 
( -4.700936e-08 1.298325e-07 -3.690500e-07) 
( -4.499934e-08 1.506406e-07 -3.244116e-07) 
( -3.890970e-08 1.610698e-07 -3.007204e-07) 
( -3.435395e-08 1.729293e-07 -2.754062e-07) 
( -3.171663e-08 1.897347e-07 -2.534626e-07) 
( -2.856342e-08 2.007758e-07 -2.410961e-07) 
( -2.756212e-08 2.102936e-07 -2.334205e-07) 
( -2.832784e-08 2.277132e-07 -2.182129e-07) 
( -2.227876e-08 2.453177e-07 -2.064194e-07) 
( -2.129345e-08 2.543366e-07 -2.018386e-07) 
( -2.169651e-08 2.695078e-07 -1.884651e-07) 
( -2.200999e-08 2.844787e-07 -1.716385e-07) 
( -2.038109e-08 2.922437e-07 -1.631295e-07) 
( -1.827141e-08 2.994261e-07 -1.561308e-07) 
( -1.591005e-08 3.097184e-07 -1.410871e-07) 
( -9.836599e-08 1.983766e-08 -5.184861e-07) 
( -8.926509e-08 5.671924e-08 -4.758536e-07) 
( -7.884168e-08 8.555809e-08 -4.109453e-07) 
( -7.026611e-08 1.071439e-07 -3.693673e-07) 
( -6.009879e-08 1.225862e-07 -3.261254e-07) 
( -5.174350e-08 1.362838e-07 -2.879186e-07) 
( -4.829247e-08 1.470990e-07 -2.615601e-07) 
( -4.297511e-08 1.558137e-07 -2.411588e-07) 
( -4.177268e-08 1.716295e-07 -2.222205e-07) 
( -3.869471e-08 1.859873e-07 -2.133925e-07) 
( -3.462940e-08 1.977869e-07 -2.084927e-07) 
( -3.368750e-08 2.154770e-07 -1.972677e-07) 
( -3.374175e-08 2.335178e-07 -1.861940e-07) 
( -3.006960e-08 2.447175e-07 -1.844638e-07) 
( -2.677412e-08 2.629693e-07 -1.717866e-07) 
( -2.786933e-08 2.795340e-07 -1.560107e-07) 
( -2.675747e-08 2.883892e-07 -1.498794e-07) 
( -2.602510e-08 2.959460e-07 -1.446618e-07) 
( -2.372023e-08 3.068291e-07 -1.296820e-07) 
( -1.316465e-07 1.904197e-08 -4.928178e-07) 
( -1.117289e-07 5.243210e-08 -4.435018e-07) 
( -9.080864e-08 7.968454e-08 -3.755861e-07) 
( -7.996082e-08 9.875324e-08 -3.278636e-07) 
( -7.312285e-08 1.151141e-07 -2.771498e-07) 
( -5.978430e-08 1.223692e-07 -2.531223e-07) 
( -5.548885e-08 1.365827e-07 -2.264613e-07) 
( -5.089318e-08 1.447826e-07 -2.114645e-07) 
( -4.553979e-08 1.601739e-07 -1.973848e-07) 
( -4.506702e-08 1.763019e-07 -1.886381e-07) 
( -4.236609e-08 1.914750e-07 -1.827138e-07) 
( -3.964382e-08 2.076894e-07 -1.776673e-07) 
( -4.047465e-08 2.269663e-07 -1.682740e-07) 
( -3.574190e-08 2.426378e-07 -1.650079e-07) 
( -3.400049e-08 2.588109e-07 -1.586676e-07) 
( -3.402258e-08 2.744576e-07 -1.472521e-07) 
( -2.892497e-08 2.860264e-07 -1.410120e-07) 
( -3.051650e-08 2.948719e-07 -1.329204e-07) 
( -2.897118e-08 3.049255e-07 -1.208933e-07) 
( -1.519879e-07 1.861204e-08 -4.778780e-07) 
( -1.287978e-07 4.969950e-08 -4.139821e-07) 
( -1.069253e-07 7.507967e-08 -3.520310e-07) 
( -9.365045e-08 9.807535e-08 -2.942621e-07) 
( -8.150363e-08 1.053412e-07 -2.576245e-07) 
( -7.020367e-08 1.165039e-07 -2.267013e-07) 
( -6.022751e-08 1.279742e-07 -2.019309e-07) 
( -5.865328e-08 1.405696e-07 -1.826676e-07) 
( -5.145593e-08 1.495462e-07 -1.777405e-07) 
( -5.275375e-08 1.642287e-07 -1.716167e-07) 
( -5.180455e-08 1.849179e-07 -1.658749e-07) 
( -4.766541e-08 2.007035e-07 -1.645442e-07) 
( -4.670780e-08 2.212299e-07 -1.569347e-07) 
( -4.387414e-08 2.411554e-07 -1.513681e-07) 
( -4.273933e-08 2.564237e-07 -1.487880e-07) 
( -3.994722e-08 2.740942e-07 -1.363793e-07) 
( -3.742372e-08 2.861381e-07 -1.276210e-07) 
( -3.674451e-08 2.943279e-07 -1.231886e-07) 
( -3.183169e-08 3.064346e-07 -1.095525e-07) 
( -1.699951e-07 1.846627e-08 -4.253283e-07) 
( -1.542618e-07 5.197574e-08 -3.819836e-07) 
( -1.251002e-07 7.643310e-08 -3.211501e-07) 
( -1.042317e-07 9.072750e-08 -2.733948e-07) 
( -8.684541e-08 1.030147e-07 -2.297699e-07) 
( -7.593589e-08 1.117596e-07 -2.027600e-07) 
( -6.977757e-08 1.217251e-07 -1.830282e-07) 
( -6.279680e-08 1.333116e-07 -1.680190e-07) 
( -6.109859e-08 1.450911e-07 -1.591883e-07) 
( -5.893194e-08 1.612257e-07 -1.565423e-07) 
( -5.680988e-08 1.814650e-07 -1.525828e-07) 
( -5.442409e-08 2.003429e-07 -1.504226e-07) 
( -5.354364e-08 2.198731e-07 -1.457748e-07) 
( -5.325400e-08 2.373403e-07 -1.445882e-07) 
( -4.973681e-08 2.572988e-07 -1.385401e-07) 
( -4.707912e-08 2.747290e-07 -1.277220e-07) 
( -4.591792e-08 2.864922e-07 -1.203081e-07) 
( -4.273864e-08 2.949982e-07 -1.158189e-07) 
( -3.725454e-08 3.063789e-07 -1.012522e-07) 
( -1.988573e-07 2.025901e-08 -4.291266e-07) 
( -1.705524e-07 5.275782e-08 -3.623445e-07) 
( -1.412783e-07 7.476565e-08 -3.024269e-07) 
( -1.116407e-07 9.369632e-08 -2.468689e-07) 
( -9.649729e-08 1.063131e-07 -2.115723e-07) 
( -8.505756e-08 1.131350e-07 -1.856039e-07) 
( -7.743171e-08 1.207659e-07 -1.677609e-07) 
( -7.088758e-08 1.329606e-07 -1.565411e-07) 
( -6.902794e-08 1.465186e-07 -1.485481e-07) 
( -6.627085e-08 1.606146e-07 -1.473103e-07) 
( -6.508719e-08 1.830746e-07 -1.434111e-07) 
( -6.292911e-08 2.024580e-07 -1.413625e-07) 
( -5.978851e-08 2.220424e-07 -1.393626e-07) 
( -5.834115e-08 2.425832e-07 -1.360268e-07) 
( -5.672850e-08 2.603390e-07 -1.326187e-07) 
( -5.319061e-08 2.784405e-07 -1.201220e-07) 
( -5.238878e-08 2.873919e-07 -1.157759e-07) 
( -4.893956e-08 2.954400e-07 -1.080646e-07) 
( -4.095195e-08 3.069193e-07 -9.320111e-08) 
( -2.143326e-07 1.965223e-08 -3.863245e-07) 
( -1.831058e-07 5.604049e-08 -3.355901e-07) 
( -1.548796e-07 7.742688e-08 -2.794169e-07) 
( -1.270604e-07 9.630635e-08 -2.355739e-07) 
( -1.093760e-07 1.078605e-07 -1.979923e-07) 
( -9.552566e-08 1.144418e-07 -1.765753e-07) 
( -8.828990e-08 1.251927e-07 -1.620813e-07) 
( -8.161999e-08 1.341766e-07 -1.503263e-07) 
( -7.775811e-08 1.465622e-07 -1.443950e-07) 
( -7.605964e-08 1.681357e-07 -1.397792e-07) 
( -7.504109e-08 1.861235e-07 -1.387631e-07) 
( -7.219599e-08 2.074236e-07 -1.362863e-07) 
( -7.200276e-08 2.268459e-07 -1.341664e-07) 
( -7.275072e-08 2.505968e-07 -1.245215e-07) 
( -6.524351e-08 2.659866e-07 -1.248493e-07) 
( -6.243632e-08 2.829877e-07 -1.126964e-07) 
( -6.094864e-08 2.917395e-07 -1.035261e-07) 
( -5.489644e-08 2.957441e-07 -9.822383e-08) 
( -4.599778e-08 3.049587e-07 -8.459429e-08) 
( -2.427910e-07 2.513296e-08 -3.787259e-07) 
( -2.155505e-07 5.473085e-08 -3.354725e-07) 
( -1.724593e-07 8.371022e-08 -2.727952e-07) 
( -1.468522e-07 9.667376e-08 -2.307280e-07) 
( -1.274060e-07 1.140440e-07 -1.945127e-07) 
( -1.117460e-07 1.201223e-07 -1.758894e-07) 
( -1.028019e-07 1.318962e-07 -1.543997e-07) 
( -9.561509e-08 1.424408e-07 -1.478547e-07) 
( -8.973834e-08 1.565751e-07 -1.420562e-07) 
( -8.955223e-08 1.764376e-07 -1.368900e-07) 
( -8.673898e-08 1.965953e-07 -1.357423e-07) 
( -8.415983e-08 2.211798e-07 -1.288648e-07) 
( -8.348059e-08 2.346297e-07 -1.306499e-07) 
( -8.005270e-08 2.593017e-07 -1.180270e-07) 
( -7.479393e-08 2.734786e-07 -1.114658e-07) 
( -6.780043e-08 2.868127e-07 -1.044832e-07) 
( -6.872945e-08 2.929685e-07 -9.022926e-08) 
( -6.174579e-08 2.964960e-07 -8.318014e-08) 
( -5.154943e-08 3.021064e-07 -7.726116e-08) 
( -2.731017e-07 2.345761e-08 -3.658943e-07) 
( -2.403113e-07 5.558041e-08 -3.204637e-07) 
( -1.994327e-07 8.715973e-08 -2.620590e-07) 
( -1.699895e-07 1.072556e-07 -2.246973e-07) 
( -1.488781e-07 1.190605e-07 -1.937251e-07) 
( -1.335070e-07 1.290592e-07 -1.715847e-07) 
( -1.183175e-07 1.432894e-07 -1.560309e-07) 
( -1.160942e-07 1.561279e-07 -1.461996e-07) 
( -1.075735e-07 1.737223e-07 -1.381442e-07) 
( -1.059003e-07 1.890629e-07 -1.362334e-07) 
( -1.000057e-07 2.085511e-07 -1.339104e-07) 
( -9.732355e-08 2.321100e-07 -1.228569e-07) 
( -9.033956e-08 2.461817e-07 -1.218525e-07) 
( -9.051643e-08 2.619153e-07 -1.110694e-07) 
( -8.405898e-08 2.720540e-07 -1.058820e-07) 
( -7.538607e-08 2.848586e-07 -9.597747e-08) 
( -7.201309e-08 2.919705e-07 -8.148079e-08) 
( -6.725036e-08 2.950507e-07 -7.071782e-08) 
( -5.765636e-08 2.989962e-07 -6.857158e-08) 
( -3.061608e-07 3.046571e-08 -3.404746e-07) 
( -2.595788e-07 6.597505e-08 -2.934357e-07) 
( -2.288143e-07 9.267297e-08 -2.605381e-07) 
( -2.012310e-07 1.127628e-07 -2.220773e-07) 
( -1.673185e-07 1.335517e-07 -1.907206e-07) 
( -1.553686e-07 1.472564e-07 -1.715503e-07) 
( -1.408901e-07 1.593665e-07 -1.572031e-07) 
( -1.302390e-07 1.753196e-07 -1.447190e-07) 
( -1.236591e-07 1.905174e-07 -1.345040e-07) 
( -1.164143e-07 2.040122e-07 -1.309326e-07) 
( -1.161856e-07 2.176029e-07 -1.246441e-07) 
( -1.103552e-07 2.356163e-07 -1.162841e-07) 
( -9.977222e-08 2.492792e-07 -1.104279e-07) 
( -9.709416e-08 2.616700e-07 -9.868428e-08) 
( -9.250433e-08 2.698167e-07 -8.767226e-08) 
( -8.273171e-08 2.795537e-07 -8.514252e-08) 
( -7.235747e-08 2.886595e-07 -7.157238e-08) 
( -6.644228e-08 2.924906e-07 -6.318456e-08) 
( -6.360450e-08 2.957270e-07 -5.912528e-08) 
( -3.359197e-07 2.133523e-08 -3.068623e-07) 
( -2.974403e-07 6.254721e-08 -2.763198e-07) 
( -2.644276e-07 9.308785e-08 -2.442676e-07) 
( -2.288951e-07 1.212284e-07 -2.055148e-07) 
( -1.978731e-07 1.420521e-07 -1.868512e-07) 
( -1.824713e-07 1.549730e-07 -1.639889e-07) 
( -1.664934e-07 1.674397e-07 -1.515428e-07) 
( -1.518508e-07 1.813631e-07 -1.386585e-07) 
( -1.409993e-07 1.944365e-07 -1.279197e-07) 
( -1.301166e-07 2.102981e-07 -1.183892e-07) 
( -1.260847e-07 2.219112e-07 -1.107702e-07) 
( -1.205296e-07 2.331509e-07 -1.049107e-07) 
( -1.100638e-07 2.474028e-07 -9.021128e-08) 
( -9.955944e-08 2.581618e-07 -8.543507e-08) 
( -9.786660e-08 2.638093e-07 -7.520886e-08) 
( -8.923172e-08 2.719270e-07 -6.682520e-08) 
( -7.877974e-08 2.809067e-07 -6.261803e-08) 
( -6.957211e-08 2.875961e-07 -5.538308e-08) 
( -6.481552e-08 2.921258e-07 -5.152521e-08) 
( -3.682945e-07 2.761533e-08 -2.745179e-07) 
( -3.264722e-07 6.343731e-08 -2.434329e-07) 
( -2.860186e-07 9.855273e-08 -2.137265e-07) 
( -2.552183e-07 1.267891e-07 -1.907303e-07) 
( -2.234895e-07 1.451784e-07 -1.712710e-07) 
( -1.987148e-07 1.630633e-07 -1.473930e-07) 
( -1.763643e-07 1.794766e-07 -1.267903e-07) 
( -1.575725e-07 1.879254e-07 -1.230037e-07) 
( -1.515463e-07 1.951535e-07 -1.118875e-07) 
( -1.417880e-07 2.081477e-07 -9.996164e-08) 
( -1.306194e-07 2.223886e-07 -9.040860e-08) 
( -1.198294e-07 2.330215e-07 -8.477668e-08) 
( -1.184209e-07 2.394489e-07 -7.640463e-08) 
( -1.060598e-07 2.485851e-07 -7.529296e-08) 
( -9.591973e-08 2.589220e-07 -6.311126e-08) 
( -9.341013e-08 2.640192e-07 -5.901278e-08) 
( -8.396648e-08 2.725654e-07 -5.538495e-08) 
( -7.460007e-08 2.808558e-07 -4.755743e-08) 
( -7.275331e-08 2.852184e-07 -4.294877e-08) 
( -3.782293e-07 2.369543e-08 -2.259463e-07) 
( -3.412249e-07 6.325614e-08 -2.115073e-07) 
( -3.068241e-07 9.882277e-08 -1.870910e-07) 
( -2.668008e-07 1.272137e-07 -1.588368e-07) 
( -2.341966e-07 1.497731e-07 -1.373699e-07) 
( -2.086334e-07 1.598826e-07 -1.246162e-07) 
( -1.913318e-07 1.686873e-07 -1.072479e-07) 
( -1.722928e-07 1.811707e-07 -9.727526e-08) 
( -1.545596e-07 1.947102e-07 -8.548442e-08) 
( -1.430224e-07 2.059243e-07 -7.846712e-08) 
( -1.375503e-07 2.127848e-07 -7.646392e-08) 
( -1.271797e-07 2.242180e-07 -6.758238e-08) 
( -1.194438e-07 2.323807e-07 -6.503329e-08) 
( -1.132319e-07 2.398237e-07 -5.757330e-08) 
( -1.018050e-07 2.506325e-07 -5.534345e-08) 
( -9.455387e-08 2.584649e-07 -4.830706e-08) 
( -9.073134e-08 2.648871e-07 -4.776664e-08) 
( -8.079151e-08 2.737508e-07 -4.092530e-08) 
( -7.173222e-08 2.812027e-07 -3.586522e-08) 
( -3.829969e-07 2.208621e-08 -1.817811e-07) 
( -3.534747e-07 6.730906e-08 -1.641220e-07) 
( -3.033683e-07 1.041785e-07 -1.346766e-07) 
( -2.749183e-07 1.203160e-07 -1.231937e-07) 
( -2.411307e-07 1.363293e-07 -1.065737e-07) 
( -2.121355e-07 1.551804e-07 -9.137038e-08) 
( -1.842411e-07 1.678817e-07 -8.746696e-08) 
( -1.720734e-07 1.724476e-07 -7.709752e-08) 
( -1.576348e-07 1.838301e-07 -6.643388e-08) 
( -1.444143e-07 1.961704e-07 -5.944412e-08) 
( -1.361427e-07 2.050947e-07 -5.597297e-08) 
( -1.324078e-07 2.134177e-07 -5.357732e-08) 
( -1.211432e-07 2.264145e-07 -5.036597e-08) 
( -1.110418e-07 2.346272e-07 -4.555176e-08) 
( -1.079889e-07 2.408974e-07 -4.248246e-08) 
( -9.724395e-08 2.512933e-07 -3.898176e-08) 
( -9.534749e-08 2.573167e-07 -3.613495e-08) 
( -8.731985e-08 2.671717e-07 -3.401307e-08) 
( -7.733317e-08 2.755187e-07 -2.985203e-08) 
( -3.912200e-07 2.665328e-08 -1.365208e-07) 
( -3.469093e-07 5.232868e-08 -1.179704e-07) 
( -3.032749e-07 9.035985e-08 -1.045579e-07) 
( -2.648575e-07 1.186843e-07 -8.855812e-08) 
( -2.379533e-07 1.327340e-07 -7.699370e-08) 
( -2.140672e-07 1.416237e-07 -7.031865e-08) 
( -1.904690e-07 1.571074e-07 -6.028111e-08) 
( -1.687240e-07 1.692869e-07 -5.349041e-08) 
( -1.598960e-07 1.727060e-07 -5.038286e-08) 
( -1.489514e-07 1.825202e-07 -4.818812e-08) 
( -1.363721e-07 1.963755e-07 -4.108959e-08) 
( -1.301968e-07 2.057480e-07 -3.768506e-08) 
( -1.257035e-07 2.160269e-07 -3.709307e-08) 
( -1.148144e-07 2.281181e-07 -3.479234e-08) 
( -1.085913e-07 2.347482e-07 -3.202692e-08) 
( -1.034027e-07 2.431778e-07 -3.000920e-08) 
( -9.381880e-08 2.530107e-07 -2.762192e-08) 
( -9.322214e-08 2.595542e-07 -2.406533e-08) 
( -8.380000e-08 2.701833e-07 -1.960367e-08) 
( -3.779780e-07 2.238225e-08 -6.770985e-08) 
( -3.534838e-07 5.591907e-08 -6.573666e-08) 
( -3.091585e-07 8.215181e-08 -6.264186e-08) 
( -2.620862e-07 1.072111e-07 -5.565059e-08) 
( -2.302151e-07 1.283265e-07 -4.915469e-08) 
( -2.064571e-07 1.397301e-07 -4.312170e-08) 
( -1.923372e-07 1.443225e-07 -3.944443e-08) 
( -1.718357e-07 1.577288e-07 -3.506993e-08) 
( -1.547135e-07 1.691796e-07 -3.176435e-08) 
( -1.502144e-07 1.725450e-07 -3.011558e-08) 
( -1.408767e-07 1.845737e-07 -2.863065e-08) 
( -1.303045e-07 1.994481e-07 -2.236704e-08) 
( -1.287423e-07 2.066048e-07 -2.364163e-08) 
( -1.198540e-07 2.198419e-07 -2.076878e-08) 
( -1.092326e-07 2.305489e-07 -1.788818e-08) 
( -1.089517e-07 2.357061e-07 -1.535217e-08) 
( -9.957024e-08 2.472980e-07 -1.233832e-08) 
( -9.402304e-08 2.557462e-07 -9.267446e-09) 
( -8.988561e-08 2.645104e-07 -5.932804e-09) 
( -3.735189e-07 1.990961e-08 -1.372013e-08) 
( -3.344457e-07 6.062188e-08 -1.206924e-08) 
( -3.027482e-07 8.033028e-08 -1.061442e-08) 
( -2.610244e-07 9.847475e-08 -9.155207e-09) 
( -2.295775e-07 1.203897e-07 -8.007994e-09) 
( -2.035914e-07 1.362175e-07 -7.502551e-09) 
( -1.888440e-07 1.405133e-07 -7.023795e-09) 
( -1.748340e-07 1.489514e-07 -6.535556e-09) 
( -1.580996e-07 1.612067e-07 -5.819494e-09) 
( -1.478222e-07 1.701495e-07 -4.554289e-09) 
( -1.439328e-07 1.769906e-07 -3.540305e-09) 
( -1.342887e-07 1.916970e-07 -3.290464e-09) 
( -1.284729e-07 2.031899e-07 -3.640138e-09) 
( -1.253190e-07 2.120420e-07 -2.367228e-09) 
( -1.157291e-07 2.252274e-07 -2.323701e-09) 
( -1.081500e-07 2.340104e-07 -1.985862e-09) 
( -1.062571e-07 2.415538e-07 -1.611656e-09) 
( -9.640200e-08 2.527636e-07 -8.401747e-10) 
( -9.493334e-08 2.593754e-07 -1.831711e-10) 
( -3.724061e-07 2.020119e-08 2.997586e-08) 
( -3.455668e-07 5.377166e-08 2.772340e-08) 
( -3.026719e-07 8.097338e-08 2.293111e-08) 
( -2.612322e-07 9.870923e-08 1.874947e-08) 
( -2.297572e-07 1.202724e-07 1.618853e-08) 
( -2.039762e-07 1.359271e-07 1.448742e-08) 
( -1.888564e-07 1.405084e-07 1.292756e-08) 
( -1.750060e-07 1.488497e-07 1.186951e-08) 
( -1.584745e-07 1.612958e-07 1.065059e-08) 
( -1.481909e-07 1.707349e-07 9.835107e-09) 
( -1.447003e-07 1.776956e-07 9.341963e-09) 
( -1.350360e-07 1.929050e-07 8.684144e-09) 
( -1.294186e-07 2.047159e-07 8.536376e-09) 
( -1.262474e-07 2.134012e-07 8.051061e-09) 
( -1.165724e-07 2.269170e-07 7.595263e-09) 
( -1.089262e-07 2.356926e-07 7.126995e-09) 
( -1.070271e-07 2.432831e-07 6.786299e-09) 
( -9.707331e-08 2.546381e-07 6.316616e-09) 
( -9.567026e-08 2.608444e-07 5.942022e-09) 
( -3.705738e-07 2.929788e-08 7.424901e-08) 
( -3.436841e-07 6.281582e-08 6.662273e-08) 
( -3.040804e-07 8.255857e-08 5.644581e-08) 
( -2.602674e-07 1.065719e-07 4.595499e-08) 
( -2.278084e-07 1.271152e-07 4.227275e-08) 
( -2.053182e-07 1.381365e-07 3.658397e-08) 
( -1.901516e-07 1.426950e-07 3.165620e-08) 
( -1.710521e-07 1.564186e-07 2.813488e-08) 
( -1.553289e-07 1.690279e-07 2.540608e-08) 
( -1.513646e-07 1.740059e-07 2.392034e-08) 
( -1.428455e-07 1.875888e-07 2.249551e-08) 
( -1.322207e-07 2.035322e-07 2.420494e-08) 
( -1.322938e-07 2.106572e-07 1.976448e-08) 
( -1.223630e-07 2.244630e-07 1.821055e-08) 
( -1.114911e-07 2.357312e-07 1.667895e-08) 
( -1.116173e-07 2.414819e-07 1.562419e-08) 
( -1.020405e-07 2.537239e-07 1.433274e-08) 
( -9.661199e-08 2.615496e-07 1.304695e-08) 
( -9.209752e-08 2.699078e-07 1.187475e-08) 
( -3.839637e-07 2.518330e-08 1.256704e-07) 
( -3.544402e-07 5.902124e-08 1.125018e-07) 
( -3.061545e-07 8.995150e-08 9.292713e-08) 
( -2.627812e-07 1.192169e-07 7.681959e-08) 
( -2.286886e-07 1.360374e-07 7.878173e-08) 
( -2.117426e-07 1.433001e-07 6.687604e-08) 
( -1.888434e-07 1.563561e-07 5.564605e-08) 
( -1.708205e-07 1.684503e-07 4.715139e-08) 
( -1.568536e-07 1.787963e-07 4.247722e-08) 
( -1.527006e-07 1.857240e-07 4.040687e-08) 
( -1.410810e-07 2.011233e-07 3.883762e-08) 
( -1.347717e-07 2.129893e-07 3.987149e-08) 
( -1.296736e-07 2.246542e-07 3.302387e-08) 
( -1.190380e-07 2.369250e-07 2.928804e-08) 
( -1.137861e-07 2.440103e-07 2.686034e-08) 
( -1.076477e-07 2.538946e-07 2.474919e-08) 
( -9.775913e-08 2.636159e-07 2.234957e-08) 
( -9.671128e-08 2.690362e-07 2.030638e-08) 
( -8.616271e-08 2.787284e-07 1.794871e-08) 
( -3.966247e-07 2.408753e-08 1.857505e-07) 
( -3.595915e-07 6.854586e-08 1.639588e-07) 
( -3.201521e-07 9.857498e-08 1.395559e-07) 
( -2.804518e-07 1.186954e-07 1.203615e-07) 
( -2.459888e-07 1.371411e-07 1.138771e-07) 
( -2.148441e-07 1.546780e-07 1.015711e-07) 
( -1.910578e-07 1.706147e-07 8.386829e-08) 
( -1.773789e-07 1.781030e-07 7.700471e-08) 
( -1.645660e-07 1.868848e-07 7.490618e-08) 
( -1.498870e-07 2.032375e-07 6.757155e-08) 
( -1.436317e-07 2.125319e-07 6.599827e-08) 
( -1.382923e-07 2.249599e-07 6.005161e-08) 
( -1.265757e-07 2.397443e-07 5.081430e-08) 
( -1.213110e-07 2.459781e-07 4.370030e-08) 
( -1.138948e-07 2.554206e-07 3.998047e-08) 
( -1.024060e-07 2.660644e-07 3.550839e-08) 
( -1.004241e-07 2.707328e-07 3.156158e-08) 
( -9.112860e-08 2.800212e-07 2.786653e-08) 
( -8.020577e-08 2.872369e-07 2.440274e-08) 
( -4.040323e-07 2.448543e-08 2.504098e-07) 
( -3.720590e-07 6.631981e-08 2.233968e-07) 
( -3.266782e-07 1.049994e-07 1.889043e-07) 
( -2.849122e-07 1.359898e-07 1.708697e-07) 
( -2.451120e-07 1.598901e-07 1.490116e-07) 
( -2.169405e-07 1.713757e-07 1.358509e-07) 
( -2.024250e-07 1.765457e-07 1.220162e-07) 
( -1.808972e-07 1.919870e-07 1.069205e-07) 
( -1.631089e-07 2.061433e-07 9.739796e-08) 
( -1.527834e-07 2.166079e-07 9.225794e-08) 
( -1.472578e-07 2.259865e-07 8.736172e-08) 
( -1.348861e-07 2.417795e-07 8.018962e-08) 
( -1.288622e-07 2.506967e-07 7.215924e-08) 
( -1.206221e-07 2.584250e-07 7.019326e-08) 
( -1.086359e-07 2.695333e-07 6.144853e-08) 
( -1.022439e-07 2.756498e-07 5.049483e-08) 
( -9.651628e-08 2.823247e-07 4.104181e-08) 
( -8.520235e-08 2.898293e-07 3.609372e-08) 
( -7.510868e-08 2.944117e-07 3.141016e-08) 
( -4.092462e-07 2.871603e-08 3.089318e-07) 
( -3.719310e-07 7.878582e-08 2.761686e-07) 
( -3.286867e-07 1.165674e-07 2.468397e-07) 
( -2.924339e-07 1.406452e-07 2.187774e-07) 
( -2.582905e-07 1.628392e-07 1.923431e-07) 
( -2.229475e-07 1.817974e-07 1.695951e-07) 
( -1.969262e-07 1.978782e-07 1.489881e-07) 
( -1.785545e-07 2.085885e-07 1.357593e-07) 
( -1.673640e-07 2.184036e-07 1.205446e-07) 
( -1.565898e-07 2.282433e-07 1.143673e-07) 
( -1.426847e-07 2.440400e-07 1.049373e-07) 
( -1.337992e-07 2.566625e-07 9.359487e-08) 
( -1.276322e-07 2.626073e-07 9.303250e-08) 
( -1.153689e-07 2.738436e-07 8.561638e-08) 
( -1.044095e-07 2.814543e-07 7.763688e-08) 
( -1.023265e-07 2.857701e-07 6.836159e-08) 
( -9.055379e-08 2.939161e-07 5.590984e-08) 
( -7.881969e-08 2.983980e-07 4.875650e-08) 
( -7.632251e-08 2.991845e-07 3.926600e-08) 
( -3.963236e-07 2.373380e-08 3.662673e-07) 
( -3.619149e-07 7.686750e-08 3.335196e-07) 
( -3.216145e-07 1.200672e-07 2.938827e-07) 
( -2.793166e-07 1.518855e-07 2.589010e-07) 
( -2.498508e-07 1.736606e-07 2.241680e-07) 
( -2.209056e-07 1.869409e-07 2.041460e-07) 
( -2.008494e-07 2.010049e-07 1.810890e-07) 
( -1.811585e-07 2.143573e-07 1.631785e-07) 
( -1.641819e-07 2.281136e-07 1.500371e-07) 
( -1.503385e-07 2.433860e-07 1.346626e-07) 
( -1.437638e-07 2.519215e-07 1.278741e-07) 
( -1.338471e-07 2.643724e-07 1.196501e-07) 
( -1.214164e-07 2.774178e-07 1.053781e-07) 
( -1.171604e-07 2.822437e-07 9.989766e-08) 
( -1.082304e-07 2.885970e-07 9.186349e-08) 
( -9.540389e-08 2.988891e-07 7.737936e-08) 
( -8.319361e-08 3.028872e-07 7.508392e-08) 
( -7.718984e-08 3.043020e-07 6.506374e-08) 
( -7.161230e-08 3.048104e-07 4.853859e-08) 
( -3.600626e-07 2.815200e-08 3.960465e-07) 
( -3.342004e-07 7.874312e-08 3.662744e-07) 
( -2.933482e-07 1.194411e-07 3.237864e-07) 
( -2.581647e-07 1.493301e-07 2.891224e-07) 
( -2.308204e-07 1.794044e-07 2.476935e-07) 
( -2.031930e-07 1.951444e-07 2.309114e-07) 
( -1.843049e-07 2.145969e-07 1.990993e-07) 
( -1.672458e-07 2.264963e-07 1.814948e-07) 
( -1.509026e-07 2.382290e-07 1.707234e-07) 
( -1.486263e-07 2.472644e-07 1.553912e-07) 
( -1.389725e-07 2.628177e-07 1.422272e-07) 
( -1.242572e-07 2.758167e-07 1.373158e-07) 
( -1.165069e-07 2.851110e-07 1.261161e-07) 
( -1.107988e-07 2.919669e-07 1.165740e-07) 
( -1.001244e-07 3.006147e-07 1.035655e-07) 
( -8.762334e-08 3.073512e-07 9.649477e-08) 
( -7.918183e-08 3.101833e-07 8.535674e-08) 
( -7.674219e-08 3.090026e-07 7.543009e-08) 
( -6.411135e-08 3.095235e-07 6.245085e-08) 
( -3.201282e-07 2.703823e-08 4.070796e-07) 
( -2.881690e-07 6.837631e-08 3.698127e-07) 
( -2.504899e-07 1.152486e-07 3.302243e-07) 
( -2.252659e-07 1.415671e-07 2.983074e-07) 
( -2.095149e-07 1.663763e-07 2.652442e-07) 
( -1.909831e-07 1.839798e-07 2.464986e-07) 
( -1.771238e-07 2.048617e-07 2.194943e-07) 
( -1.607370e-07 2.187411e-07 2.079443e-07) 
( -1.486472e-07 2.334436e-07 1.899277e-07) 
( -1.360494e-07 2.476091e-07 1.790604e-07) 
( -1.251430e-07 2.661080e-07 1.636668e-07) 
( -1.138973e-07 2.817795e-07 1.502762e-07) 
( -1.100829e-07 2.906867e-07 1.399081e-07) 
( -1.023310e-07 2.991328e-07 1.301230e-07) 
( -9.180345e-08 3.094721e-07 1.137764e-07) 
( -8.564431e-08 3.121022e-07 1.089775e-07) 
( -8.012679e-08 3.138430e-07 9.652552e-08) 
( -7.010513e-08 3.155914e-07 8.402912e-08) 
( -5.777349e-08 3.138288e-07 7.644851e-08) 
( -2.817352e-07 2.947205e-08 4.269815e-07) 
( -2.491973e-07 7.063266e-08 3.835013e-07) 
( -2.169617e-07 1.028665e-07 3.360155e-07) 
( -1.953413e-07 1.235807e-07 3.039263e-07) 
( -1.761029e-07 1.491247e-07 2.726778e-07) 
( -1.587983e-07 1.740927e-07 2.493326e-07) 
( -1.477642e-07 1.945564e-07 2.321558e-07) 
( -1.366045e-07 2.101760e-07 2.186876e-07) 
( -1.307697e-07 2.313324e-07 2.008597e-07) 
( -1.215691e-07 2.476863e-07 1.886621e-07) 
( -1.122110e-07 2.625608e-07 1.803483e-07) 
( -1.114529e-07 2.769939e-07 1.649846e-07) 
( -1.021854e-07 2.883462e-07 1.561812e-07) 
( -9.213602e-08 3.020085e-07 1.410597e-07) 
( -8.242953e-08 3.099954e-07 1.326656e-07) 
( -8.022143e-08 3.144069e-07 1.217519e-07) 
( -7.421913e-08 3.180260e-07 1.074353e-07) 
( -6.379133e-08 3.221915e-07 8.909039e-08) 
( -5.234875e-08 3.191757e-07 8.282098e-08) 
( -2.338695e-07 2.300515e-08 4.141580e-07) 
( -2.114870e-07 6.010130e-08 3.773371e-07) 
( -1.834186e-07 9.302811e-08 3.311088e-07) 
( -1.626795e-07 1.170608e-07 2.981488e-07) 
( -1.499068e-07 1.413806e-07 2.712940e-07) 
( -1.352927e-07 1.594896e-07 2.493365e-07) 
( -1.235824e-07 1.822565e-07 2.304426e-07) 
( -1.151529e-07 1.987956e-07 2.208338e-07) 
( -1.110811e-07 2.213712e-07 2.067035e-07) 
( -1.038730e-07 2.412477e-07 1.963403e-07) 
( -9.780656e-08 2.555117e-07 1.901482e-07) 
( -1.003336e-07 2.720827e-07 1.761816e-07) 
( -9.239439e-08 2.852455e-07 1.660343e-07) 
( -8.258784e-08 2.994210e-07 1.530585e-07) 
( -7.419743e-08 3.086669e-07 1.422638e-07) 
( -7.274530e-08 3.156470e-07 1.307209e-07) 
( -6.699322e-08 3.206082e-07 1.160824e-07) 
( -5.664725e-08 3.260319e-07 9.985709e-08) 
( -4.570580e-08 3.232634e-07 9.448459e-08) 
( -1.996782e-07 2.351824e-08 4.285034e-07) 
( -1.770844e-07 5.745064e-08 3.878479e-07) 
( -1.560388e-07 8.483999e-08 3.418464e-07) 
( -1.372265e-07 1.114684e-07 2.961795e-07) 
( -1.250704e-07 1.333360e-07 2.755348e-07) 
( -1.138509e-07 1.508700e-07 2.548366e-07) 
( -1.068578e-07 1.706894e-07 2.375466e-07) 
( -9.861506e-08 1.912411e-07 2.215473e-07) 
( -9.287600e-08 2.050532e-07 2.163319e-07) 
( -9.221534e-08 2.289825e-07 2.022270e-07) 
( -8.884570e-08 2.429413e-07 1.983880e-07) 
( -8.730820e-08 2.656194e-07 1.824262e-07) 
( -7.969328e-08 2.768435e-07 1.789394e-07) 
( -7.242320e-08 2.949417e-07 1.610133e-07) 
( -6.708675e-08 3.077587e-07 1.456808e-07) 
( -6.612221e-08 3.126460e-07 1.423360e-07) 
( -5.925555e-08 3.211659e-07 1.248976e-07) 
( -5.114200e-08 3.275596e-07 1.060306e-07) 
( -4.023377e-08 3.258631e-07 1.026328e-07) 
( -1.691078e-07 2.108193e-08 4.373977e-07) 
( -1.498919e-07 5.864146e-08 3.820958e-07) 
( -1.364509e-07 8.451852e-08 3.496564e-07) 
( -1.222544e-07 1.084517e-07 3.013103e-07) 
( -1.076667e-07 1.295860e-07 2.803237e-07) 
( -9.952601e-08 1.469210e-07 2.599942e-07) 
( -9.411419e-08 1.636424e-07 2.461184e-07) 
( -8.815202e-08 1.861740e-07 2.287254e-07) 
( -8.280505e-08 2.044875e-07 2.194511e-07) 
( -7.695668e-08 2.218424e-07 2.110629e-07) 
( -7.263511e-08 2.409233e-07 2.035826e-07) 
( -7.331604e-08 2.618583e-07 1.897565e-07) 
( -6.973907e-08 2.707478e-07 1.885879e-07) 
( -6.320056e-08 2.911359e-07 1.714609e-07) 
( -5.676472e-08 3.024166e-07 1.585875e-07) 
( -5.275261e-08 3.108099e-07 1.504071e-07) 
( -5.148907e-08 3.207318e-07 1.326753e-07) 
( -4.518852e-08 3.270902e-07 1.162032e-07) 
( -4.055888e-08 3.266535e-07 1.121414e-07) 
( -1.368096e-07 1.945453e-08 4.395415e-07) 
( -1.269555e-07 5.489674e-08 4.063276e-07) 
( -1.130929e-07 8.353535e-08 3.643497e-07) 
( -1.019307e-07 1.054943e-07 3.306680e-07) 
( -9.442099e-08 1.238924e-07 2.966478e-07) 
( -8.664375e-08 1.436637e-07 2.775724e-07) 
( -7.939754e-08 1.636371e-07 2.589617e-07) 
( -7.409871e-08 1.834218e-07 2.450773e-07) 
( -7.075140e-08 2.010046e-07 2.329019e-07) 
( -6.697652e-08 2.181144e-07 2.245488e-07) 
( -6.397780e-08 2.380336e-07 2.145241e-07) 
( -5.937447e-08 2.532471e-07 2.078241e-07) 
( -5.851261e-08 2.692363e-07 1.983039e-07) 
( -5.650988e-08 2.878340e-07 1.807987e-07) 
( -4.846085e-08 2.999376e-07 1.694077e-07) 
( -4.760933e-08 3.083629e-07 1.599836e-07) 
( -4.416629e-08 3.197345e-07 1.427161e-07) 
( -4.044250e-08 3.260651e-07 1.279980e-07) 
( -3.262078e-08 3.290817e-07 1.186884e-07) 
( -1.171986e-07 1.954781e-08 4.652863e-07) 
( -1.086082e-07 5.556207e-08 4.241465e-07) 
( -9.772020e-08 8.318298e-08 3.894254e-07) 
( -8.414076e-08 1.066707e-07 3.493333e-07) 
( -8.266756e-08 1.301784e-07 3.145479e-07) 
( -7.105900e-08 1.436666e-07 2.992062e-07) 
( -6.729210e-08 1.672356e-07 2.793700e-07) 
( -6.279078e-08 1.812780e-07 2.650723e-07) 
( -6.079075e-08 2.044702e-07 2.475740e-07) 
( -5.831775e-08 2.182761e-07 2.410936e-07) 
( -5.430178e-08 2.401692e-07 2.284596e-07) 
( -5.117083e-08 2.599183e-07 2.152318e-07) 
( -4.934285e-08 2.739593e-07 2.065892e-07) 
( -4.815620e-08 2.889357e-07 1.908513e-07) 
( -3.997490e-08 2.982361e-07 1.844097e-07) 
( -3.833221e-08 3.078893e-07 1.715396e-07) 
( -3.738858e-08 3.192130e-07 1.539441e-07) 
( -3.452462e-08 3.268277e-07 1.377102e-07) 
( -2.648955e-08 3.298989e-07 1.303127e-07) 
( -9.865983e-08 1.966728e-08 4.971472e-07) 
( -9.080976e-08 5.603236e-08 4.631425e-07) 
( -7.958431e-08 8.776061e-08 4.122075e-07) 
( -7.109973e-08 1.100093e-07 3.803350e-07) 
( -6.506220e-08 1.322003e-07 3.523772e-07) 
( -5.902397e-08 1.526974e-07 3.266953e-07) 
( -5.316684e-08 1.698198e-07 3.074045e-07) 
( -5.087526e-08 1.918903e-07 2.851993e-07) 
( -4.781007e-08 2.085546e-07 2.718185e-07) 
( -4.745214e-08 2.235408e-07 2.615954e-07) 
( -4.302530e-08 2.461521e-07 2.449101e-07) 
( -4.219382e-08 2.626671e-07 2.331942e-07) 
( -3.757383e-08 2.746549e-07 2.268495e-07) 
( -3.333481e-08 2.939379e-07 2.070870e-07) 
( -3.490255e-08 3.016364e-07 1.960048e-07) 
( -3.046757e-08 3.096190e-07 1.843761e-07) 
( -2.893847e-08 3.210448e-07 1.655319e-07) 
( -2.806067e-08 3.294903e-07 1.479360e-07) 
( -2.484820e-08 3.307352e-07 1.427953e-07) 
( -7.736591e-08 2.285646e-08 5.320417e-07) 
( -7.223045e-08 6.031942e-08 5.017842e-07) 
( -6.209649e-08 9.236768e-08 4.531467e-07) 
( -5.632515e-08 1.190624e-07 4.192494e-07) 
( -5.123384e-08 1.419384e-07 3.835749e-07) 
( -4.822157e-08 1.634955e-07 3.574670e-07) 
( -4.327510e-08 1.777698e-07 3.372910e-07) 
( -4.238492e-08 2.005289e-07 3.134070e-07) 
( -3.899159e-08 2.184774e-07 2.977600e-07) 
( -3.703898e-08 2.316612e-07 2.846050e-07) 
( -3.353990e-08 2.533462e-07 2.665472e-07) 
( -2.971564e-08 2.653784e-07 2.587226e-07) 
( -2.957311e-08 2.804428e-07 2.460452e-07) 
( -2.512897e-08 2.999371e-07 2.230316e-07) 
( -2.403587e-08 3.078776e-07 2.113739e-07) 
( -2.297933e-08 3.138467e-07 1.999386e-07) 
( -1.669075e-08 3.250081e-07 1.802671e-07) 
( -2.091504e-08 3.321528e-07 1.608416e-07) 
( -1.573024e-08 3.359137e-07 1.507769e-07) 
( -4.563483e-08 1.997345e-08 5.819696e-07) 
( -4.271657e-08 5.839576e-08 5.539268e-07) 
( -4.022397e-08 9.323280e-08 5.082122e-07) 
( -3.587107e-08 1.214941e-07 4.680888e-07) 
( -3.299150e-08 1.507034e-07 4.266120e-07) 
( -3.080353e-08 1.755416e-07 3.978745e-07) 
( -2.848500e-08 1.936516e-07 3.732670e-07) 
( -2.624074e-08 2.127630e-07 3.488221e-07) 
( -2.491157e-08 2.278436e-07 3.323557e-07) 
( -2.264972e-08 2.418501e-07 3.156862e-07) 
( -1.870713e-08 2.649501e-07 2.938943e-07) 
( -1.900515e-08 2.785020e-07 2.790506e-07) 
( -1.795783e-08 2.879309e-07 2.693008e-07) 
( -1.856377e-08 3.049272e-07 2.474402e-07) 
( -9.374796e-09 3.197989e-07 2.251429e-07) 
( -1.527732e-08 3.191187e-07 2.186283e-07) 
( -1.179621e-08 3.287015e-07 1.980026e-07) 
( -9.145845e-09 3.384196e-07 1.760553e-07) 
( -9.316397e-09 3.432218e-07 1.575008e-07) 
( -1.578734e-08 2.079343e-08 6.390164e-07) 
( -1.700680e-08 6.409073e-08 5.964066e-07) 
( -1.516754e-08 9.814192e-08 5.617960e-07) 
( -1.368804e-08 1.261705e-07 5.180948e-07) 
( -1.394855e-08 1.606411e-07 4.760156e-07) 
( -1.009294e-08 1.832740e-07 4.493277e-07) 
( -6.442416e-09 2.015840e-07 4.237435e-07) 
( -6.154924e-09 2.264048e-07 3.912772e-07) 
( -6.536941e-09 2.417231e-07 3.706626e-07) 
( -6.866472e-09 2.533983e-07 3.510390e-07) 
( -7.405360e-09 2.737165e-07 3.282156e-07) 
( -7.836966e-09 2.897997e-07 3.085731e-07) 
( -8.072525e-09 2.984147e-07 2.943999e-07) 
( -4.847604e-09 3.167760e-07 2.701209e-07) 
( -3.208104e-09 3.273673e-07 2.481274e-07) 
( -3.991947e-09 3.303499e-07 2.336752e-07) 
( -1.166132e-09 3.351288e-07 2.168126e-07) 
( -1.486498e-09 3.435151e-07 1.932837e-07) 
( 8.547516e-10 3.491420e-07 1.726270e-07) 
( 9.582829e-07 5.803310e-08 5.354616e-08) 
( 8.895839e-07 1.441710e-07 5.233850e-08) 
( 8.309912e-07 2.285453e-07 5.229948e-08) 
( 7.543823e-07 3.125502e-07 5.267909e-08) 
( 7.160995e-07 3.603449e-07 5.099705e-08) 
( 6.566173e-07 4.264802e-07 5.078902e-08) 
( 6.103567e-07 4.688419e-07 5.024663e-08) 
( 5.712870e-07 4.950294e-07 4.927346e-08) 
( 5.323773e-07 5.148760e-07 4.738886e-08) 
( 4.712862e-07 5.442928e-07 4.223413e-08) 
( 4.358779e-07 5.489087e-07 3.749293e-08) 
( 3.903729e-07 5.559748e-07 3.280644e-08) 
( 3.531142e-07 5.542028e-07 2.879234e-08) 
( 3.139855e-07 5.507048e-07 2.523824e-08) 
( 2.850506e-07 5.423931e-07 2.241659e-08) 
( 2.458845e-07 5.327964e-07 1.920095e-08) 
( 2.313531e-07 5.164434e-07 1.714104e-08) 
( 1.950325e-07 5.061310e-07 1.453660e-08) 
( 1.749346e-07 4.913689e-07 1.274162e-08) 
( 9.426809e-07 6.729115e-08 1.746200e-07) 
( 8.735411e-07 1.607264e-07 1.683222e-07) 
( 8.132571e-07 2.361504e-07 1.394333e-07) 
( 7.477155e-07 3.240436e-07 1.251586e-07) 
( 7.080082e-07 3.722405e-07 1.202286e-07) 
( 6.614618e-07 4.204701e-07 1.041627e-07) 
( 5.992713e-07 4.789645e-07 1.028183e-07) 
( 5.598438e-07 5.052665e-07 9.994489e-08) 
( 5.206101e-07 5.241892e-07 9.607564e-08) 
( 4.624247e-07 5.489105e-07 8.945999e-08) 
( 4.048112e-07 5.629800e-07 8.405733e-08) 
( 3.874255e-07 5.539564e-07 7.605469e-08) 
( 3.249202e-07 5.597719e-07 6.264497e-08) 
( 3.092008e-07 5.474001e-07 5.581483e-08) 
( 2.597221e-07 5.411101e-07 4.655662e-08) 
( 2.421606e-07 5.243552e-07 4.006372e-08) 
( 2.087730e-07 5.119117e-07 3.344364e-08) 
( 1.818672e-07 4.984014e-07 2.815861e-08) 
( 1.640230e-07 4.821813e-07 2.404201e-08) 
( 9.365443e-07 4.714597e-08 3.186929e-07) 
( 8.869978e-07 1.431048e-07 2.838608e-07) 
( 8.104733e-07 2.344870e-07 2.625084e-07) 
( 7.395116e-07 3.236062e-07 2.376576e-07) 
( 6.891273e-07 3.894755e-07 2.070042e-07) 
( 6.432572e-07 4.350710e-07 2.007383e-07) 
( 5.865978e-07 4.900720e-07 1.735125e-07) 
( 5.398993e-07 5.219308e-07 1.544912e-07) 
( 4.800446e-07 5.503618e-07 1.520375e-07) 
( 4.416222e-07 5.588489e-07 1.336633e-07) 
( 4.019792e-07 5.617810e-07 1.213052e-07) 
( 3.524848e-07 5.629183e-07 1.148520e-07) 
( 3.208360e-07 5.561634e-07 9.913673e-08) 
( 2.798301e-07 5.495389e-07 8.327216e-08) 
( 2.477092e-07 5.358440e-07 6.991508e-08) 
( 2.253339e-07 5.202333e-07 5.965075e-08) 
( 1.878512e-07 5.079741e-07 5.033797e-08) 
( 1.741073e-07 4.900828e-07 4.213960e-08) 
( 1.491936e-07 4.732109e-07 3.423370e-08) 
( 8.966622e-07 5.142032e-08 4.279089e-07) 
( 8.365077e-07 1.619216e-07 3.927249e-07) 
( 7.798435e-07 2.489642e-07 3.506326e-07) 
( 7.321460e-07 3.182040e-07 3.180457e-07) 
( 6.790837e-07 3.792965e-07 3.024082e-07) 
( 6.187696e-07 4.424985e-07 2.857522e-07) 
( 5.653894e-07 4.920255e-07 2.533333e-07) 
( 5.171285e-07 5.272117e-07 2.208592e-07) 
( 4.816019e-07 5.404667e-07 1.962520e-07) 
( 4.207856e-07 5.587452e-07 1.834761e-07) 
( 3.753464e-07 5.629377e-07 1.651091e-07) 
( 3.335457e-07 5.603964e-07 1.525471e-07) 
( 3.019943e-07 5.546528e-07 1.305399e-07) 
( 2.547971e-07 5.468926e-07 1.081543e-07) 
( 2.437397e-07 5.288772e-07 9.381111e-08) 
( 2.025387e-07 5.176067e-07 8.045883e-08) 
( 1.836556e-07 5.001793e-07 6.751477e-08) 
( 1.588611e-07 4.824626e-07 5.374622e-08) 
( 1.336263e-07 4.645779e-07 4.347536e-08) 
( 8.507213e-07 5.537976e-08 5.064843e-07) 
( 8.073353e-07 1.596747e-07 4.617396e-07) 
( 7.602677e-07 2.419410e-07 4.397260e-07) 
( 6.888013e-07 3.300039e-07 4.072651e-07) 
( 6.267757e-07 4.113926e-07 3.699390e-07) 
( 5.845126e-07 4.547192e-07 3.390723e-07) 
( 5.380539e-07 4.884068e-07 3.196432e-07) 
( 4.916859e-07 5.197186e-07 2.857410e-07) 
( 4.298964e-07 5.520387e-07 2.458695e-07) 
( 3.995297e-07 5.541149e-07 2.268446e-07) 
( 3.468850e-07 5.610396e-07 1.986107e-07) 
( 3.194896e-07 5.567521e-07 1.742478e-07) 
( 2.728245e-07 5.511586e-07 1.597348e-07) 
( 2.517498e-07 5.380836e-07 1.360745e-07) 
( 2.225250e-07 5.251933e-07 1.142128e-07) 
( 1.897292e-07 5.113903e-07 9.952399e-08) 
( 1.702547e-07 4.933014e-07 8.169175e-08) 
( 1.428969e-07 4.751533e-07 6.487854e-08) 
( 1.198025e-07 4.566898e-07 5.246693e-08) 
( 7.920253e-07 5.815860e-08 5.845657e-07) 
( 7.520986e-07 1.485136e-07 5.567615e-07) 
( 6.867607e-07 2.614945e-07 5.170513e-07) 
( 6.397159e-07 3.250587e-07 4.853097e-07) 
( 5.933573e-07 3.922369e-07 4.469222e-07) 
( 5.507815e-07 4.383428e-07 4.126586e-07) 
( 5.029550e-07 4.803796e-07 3.765493e-07) 
( 4.440057e-07 5.145115e-07 3.461129e-07) 
( 4.153848e-07 5.299267e-07 3.034735e-07) 
( 3.557751e-07 5.479138e-07 2.686408e-07) 
( 3.365456e-07 5.479462e-07 2.315112e-07) 
( 2.846288e-07 5.541843e-07 1.966034e-07) 
( 2.666681e-07 5.379611e-07 1.927097e-07) 
( 2.319704e-07 5.316182e-07 1.580493e-07) 
( 1.996102e-07 5.203604e-07 1.281675e-07) 
( 1.766178e-07 5.040242e-07 1.212478e-07) 
( 1.522439e-07 4.878986e-07 9.289802e-08) 
( 1.280578e-07 4.687114e-07 7.561879e-08) 
( 1.070159e-07 4.489934e-07 6.068386e-08) 
( 7.198217e-07 4.444531e-08 6.655928e-07) 
( 6.781417e-07 1.472909e-07 6.297934e-07) 
( 6.358451e-07 2.230616e-07 5.991965e-07) 
( 5.921308e-07 3.106317e-07 5.460678e-07) 
( 5.486337e-07 3.862302e-07 4.924029e-07) 
( 5.012709e-07 4.413234e-07 4.509290e-07) 
( 4.578439e-07 4.798215e-07 4.072492e-07) 
( 4.142347e-07 5.042201e-07 3.773016e-07) 
( 3.672479e-07 5.230195e-07 3.409609e-07) 
( 3.430134e-07 5.267434e-07 3.091701e-07) 
( 2.951856e-07 5.409578e-07 2.653040e-07) 
( 2.724568e-07 5.377781e-07 2.316437e-07) 
( 2.354966e-07 5.313297e-07 2.149619e-07) 
( 2.055682e-07 5.252196e-07 1.757886e-07) 
( 1.768527e-07 5.141516e-07 1.470165e-07) 
( 1.641939e-07 4.989561e-07 1.360024e-07) 
( 1.360214e-07 4.827206e-07 1.059413e-07) 
( 1.139008e-07 4.624373e-07 8.506878e-08) 
( 9.516027e-08 4.425350e-07 6.913866e-08) 
( 6.240503e-07 6.366123e-08 7.152621e-07) 
( 6.180174e-07 1.542550e-07 6.635995e-07) 
( 5.744153e-07 2.285480e-07 6.230622e-07) 
( 5.312224e-07 3.211760e-07 5.736984e-07) 
( 4.902343e-07 3.668950e-07 5.457998e-07) 
( 4.522288e-07 4.237499e-07 4.930736e-07) 
( 4.173060e-07 4.525653e-07 4.598187e-07) 
( 3.733732e-07 4.933241e-07 4.040778e-07) 
( 3.402394e-07 5.101725e-07 3.634890e-07) 
( 3.009067e-07 5.185863e-07 3.330725e-07) 
( 2.680151e-07 5.266412e-07 2.923011e-07) 
( 2.504347e-07 5.243733e-07 2.572759e-07) 
( 2.103043e-07 5.234612e-07 2.269096e-07) 
( 1.818417e-07 5.171531e-07 1.921994e-07) 
( 1.644558e-07 5.052957e-07 1.692572e-07) 
( 1.443756e-07 4.940684e-07 1.479760e-07) 
( 1.203364e-07 4.775405e-07 1.198345e-07) 
( 1.007419e-07 4.567691e-07 9.571877e-08) 
( 8.459001e-08 4.360554e-07 7.694165e-08) 
( 5.854771e-07 4.707545e-08 7.444776e-07) 
( 5.450109e-07 1.469103e-07 7.005204e-07) 
( 5.080964e-07 2.334416e-07 6.570616e-07) 
( 4.704016e-07 3.008503e-07 6.184783e-07) 
( 4.391681e-07 3.547921e-07 5.740659e-07) 
( 4.075073e-07 4.029695e-07 5.285171e-07) 
( 3.741360e-07 4.383416e-07 4.866045e-07) 
( 3.395732e-07 4.622127e-07 4.485498e-07) 
( 3.015431e-07 4.951101e-07 3.906793e-07) 
( 2.717566e-07 5.048353e-07 3.529390e-07) 
( 2.469141e-07 5.077662e-07 3.194078e-07) 
( 2.211470e-07 5.111693e-07 2.808706e-07) 
( 1.891322e-07 5.095135e-07 2.503136e-07) 
( 1.790011e-07 5.026773e-07 2.159958e-07) 
( 1.578155e-07 4.948489e-07 1.848976e-07) 
( 1.297321e-07 4.825545e-07 1.691638e-07) 
( 1.113832e-07 4.698566e-07 1.353724e-07) 
( 9.673216e-08 4.507997e-07 1.085684e-07) 
( 8.368765e-08 4.309380e-07 8.745857e-08) 
( 4.941253e-07 3.804160e-08 7.731875e-07) 
( 4.726060e-07 1.220325e-07 7.385036e-07) 
( 4.437806e-07 2.125881e-07 6.855302e-07) 
( 4.188984e-07 2.797292e-07 6.407710e-07) 
( 3.896713e-07 3.325707e-07 5.982927e-07) 
( 3.549746e-07 3.773294e-07 5.584132e-07) 
( 3.216199e-07 4.282297e-07 5.030388e-07) 
( 2.923866e-07 4.482971e-07 4.665592e-07) 
( 2.614726e-07 4.768824e-07 4.120837e-07) 
( 2.433317e-07 4.858805e-07 3.743975e-07) 
( 2.224680e-07 4.949893e-07 3.320412e-07) 
( 1.889637e-07 5.006370e-07 2.919886e-07) 
( 1.722549e-07 4.948758e-07 2.650573e-07) 
( 1.563703e-07 4.910472e-07 2.307548e-07) 
( 1.392315e-07 4.828721e-07 2.006108e-07) 
( 1.228965e-07 4.706452e-07 1.824903e-07) 
( 1.074199e-07 4.599671e-07 1.518681e-07) 
( 9.312375e-08 4.444181e-07 1.218835e-07) 
( 7.927534e-08 4.255852e-07 9.855369e-08) 
( 4.426639e-07 4.753875e-08 7.818873e-07) 
( 4.156979e-07 1.332516e-07 7.367670e-07) 
( 3.909491e-07 2.066582e-07 6.955912e-07) 
( 3.644730e-07 2.764535e-07 6.481925e-07) 
( 3.245314e-07 3.128383e-07 6.220884e-07) 
( 3.044825e-07 3.797153e-07 5.556096e-07) 
( 2.781758e-07 4.104784e-07 5.183336e-07) 
( 2.698131e-07 4.375040e-07 4.680898e-07) 
( 2.387194e-07 4.556314e-07 4.312528e-07) 
( 2.103575e-07 4.656664e-07 3.970778e-07) 
( 1.886176e-07 4.778551e-07 3.520390e-07) 
( 1.724238e-07 4.827774e-07 3.103667e-07) 
( 1.490217e-07 4.799358e-07 2.808849e-07) 
( 1.323923e-07 4.782223e-07 2.437471e-07) 
( 1.192049e-07 4.717110e-07 2.117838e-07) 
( 1.055963e-07 4.598088e-07 1.930896e-07) 
( 9.293058e-08 4.493454e-07 1.647568e-07) 
( 7.964690e-08 4.369488e-07 1.348949e-07) 
( 6.918445e-08 4.216320e-07 1.085635e-07) 
( 3.750260e-07 4.628720e-08 7.915336e-07) 
( 3.554237e-07 1.197311e-07 7.554955e-07) 
( 3.285700e-07 1.886285e-07 7.138651e-07) 
( 3.065353e-07 2.518765e-07 6.668335e-07) 
( 2.863319e-07 2.964435e-07 6.303876e-07) 
( 2.630691e-07 3.380906e-07 5.881446e-07) 
( 2.425482e-07 3.777252e-07 5.417117e-07) 
( 2.253437e-07 4.149325e-07 4.887824e-07) 
( 2.033793e-07 4.305845e-07 4.533046e-07) 
( 1.797605e-07 4.564373e-07 3.975712e-07) 
( 1.606580e-07 4.621155e-07 3.631846e-07) 
( 1.507330e-07 4.628479e-07 3.324864e-07) 
( 1.286155e-07 4.635178e-07 2.964852e-07) 
( 1.102927e-07 4.626814e-07 2.572738e-07) 
( 1.009224e-07 4.609385e-07 2.161092e-07) 
( 8.911641e-08 4.465072e-07 2.055879e-07) 
( 7.893722e-08 4.375854e-07 1.758380e-07) 
( 6.816016e-08 4.271207e-07 1.469602e-07) 
( 5.504889e-08 4.150047e-07 1.201807e-07) 
( 3.127096e-07 3.586858e-08 7.942193e-07) 
( 2.969764e-07 1.093421e-07 7.601199e-07) 
( 2.735548e-07 1.725236e-07 7.147045e-07) 
( 2.558204e-07 2.264322e-07 6.800789e-07) 
( 2.345322e-07 2.747053e-07 6.384350e-07) 
( 2.233763e-07 3.327588e-07 5.832636e-07) 
( 2.065329e-07 3.664955e-07 5.424461e-07) 
( 1.882437e-07 3.981642e-07 4.974886e-07) 
( 1.716989e-07 4.181035e-07 4.555599e-07) 
( 1.559498e-07 4.334020e-07 4.143279e-07) 
( 1.410100e-07 4.425583e-07 3.734317e-07) 
( 1.252893e-07 4.466370e-07 3.409361e-07) 
( 1.140997e-07 4.527246e-07 2.968596e-07) 
( 9.527984e-08 4.464140e-07 2.693737e-07) 
( 8.303202e-08 4.453651e-07 2.290215e-07) 
( 7.427360e-08 4.350522e-07 2.095081e-07) 
( 6.575790e-08 4.250973e-07 1.859705e-07) 
( 5.806745e-08 4.157289e-07 1.589092e-07) 
( 4.742659e-08 4.055807e-07 1.333549e-07) 
( 2.526594e-07 3.590614e-08 7.815242e-07) 
( 2.392389e-07 1.045092e-07 7.480326e-07) 
( 2.214422e-07 1.651348e-07 7.159726e-07) 
( 2.049741e-07 2.192374e-07 6.712409e-07) 
( 1.962719e-07 2.691315e-07 6.313738e-07) 
( 1.853023e-07 3.150306e-07 5.839386e-07) 
( 1.720982e-07 3.465789e-07 5.453568e-07) 
( 1.534612e-07 3.692597e-07 5.090087e-07) 
( 1.456339e-07 3.939463e-07 4.647011e-07) 
( 1.272356e-07 4.071395e-07 4.281134e-07) 
( 1.169237e-07 4.223805e-07 3.833130e-07) 
( 9.934618e-08 4.261038e-07 3.489665e-07) 
( 9.448305e-08 4.344898e-07 3.049017e-07) 
( 8.569552e-08 4.298639e-07 2.806505e-07) 
( 6.692395e-08 4.305152e-07 2.380695e-07) 
( 6.036977e-08 4.230115e-07 2.149354e-07) 
( 5.350838e-08 4.129328e-07 1.952369e-07) 
( 4.773830e-08 4.053649e-07 1.667832e-07) 
( 4.248780e-08 3.973926e-07 1.427983e-07) 
( 1.949618e-07 2.870044e-08 7.778680e-07) 
( 1.867171e-07 9.525368e-08 7.485539e-07) 
( 1.773824e-07 1.546173e-07 7.066409e-07) 
( 1.690298e-07 2.058952e-07 6.660945e-07) 
( 1.564891e-07 2.578885e-07 6.203640e-07) 
( 1.448311e-07 2.928121e-07 5.834428e-07) 
( 1.345852e-07 3.247507e-07 5.431299e-07) 
( 1.259420e-07 3.563902e-07 4.987452e-07) 
( 1.105336e-07 3.705416e-07 4.658917e-07) 
( 1.036542e-07 3.905682e-07 4.236220e-07) 
( 9.089856e-08 4.000020e-07 3.887901e-07) 
( 7.929590e-08 4.061137e-07 3.523630e-07) 
( 7.267307e-08 4.115921e-07 3.170903e-07) 
( 6.391274e-08 4.087432e-07 2.913038e-07) 
( 5.370314e-08 4.140971e-07 2.462278e-07) 
( 4.770364e-08 4.104259e-07 2.186142e-07) 
( 4.144167e-08 4.011554e-07 2.024477e-07) 
( 3.789933e-08 3.952452e-07 1.751394e-07) 
( 3.416961e-08 3.890307e-07 1.507820e-07) 
( 1.447412e-07 2.895533e-08 7.613696e-07) 
( 1.407417e-07 9.317954e-08 7.248518e-07) 
( 1.374301e-07 1.476538e-07 6.895656e-07) 
( 1.290543e-07 1.970764e-07 6.482514e-07) 
( 1.190536e-07 2.353644e-07 6.124014e-07) 
( 1.072143e-07 2.686611e-07 5.739188e-07) 
( 9.839268e-08 3.042784e-07 5.331787e-07) 
( 9.169382e-08 3.318582e-07 4.940261e-07) 
( 8.702574e-08 3.515814e-07 4.559217e-07) 
( 7.888418e-08 3.662899e-07 4.228522e-07) 
( 7.399037e-08 3.857850e-07 3.792307e-07) 
( 6.125038e-08 3.857253e-07 3.540823e-07) 
( 5.765222e-08 3.953115e-07 3.126366e-07) 
( 4.919471e-08 3.935964e-07 2.870719e-07) 
( 3.937286e-08 3.925989e-07 2.572579e-07) 
( 3.578472e-08 3.960113e-07 2.224165e-07) 
( 3.213664e-08 3.915600e-07 1.998325e-07) 
( 2.616619e-08 3.838151e-07 1.840862e-07) 
( 2.630468e-08 3.804597e-07 1.588677e-07) 
( 1.039402e-07 2.416008e-08 7.447541e-07) 
( 9.568340e-08 7.778185e-08 7.139657e-07) 
( 8.956932e-08 1.327556e-07 6.742630e-07) 
( 8.547824e-08 1.851655e-07 6.304206e-07) 
( 7.732346e-08 2.175895e-07 5.938153e-07) 
( 7.195714e-08 2.480434e-07 5.579135e-07) 
( 6.695049e-08 2.782878e-07 5.176701e-07) 
( 6.252821e-08 3.049699e-07 4.811392e-07) 
( 5.444863e-08 3.296739e-07 4.414251e-07) 
( 5.220285e-08 3.385768e-07 4.157425e-07) 
( 4.488609e-08 3.559594e-07 3.789551e-07) 
( 4.423732e-08 3.633759e-07 3.521513e-07) 
( 4.175904e-08 3.734248e-07 3.161051e-07) 
( 3.423475e-08 3.742766e-07 2.867592e-07) 
( 2.630364e-08 3.715408e-07 2.639508e-07) 
( 2.327546e-08 3.768297e-07 2.321131e-07) 
( 2.170329e-08 3.787315e-07 2.047906e-07) 
( 1.986929e-08 3.742933e-07 1.874667e-07) 
( 1.636132e-08 3.706150e-07 1.704928e-07) 
( 6.559510e-08 2.976691e-08 7.099004e-07) 
( 6.006074e-08 7.829664e-08 6.878482e-07) 
( 5.381169e-08 1.252853e-07 6.407937e-07) 
( 5.046254e-08 1.647871e-07 6.047757e-07) 
( 4.617512e-08 1.973468e-07 5.684491e-07) 
( 4.346474e-08 2.214992e-07 5.345595e-07) 
( 3.898053e-08 2.569522e-07 4.908925e-07) 
( 3.490618e-08 2.680410e-07 4.656326e-07) 
( 3.338046e-08 2.971522e-07 4.255609e-07) 
( 3.267672e-08 3.125542e-07 3.989949e-07) 
( 3.073296e-08 3.261465e-07 3.711204e-07) 
( 2.569051e-08 3.360119e-07 3.460937e-07) 
( 2.031437e-08 3.447871e-07 3.191732e-07) 
( 2.006818e-08 3.581697e-07 2.815483e-07) 
( 1.108823e-08 3.518985e-07 2.676254e-07) 
( 9.692733e-09 3.554960e-07 2.417432e-07) 
( 9.837655e-09 3.639218e-07 2.094589e-07) 
( 9.844472e-09 3.642352e-07 1.910241e-07) 
( 9.768462e-09 3.614120e-07 1.789194e-07) 
( 1.072070e-08 1.934435e-08 6.815786e-07) 
( 1.618648e-08 6.066636e-08 6.493416e-07) 
( 1.429875e-08 1.016988e-07 6.117175e-07) 
( 1.410336e-08 1.394973e-07 5.718881e-07) 
( 1.380606e-08 1.753056e-07 5.319676e-07) 
( 1.177792e-08 2.081252e-07 4.887124e-07) 
( 8.652277e-09 2.235437e-07 4.634361e-07) 
( 6.502946e-09 2.395304e-07 4.338885e-07) 
( 7.358004e-09 2.711606e-07 3.959156e-07) 
( 7.587943e-09 2.805410e-07 3.784094e-07) 
( 9.057021e-09 2.979326e-07 3.525913e-07) 
( 1.003134e-08 3.151519e-07 3.274178e-07) 
( 8.724459e-09 3.227970e-07 3.099632e-07) 
( 9.055191e-09 3.349103e-07 2.829532e-07) 
( 9.215868e-09 3.409463e-07 2.614803e-07) 
( 9.255126e-09 3.426625e-07 2.443217e-07) 
( 9.376178e-09 3.470063e-07 2.217919e-07) 
( 9.556759e-09 3.535376e-07 1.975545e-07) 
( 9.642112e-09 3.567127e-07 1.768294e-07) 
