( 2.016617e-08 0 -6.770930e-07) 
( 2.016617e-08 0 -6.770930e-07) 
( 2.016617e-08 0 -6.770930e-07) 
( 2.016617e-08 0 -6.770930e-07) 
( 2.016617e-08 0 -6.770930e-07) 
( 2.016617e-08 0 -6.770930e-07) 
( 2.016617e-08 0 -6.770930e-07) 
( 2.016617e-08 0 -6.770930e-07) 
( 2.016617e-08 0 -6.770930e-07) 
( 5.687700e-08 0 -6.976752e-07) 
( 5.687700e-08 0 -6.976752e-07) 
( 5.687700e-08 0 -6.976752e-07) 
( 5.687700e-08 0 -6.976752e-07) 
( 5.687700e-08 0 -6.976752e-07) 
( 5.687700e-08 0 -6.976752e-07) 
( 5.687700e-08 0 -6.976752e-07) 
( 5.687700e-08 0 -6.976752e-07) 
( 5.687700e-08 0 -6.976752e-07) 
( 9.914893e-08 0 -7.156603e-07) 
( 9.914893e-08 0 -7.156603e-07) 
( 9.914893e-08 0 -7.156603e-07) 
( 9.914893e-08 0 -7.156603e-07) 
( 9.914893e-08 0 -7.156603e-07) 
( 9.914893e-08 0 -7.156603e-07) 
( 9.914893e-08 0 -7.156603e-07) 
( 9.914893e-08 0 -7.156603e-07) 
( 9.914893e-08 0 -7.156603e-07) 
( 1.451892e-07 0 -7.391142e-07) 
( 1.451892e-07 0 -7.391142e-07) 
( 1.451892e-07 0 -7.391142e-07) 
( 1.451892e-07 0 -7.391142e-07) 
( 1.451892e-07 0 -7.391142e-07) 
( 1.451892e-07 0 -7.391142e-07) 
( 1.451892e-07 0 -7.391142e-07) 
( 1.451892e-07 0 -7.391142e-07) 
( 1.451892e-07 0 -7.391142e-07) 
( 1.918950e-07 0 -7.489755e-07) 
( 1.918950e-07 0 -7.489755e-07) 
( 1.918950e-07 0 -7.489755e-07) 
( 1.918950e-07 0 -7.489755e-07) 
( 1.918950e-07 0 -7.489755e-07) 
( 1.918950e-07 0 -7.489755e-07) 
( 1.918950e-07 0 -7.489755e-07) 
( 1.918950e-07 0 -7.489755e-07) 
( 1.918950e-07 0 -7.489755e-07) 
( 2.407084e-07 0 -7.472801e-07) 
( 2.407084e-07 0 -7.472801e-07) 
( 2.407084e-07 0 -7.472801e-07) 
( 2.407084e-07 0 -7.472801e-07) 
( 2.407084e-07 0 -7.472801e-07) 
( 2.407084e-07 0 -7.472801e-07) 
( 2.407084e-07 0 -7.472801e-07) 
( 2.407084e-07 0 -7.472801e-07) 
( 2.407084e-07 0 -7.472801e-07) 
( 2.967621e-07 0 -7.609776e-07) 
( 2.967621e-07 0 -7.609776e-07) 
( 2.967621e-07 0 -7.609776e-07) 
( 2.967621e-07 0 -7.609776e-07) 
( 2.967621e-07 0 -7.609776e-07) 
( 2.967621e-07 0 -7.609776e-07) 
( 2.967621e-07 0 -7.609776e-07) 
( 2.967621e-07 0 -7.609776e-07) 
( 2.967621e-07 0 -7.609776e-07) 
( 3.556824e-07 0 -7.583983e-07) 
( 3.556824e-07 0 -7.583983e-07) 
( 3.556824e-07 0 -7.583983e-07) 
( 3.556824e-07 0 -7.583983e-07) 
( 3.556824e-07 0 -7.583983e-07) 
( 3.556824e-07 0 -7.583983e-07) 
( 3.556824e-07 0 -7.583983e-07) 
( 3.556824e-07 0 -7.583983e-07) 
( 3.556824e-07 0 -7.583983e-07) 
( 4.212975e-07 0 -7.640081e-07) 
( 4.212975e-07 0 -7.640081e-07) 
( 4.212975e-07 0 -7.640081e-07) 
( 4.212975e-07 0 -7.640081e-07) 
( 4.212975e-07 0 -7.640081e-07) 
( 4.212975e-07 0 -7.640081e-07) 
( 4.212975e-07 0 -7.640081e-07) 
( 4.212975e-07 0 -7.640081e-07) 
( 4.212975e-07 0 -7.640081e-07) 
( 4.970527e-07 0 -7.587149e-07) 
( 4.970527e-07 0 -7.587149e-07) 
( 4.970527e-07 0 -7.587149e-07) 
( 4.970527e-07 0 -7.587149e-07) 
( 4.970527e-07 0 -7.587149e-07) 
( 4.970527e-07 0 -7.587149e-07) 
( 4.970527e-07 0 -7.587149e-07) 
( 4.970527e-07 0 -7.587149e-07) 
( 4.970527e-07 0 -7.587149e-07) 
( 5.718182e-07 0 -7.497564e-07) 
( 5.718182e-07 0 -7.497564e-07) 
( 5.718182e-07 0 -7.497564e-07) 
( 5.718182e-07 0 -7.497564e-07) 
( 5.718182e-07 0 -7.497564e-07) 
( 5.718182e-07 0 -7.497564e-07) 
( 5.718182e-07 0 -7.497564e-07) 
( 5.718182e-07 0 -7.497564e-07) 
( 5.718182e-07 0 -7.497564e-07) 
( 6.585129e-07 0 -7.200188e-07) 
( 6.585129e-07 0 -7.200188e-07) 
( 6.585129e-07 0 -7.200188e-07) 
( 6.585129e-07 0 -7.200188e-07) 
( 6.585129e-07 0 -7.200188e-07) 
( 6.585129e-07 0 -7.200188e-07) 
( 6.585129e-07 0 -7.200188e-07) 
( 6.585129e-07 0 -7.200188e-07) 
( 6.585129e-07 0 -7.200188e-07) 
( 7.337131e-07 0 -6.751694e-07) 
( 7.337131e-07 0 -6.751694e-07) 
( 7.337131e-07 0 -6.751694e-07) 
( 7.337131e-07 0 -6.751694e-07) 
( 7.337131e-07 0 -6.751694e-07) 
( 7.337131e-07 0 -6.751694e-07) 
( 7.337131e-07 0 -6.751694e-07) 
( 7.337131e-07 0 -6.751694e-07) 
( 7.337131e-07 0 -6.751694e-07) 
( 8.070951e-07 0 -6.141166e-07) 
( 8.070951e-07 0 -6.141166e-07) 
( 8.070951e-07 0 -6.141166e-07) 
( 8.070951e-07 0 -6.141166e-07) 
( 8.070951e-07 0 -6.141166e-07) 
( 8.070951e-07 0 -6.141166e-07) 
( 8.070951e-07 0 -6.141166e-07) 
( 8.070951e-07 0 -6.141166e-07) 
( 8.070951e-07 0 -6.141166e-07) 
( 8.735097e-07 0 -5.296554e-07) 
( 8.735097e-07 0 -5.296554e-07) 
( 8.735097e-07 0 -5.296554e-07) 
( 8.735097e-07 0 -5.296554e-07) 
( 8.735097e-07 0 -5.296554e-07) 
( 8.735097e-07 0 -5.296554e-07) 
( 8.735097e-07 0 -5.296554e-07) 
( 8.735097e-07 0 -5.296554e-07) 
( 8.735097e-07 0 -5.296554e-07) 
( 9.422919e-07 0 -4.352939e-07) 
( 9.422919e-07 0 -4.352939e-07) 
( 9.422919e-07 0 -4.352939e-07) 
( 9.422919e-07 0 -4.352939e-07) 
( 9.422919e-07 0 -4.352939e-07) 
( 9.422919e-07 0 -4.352939e-07) 
( 9.422919e-07 0 -4.352939e-07) 
( 9.422919e-07 0 -4.352939e-07) 
( 9.422919e-07 0 -4.352939e-07) 
( 9.898081e-07 0 -3.234976e-07) 
( 9.898081e-07 0 -3.234976e-07) 
( 9.898081e-07 0 -3.234976e-07) 
( 9.898081e-07 0 -3.234976e-07) 
( 9.898081e-07 0 -3.234976e-07) 
( 9.898081e-07 0 -3.234976e-07) 
( 9.898081e-07 0 -3.234976e-07) 
( 9.898081e-07 0 -3.234976e-07) 
( 9.898081e-07 0 -3.234976e-07) 
( 1.022374e-06 0 -1.997288e-07) 
( 1.022374e-06 0 -1.997288e-07) 
( 1.022374e-06 0 -1.997288e-07) 
( 1.022374e-06 0 -1.997288e-07) 
( 1.022374e-06 0 -1.997288e-07) 
( 1.022374e-06 0 -1.997288e-07) 
( 1.022374e-06 0 -1.997288e-07) 
( 1.022374e-06 0 -1.997288e-07) 
( 1.022374e-06 0 -1.997288e-07) 
( 1.023063e-06 0 -6.800145e-08) 
( 1.023063e-06 0 -6.800145e-08) 
( 1.023063e-06 0 -6.800145e-08) 
( 1.023063e-06 0 -6.800145e-08) 
( 1.023063e-06 0 -6.800145e-08) 
( 1.023063e-06 0 -6.800145e-08) 
( 1.023063e-06 0 -6.800145e-08) 
( 1.023063e-06 0 -6.800145e-08) 
( 1.023063e-06 0 -6.800145e-08) 
( -1.922151e-08 0 -6.453753e-07) 
( -1.922151e-08 0 -6.453753e-07) 
( -1.922151e-08 0 -6.453753e-07) 
( -1.922151e-08 0 -6.453753e-07) 
( -1.922151e-08 0 -6.453753e-07) 
( -1.922151e-08 0 -6.453753e-07) 
( -1.922151e-08 0 -6.453753e-07) 
( -1.922151e-08 0 -6.453753e-07) 
( -1.922151e-08 0 -6.453753e-07) 
( -5.065820e-08 0 -6.213929e-07) 
( -5.065820e-08 0 -6.213929e-07) 
( -5.065820e-08 0 -6.213929e-07) 
( -5.065820e-08 0 -6.213929e-07) 
( -5.065820e-08 0 -6.213929e-07) 
( -5.065820e-08 0 -6.213929e-07) 
( -5.065820e-08 0 -6.213929e-07) 
( -5.065820e-08 0 -6.213929e-07) 
( -5.065820e-08 0 -6.213929e-07) 
( -8.367630e-08 0 -6.039485e-07) 
( -8.367630e-08 0 -6.039485e-07) 
( -8.367630e-08 0 -6.039485e-07) 
( -8.367630e-08 0 -6.039485e-07) 
( -8.367630e-08 0 -6.039485e-07) 
( -8.367630e-08 0 -6.039485e-07) 
( -8.367630e-08 0 -6.039485e-07) 
( -8.367630e-08 0 -6.039485e-07) 
( -8.367630e-08 0 -6.039485e-07) 
( -1.108368e-07 0 -5.642566e-07) 
( -1.108368e-07 0 -5.642566e-07) 
( -1.108368e-07 0 -5.642566e-07) 
( -1.108368e-07 0 -5.642566e-07) 
( -1.108368e-07 0 -5.642566e-07) 
( -1.108368e-07 0 -5.642566e-07) 
( -1.108368e-07 0 -5.642566e-07) 
( -1.108368e-07 0 -5.642566e-07) 
( -1.108368e-07 0 -5.642566e-07) 
( -1.347934e-07 0 -5.260873e-07) 
( -1.347941e-07 0 -5.260893e-07) 
( -1.347941e-07 0 -5.260893e-07) 
( -1.347934e-07 0 -5.260873e-07) 
( -1.347934e-07 0 -5.260873e-07) 
( -1.347934e-07 0 -5.260873e-07) 
( -1.347934e-07 0 -5.260873e-07) 
( -1.347934e-07 0 -5.260873e-07) 
( -1.347934e-07 0 -5.260873e-07) 
( -1.614932e-07 0 -5.013437e-07) 
( -1.614899e-07 0 -5.013348e-07) 
( -1.614932e-07 0 -5.013437e-07) 
( -1.614932e-07 0 -5.013437e-07) 
( -1.614932e-07 0 -5.013437e-07) 
( -1.614932e-07 0 -5.013437e-07) 
( -1.614932e-07 0 -5.013437e-07) 
( -1.614932e-07 0 -5.013437e-07) 
( -1.614932e-07 0 -5.013437e-07) 
( -1.853835e-07 0 -4.753734e-07) 
( -1.853835e-07 0 -4.753734e-07) 
( -1.853835e-07 0 -4.753734e-07) 
( -1.853835e-07 0 -4.753734e-07) 
( -1.853835e-07 0 -4.753734e-07) 
( -1.853835e-07 0 -4.753734e-07) 
( -1.853835e-07 0 -4.753734e-07) 
( -1.853835e-07 0 -4.753734e-07) 
( -1.853835e-07 0 -4.753734e-07) 
( -2.126003e-07 0 -4.533029e-07) 
( -2.126003e-07 0 -4.533029e-07) 
( -2.126003e-07 0 -4.533029e-07) 
( -2.126003e-07 0 -4.533029e-07) 
( -2.126003e-07 0 -4.533029e-07) 
( -2.126003e-07 0 -4.533029e-07) 
( -2.126003e-07 0 -4.533029e-07) 
( -2.126003e-07 0 -4.533029e-07) 
( -2.126003e-07 0 -4.533029e-07) 
( -2.411388e-07 0 -4.372966e-07) 
( -2.411388e-07 0 -4.372966e-07) 
( -2.411388e-07 0 -4.372966e-07) 
( -2.411388e-07 0 -4.372966e-07) 
( -2.411388e-07 0 -4.372966e-07) 
( -2.411388e-07 0 -4.372966e-07) 
( -2.411388e-07 0 -4.372966e-07) 
( -2.411388e-07 0 -4.372966e-07) 
( -2.411388e-07 0 -4.372966e-07) 
( -2.700735e-07 0 -4.122489e-07) 
( -2.700735e-07 0 -4.122489e-07) 
( -2.700735e-07 0 -4.122489e-07) 
( -2.700735e-07 0 -4.122489e-07) 
( -2.700735e-07 0 -4.122489e-07) 
( -2.700735e-07 0 -4.122489e-07) 
( -2.700735e-07 0 -4.122489e-07) 
( -2.700735e-07 0 -4.122489e-07) 
( -2.700735e-07 0 -4.122489e-07) 
( -3.059350e-07 0 -4.011304e-07) 
( -3.059350e-07 0 -4.011304e-07) 
( -3.059350e-07 0 -4.011304e-07) 
( -3.059350e-07 0 -4.011304e-07) 
( -3.059350e-07 0 -4.011304e-07) 
( -3.059350e-07 0 -4.011304e-07) 
( -3.059350e-07 0 -4.011304e-07) 
( -3.059350e-07 0 -4.011304e-07) 
( -3.059350e-07 0 -4.011304e-07) 
( -3.400429e-07 0 -3.717999e-07) 
( -3.400429e-07 0 -3.717999e-07) 
( -3.400429e-07 0 -3.717999e-07) 
( -3.400429e-07 0 -3.717999e-07) 
( -3.400429e-07 0 -3.717999e-07) 
( -3.400429e-07 0 -3.717999e-07) 
( -3.400429e-07 0 -3.717999e-07) 
( -3.400429e-07 0 -3.717999e-07) 
( -3.399607e-07 0 -3.716587e-07) 
( -3.670616e-07 0 -3.378257e-07) 
( -3.670616e-07 0 -3.378257e-07) 
( -3.670616e-07 0 -3.378257e-07) 
( -3.670616e-07 0 -3.378257e-07) 
( -3.670616e-07 0 -3.378257e-07) 
( -3.670616e-07 0 -3.378257e-07) 
( -3.671199e-07 0 -3.379390e-07) 
( -3.671199e-07 0 -3.379390e-07) 
( -3.671199e-07 0 -3.379390e-07) 
( -3.900254e-07 0 -2.967693e-07) 
( -3.900254e-07 0 -2.967693e-07) 
( -3.900254e-07 0 -2.967693e-07) 
( -3.900254e-07 0 -2.967693e-07) 
( -3.900254e-07 0 -2.967693e-07) 
( -3.900254e-07 0 -2.967693e-07) 
( -3.900254e-07 0 -2.967693e-07) 
( -3.900254e-07 0 -2.967693e-07) 
( -3.900254e-07 0 -2.967693e-07) 
( -4.091694e-07 0 -2.481032e-07) 
( -4.091694e-07 0 -2.481032e-07) 
( -4.091694e-07 0 -2.481032e-07) 
( -4.091694e-07 0 -2.481032e-07) 
( -4.091694e-07 0 -2.481032e-07) 
( -4.091694e-07 0 -2.481032e-07) 
( -4.091694e-07 0 -2.481032e-07) 
( -4.091694e-07 0 -2.481032e-07) 
( -4.091694e-07 0 -2.481032e-07) 
( -4.163280e-07 0 -1.923293e-07) 
( -4.163280e-07 0 -1.923293e-07) 
( -4.163280e-07 0 -1.923293e-07) 
( -4.163280e-07 0 -1.923293e-07) 
( -4.163280e-07 0 -1.923293e-07) 
( -4.163280e-07 0 -1.923293e-07) 
( -4.163280e-07 0 -1.923293e-07) 
( -4.163280e-07 0 -1.923293e-07) 
( -4.163280e-07 0 -1.923293e-07) 
( -4.147118e-07 0 -1.355405e-07) 
( -4.137675e-07 0 -1.352350e-07) 
( -4.137675e-07 0 -1.352350e-07) 
( -4.147118e-07 0 -1.355405e-07) 
( -4.147118e-07 0 -1.355405e-07) 
( -4.147118e-07 0 -1.355405e-07) 
( -4.147118e-07 0 -1.355405e-07) 
( -4.147118e-07 0 -1.355405e-07) 
( -4.147118e-07 0 -1.355405e-07) 
( -4.171931e-07 0 -8.154510e-08) 
( -4.171931e-07 0 -8.154510e-08) 
( -4.171931e-07 0 -8.154510e-08) 
( -4.171931e-07 0 -8.154510e-08) 
( -4.171931e-07 0 -8.154510e-08) 
( -4.171931e-07 0 -8.154510e-08) 
( -4.171931e-07 0 -8.154510e-08) 
( -4.171931e-07 0 -8.154510e-08) 
( -4.171931e-07 0 -8.154510e-08) 
( -4.065285e-07 0 -2.702790e-08) 
( -4.064152e-07 0 -2.696538e-08) 
( -4.064152e-07 0 -2.696538e-08) 
( -4.065285e-07 0 -2.702790e-08) 
( -4.065285e-07 0 -2.702790e-08) 
( -4.065285e-07 0 -2.702790e-08) 
( -4.065285e-07 0 -2.702790e-08) 
( -4.065285e-07 0 -2.702790e-08) 
( -4.065285e-07 0 -2.702790e-08) 
( -4.037415e-07 0 2.684261e-08) 
( -4.038978e-07 0 2.690600e-08) 
( -4.038978e-07 0 2.690600e-08) 
( -4.037415e-07 0 2.684261e-08) 
( -4.037415e-07 0 2.684261e-08) 
( -4.037415e-07 0 2.684261e-08) 
( -4.037415e-07 0 2.684261e-08) 
( -4.037415e-07 0 2.684261e-08) 
( -4.037415e-07 0 2.684261e-08) 
( -4.086144e-07 0 7.985191e-08) 
( -4.086144e-07 0 7.985191e-08) 
( -4.086144e-07 0 7.985191e-08) 
( -4.086144e-07 0 7.985191e-08) 
( -4.086144e-07 0 7.985191e-08) 
( -4.086144e-07 0 7.985191e-08) 
( -4.086144e-07 0 7.985191e-08) 
( -4.086144e-07 0 7.985191e-08) 
( -4.086144e-07 0 7.985191e-08) 
( -4.081540e-07 0 1.333021e-07) 
( -4.081540e-07 0 1.333021e-07) 
( -4.081540e-07 0 1.333021e-07) 
( -4.081540e-07 0 1.333021e-07) 
( -4.081540e-07 0 1.333021e-07) 
( -4.081540e-07 0 1.333021e-07) 
( -4.081540e-07 0 1.333021e-07) 
( -4.081540e-07 0 1.333021e-07) 
( -4.081540e-07 0 1.333021e-07) 
( -4.249329e-07 0 1.963055e-07) 
( -4.249329e-07 0 1.963055e-07) 
( -4.249329e-07 0 1.963055e-07) 
( -4.249329e-07 0 1.963055e-07) 
( -4.249329e-07 0 1.963055e-07) 
( -4.249329e-07 0 1.963055e-07) 
( -4.249329e-07 0 1.963055e-07) 
( -4.249328e-07 0 1.963015e-07) 
( -4.249328e-07 0 1.963015e-07) 
( -4.340587e-07 0 2.631982e-07) 
( -4.340587e-07 0 2.631982e-07) 
( -4.340587e-07 0 2.631982e-07) 
( -4.340587e-07 0 2.631982e-07) 
( -4.340587e-07 0 2.631982e-07) 
( -4.340587e-07 0 2.631982e-07) 
( -4.339416e-07 0 2.631310e-07) 
( -4.339416e-07 0 2.631310e-07) 
( -4.339416e-07 0 2.631310e-07) 
( -4.327082e-07 0 3.292513e-07) 
( -4.327082e-07 0 3.292513e-07) 
( -4.327082e-07 0 3.292513e-07) 
( -4.327082e-07 0 3.292513e-07) 
( -4.327082e-07 0 3.292513e-07) 
( -4.327082e-07 0 3.292513e-07) 
( -4.327082e-07 0 3.292513e-07) 
( -4.327082e-07 0 3.292513e-07) 
( -4.327082e-07 0 3.292513e-07) 
( -4.206147e-07 0 3.871890e-07) 
( -4.206147e-07 0 3.871890e-07) 
( -4.206147e-07 0 3.871890e-07) 
( -4.206147e-07 0 3.871890e-07) 
( -4.206147e-07 0 3.871890e-07) 
( -4.206147e-07 0 3.871890e-07) 
( -4.206147e-07 0 3.871890e-07) 
( -4.206147e-07 0 3.871890e-07) 
( -4.206147e-07 0 3.871890e-07) 
( -3.902335e-07 0 4.266747e-07) 
( -3.906869e-07 0 4.271735e-07) 
( -3.902335e-07 0 4.266747e-07) 
( -3.902335e-07 0 4.266747e-07) 
( -3.902335e-07 0 4.266747e-07) 
( -3.902335e-07 0 4.266747e-07) 
( -3.902335e-07 0 4.266747e-07) 
( -3.906869e-07 0 4.271735e-07) 
( -3.906869e-07 0 4.271735e-07) 
( -3.392757e-07 0 4.448515e-07) 
( -3.392757e-07 0 4.448515e-07) 
( -3.392757e-07 0 4.448515e-07) 
( -3.392757e-07 0 4.448515e-07) 
( -3.392757e-07 0 4.448515e-07) 
( -3.392757e-07 0 4.448515e-07) 
( -3.392757e-07 0 4.448515e-07) 
( -3.392757e-07 0 4.448515e-07) 
( -3.392757e-07 0 4.448515e-07) 
( -2.949526e-07 0 4.502259e-07) 
( -2.949526e-07 0 4.502259e-07) 
( -2.949526e-07 0 4.502259e-07) 
( -2.949526e-07 0 4.502259e-07) 
( -2.949526e-07 0 4.502259e-07) 
( -2.949526e-07 0 4.502259e-07) 
( -2.949526e-07 0 4.502259e-07) 
( -2.949526e-07 0 4.502259e-07) 
( -2.949526e-07 0 4.502259e-07) 
( -2.491817e-07 0 4.518678e-07) 
( -2.491817e-07 0 4.518678e-07) 
( -2.491817e-07 0 4.518678e-07) 
( -2.491817e-07 0 4.518678e-07) 
( -2.491817e-07 0 4.518678e-07) 
( -2.491817e-07 0 4.518678e-07) 
( -2.491817e-07 0 4.518678e-07) 
( -2.491817e-07 0 4.518678e-07) 
( -2.491817e-07 0 4.518678e-07) 
( -2.138343e-07 0 4.557761e-07) 
( -2.138343e-07 0 4.557761e-07) 
( -2.138343e-07 0 4.557761e-07) 
( -2.138343e-07 0 4.557761e-07) 
( -2.138343e-07 0 4.557761e-07) 
( -2.138343e-07 0 4.557761e-07) 
( -2.137779e-07 0 4.558106e-07) 
( -2.137779e-07 0 4.558106e-07) 
( -2.137779e-07 0 4.558106e-07) 
( -1.771138e-07 0 4.541538e-07) 
( -1.770759e-07 0 4.540586e-07) 
( -1.770759e-07 0 4.540586e-07) 
( -1.771138e-07 0 4.541538e-07) 
( -1.771138e-07 0 4.541538e-07) 
( -1.771138e-07 0 4.541538e-07) 
( -1.771138e-07 0 4.541538e-07) 
( -1.771138e-07 0 4.541538e-07) 
( -1.771138e-07 0 4.541538e-07) 
( -1.509813e-07 0 4.687074e-07) 
( -1.509813e-07 0 4.687074e-07) 
( -1.509813e-07 0 4.687074e-07) 
( -1.509813e-07 0 4.687074e-07) 
( -1.509813e-07 0 4.687074e-07) 
( -1.509813e-07 0 4.687074e-07) 
( -1.509813e-07 0 4.687074e-07) 
( -1.509813e-07 0 4.687074e-07) 
( -1.509813e-07 0 4.687074e-07) 
( -1.269776e-07 0 4.955838e-07) 
( -1.269776e-07 0 4.955838e-07) 
( -1.269776e-07 0 4.955838e-07) 
( -1.269776e-07 0 4.955838e-07) 
( -1.269776e-07 0 4.955838e-07) 
( -1.269776e-07 0 4.955838e-07) 
( -1.269776e-07 0 4.955838e-07) 
( -1.269776e-07 0 4.955838e-07) 
( -1.269776e-07 0 4.955838e-07) 
( -1.021426e-07 0 5.199512e-07) 
( -1.021426e-07 0 5.199512e-07) 
( -1.021426e-07 0 5.199512e-07) 
( -1.021426e-07 0 5.199512e-07) 
( -1.021426e-07 0 5.199512e-07) 
( -1.021426e-07 0 5.199512e-07) 
( -1.021426e-07 0 5.199512e-07) 
( -1.021426e-07 0 5.199512e-07) 
( -1.021426e-07 0 5.199512e-07) 
( -7.753322e-08 0 5.595816e-07) 
( -7.753322e-08 0 5.595816e-07) 
( -7.753322e-08 0 5.595816e-07) 
( -7.753322e-08 0 5.595816e-07) 
( -7.753322e-08 0 5.595816e-07) 
( -7.753322e-08 0 5.595816e-07) 
( -7.753322e-08 0 5.595816e-07) 
( -7.753322e-08 0 5.595816e-07) 
( -7.753322e-08 0 5.595816e-07) 
( -4.861369e-08 0 5.962596e-07) 
( -4.861369e-08 0 5.962596e-07) 
( -4.861369e-08 0 5.962596e-07) 
( -4.861369e-08 0 5.962596e-07) 
( -4.861369e-08 0 5.962596e-07) 
( -4.861369e-08 0 5.962596e-07) 
( -4.861369e-08 0 5.962596e-07) 
( -4.861369e-08 0 5.962596e-07) 
( -4.861369e-08 0 5.962596e-07) 
( -1.956949e-08 0 6.544356e-07) 
( -1.956949e-08 0 6.544356e-07) 
( -1.956949e-08 0 6.544356e-07) 
( -1.956949e-08 0 6.544356e-07) 
( -1.956949e-08 0 6.544356e-07) 
( -1.956949e-08 0 6.544356e-07) 
( -1.956949e-08 0 6.544356e-07) 
( -1.956949e-08 0 6.544356e-07) 
( -1.956949e-08 0 6.544356e-07) 
( 1.018438e-06 0 6.770905e-08) 
( 1.018438e-06 0 6.770905e-08) 
( 1.018438e-06 0 6.770905e-08) 
( 1.018438e-06 0 6.770905e-08) 
( 1.018438e-06 0 6.770905e-08) 
( 1.018438e-06 0 6.770905e-08) 
( 1.018438e-06 0 6.770905e-08) 
( 1.018438e-06 0 6.770905e-08) 
( 1.018438e-06 0 6.770905e-08) 
( 1.002585e-06 0 1.958712e-07) 
( 1.002585e-06 0 1.958712e-07) 
( 1.002585e-06 0 1.958712e-07) 
( 1.002585e-06 0 1.958712e-07) 
( 1.002585e-06 0 1.958712e-07) 
( 1.002585e-06 0 1.958712e-07) 
( 1.002585e-06 0 1.958712e-07) 
( 1.002585e-06 0 1.958712e-07) 
( 1.002585e-06 0 1.958712e-07) 
( 9.809126e-07 0 3.205805e-07) 
( 9.809126e-07 0 3.205805e-07) 
( 9.809126e-07 0 3.205805e-07) 
( 9.809126e-07 0 3.205805e-07) 
( 9.809126e-07 0 3.205805e-07) 
( 9.809126e-07 0 3.205805e-07) 
( 9.809126e-07 0 3.205805e-07) 
( 9.809126e-07 0 3.205805e-07) 
( 9.809126e-07 0 3.205805e-07) 
( 9.355261e-07 0 4.321707e-07) 
( 9.355261e-07 0 4.321707e-07) 
( 9.355261e-07 0 4.321707e-07) 
( 9.355261e-07 0 4.321707e-07) 
( 9.355261e-07 0 4.321707e-07) 
( 9.355261e-07 0 4.321707e-07) 
( 9.355261e-07 0 4.321707e-07) 
( 9.355261e-07 0 4.321707e-07) 
( 9.355261e-07 0 4.321707e-07) 
( 8.799091e-07 0 5.335971e-07) 
( 8.799091e-07 0 5.335971e-07) 
( 8.799091e-07 0 5.335971e-07) 
( 8.799091e-07 0 5.335971e-07) 
( 8.799091e-07 0 5.335971e-07) 
( 8.799091e-07 0 5.335971e-07) 
( 8.799091e-07 0 5.335971e-07) 
( 8.799091e-07 0 5.335971e-07) 
( 8.799091e-07 0 5.335971e-07) 
( 8.135958e-07 0 6.188701e-07) 
( 8.135958e-07 0 6.188701e-07) 
( 8.135958e-07 0 6.188701e-07) 
( 8.135958e-07 0 6.188701e-07) 
( 8.135958e-07 0 6.188701e-07) 
( 8.135958e-07 0 6.188701e-07) 
( 8.135958e-07 0 6.188701e-07) 
( 8.135958e-07 0 6.188701e-07) 
( 8.135958e-07 0 6.188701e-07) 
( 7.481997e-07 0 6.887552e-07) 
( 7.481997e-07 0 6.887552e-07) 
( 7.481997e-07 0 6.887552e-07) 
( 7.481997e-07 0 6.887552e-07) 
( 7.481997e-07 0 6.887552e-07) 
( 7.481997e-07 0 6.887552e-07) 
( 7.481997e-07 0 6.887552e-07) 
( 7.481997e-07 0 6.887552e-07) 
( 7.481997e-07 0 6.887552e-07) 
( 6.711779e-07 0 7.338666e-07) 
( 6.711779e-07 0 7.338666e-07) 
( 6.711779e-07 0 7.338666e-07) 
( 6.711779e-07 0 7.338666e-07) 
( 6.711779e-07 0 7.338666e-07) 
( 6.711779e-07 0 7.338666e-07) 
( 6.711779e-07 0 7.338666e-07) 
( 6.711779e-07 0 7.338666e-07) 
( 6.711779e-07 0 7.338666e-07) 
( 5.928550e-07 0 7.773476e-07) 
( 5.928550e-07 0 7.773476e-07) 
( 5.928550e-07 0 7.773476e-07) 
( 5.928550e-07 0 7.773476e-07) 
( 5.928550e-07 0 7.773476e-07) 
( 5.928550e-07 0 7.773476e-07) 
( 5.928550e-07 0 7.773476e-07) 
( 5.928550e-07 0 7.773476e-07) 
( 5.928550e-07 0 7.773476e-07) 
( 5.205744e-07 0 7.946228e-07) 
( 5.205744e-07 0 7.946228e-07) 
( 5.205744e-07 0 7.946228e-07) 
( 5.205744e-07 0 7.946228e-07) 
( 5.205744e-07 0 7.946228e-07) 
( 5.205744e-07 0 7.946228e-07) 
( 5.205744e-07 0 7.946228e-07) 
( 5.205744e-07 0 7.946228e-07) 
( 5.205744e-07 0 7.946228e-07) 
( 4.470763e-07 0 8.107570e-07) 
( 4.470763e-07 0 8.107570e-07) 
( 4.470763e-07 0 8.107570e-07) 
( 4.470763e-07 0 8.107570e-07) 
( 4.470763e-07 0 8.107570e-07) 
( 4.470763e-07 0 8.107570e-07) 
( 4.470763e-07 0 8.107570e-07) 
( 4.470763e-07 0 8.107570e-07) 
( 4.470763e-07 0 8.107570e-07) 
( 3.799191e-07 0 8.100899e-07) 
( 3.799191e-07 0 8.100899e-07) 
( 3.799191e-07 0 8.100899e-07) 
( 3.799191e-07 0 8.100899e-07) 
( 3.799191e-07 0 8.100899e-07) 
( 3.799191e-07 0 8.100899e-07) 
( 3.799191e-07 0 8.100899e-07) 
( 3.799191e-07 0 8.100899e-07) 
( 3.799191e-07 0 8.100899e-07) 
( 3.170461e-07 0 8.129766e-07) 
( 3.170461e-07 0 8.129766e-07) 
( 3.170461e-07 0 8.129766e-07) 
( 3.170461e-07 0 8.129766e-07) 
( 3.170461e-07 0 8.129766e-07) 
( 3.170461e-07 0 8.129766e-07) 
( 3.170461e-07 0 8.129766e-07) 
( 3.170461e-07 0 8.129766e-07) 
( 3.170461e-07 0 8.129766e-07) 
( 2.576916e-07 0 8.000022e-07) 
( 2.576916e-07 0 8.000022e-07) 
( 2.576916e-07 0 8.000022e-07) 
( 2.576916e-07 0 8.000022e-07) 
( 2.576916e-07 0 8.000022e-07) 
( 2.576916e-07 0 8.000022e-07) 
( 2.576916e-07 0 8.000022e-07) 
( 2.576916e-07 0 8.000022e-07) 
( 2.576921e-07 0 8.000054e-07) 
( 2.046238e-07 0 7.986302e-07) 
( 2.046238e-07 0 7.986302e-07) 
( 2.046238e-07 0 7.986302e-07) 
( 2.046238e-07 0 7.986302e-07) 
( 2.046238e-07 0 7.986302e-07) 
( 2.046238e-07 0 7.986302e-07) 
( 2.046238e-07 0 7.986302e-07) 
( 2.046238e-07 0 7.986302e-07) 
( 2.046238e-07 0 7.986302e-07) 
( 1.539532e-07 0 7.837292e-07) 
( 1.539532e-07 0 7.837292e-07) 
( 1.539532e-07 0 7.837292e-07) 
( 1.539532e-07 0 7.837292e-07) 
( 1.539532e-07 0 7.837292e-07) 
( 1.539532e-07 0 7.837292e-07) 
( 1.539532e-07 0 7.837292e-07) 
( 1.539532e-07 0 7.837292e-07) 
( 1.539532e-07 0 7.837292e-07) 
( 1.055031e-07 0 7.614870e-07) 
( 1.055031e-07 0 7.614870e-07) 
( 1.055031e-07 0 7.614870e-07) 
( 1.055031e-07 0 7.614870e-07) 
( 1.055031e-07 0 7.614870e-07) 
( 1.055031e-07 0 7.614870e-07) 
( 1.055031e-07 0 7.614870e-07) 
( 1.055031e-07 0 7.614870e-07) 
( 1.055031e-07 0 7.614870e-07) 
( 6.029259e-08 0 7.395095e-07) 
( 6.029259e-08 0 7.395095e-07) 
( 6.029259e-08 0 7.395095e-07) 
( 6.029259e-08 0 7.395095e-07) 
( 6.029259e-08 0 7.395095e-07) 
( 6.029259e-08 0 7.395095e-07) 
( 6.029259e-08 0 7.395095e-07) 
( 6.029259e-08 0 7.395095e-07) 
( 6.029259e-08 0 7.395095e-07) 
( 2.079289e-08 0 6.986181e-07) 
( 2.079289e-08 0 6.986181e-07) 
( 2.079289e-08 0 6.986181e-07) 
( 2.079289e-08 0 6.986181e-07) 
( 2.079289e-08 0 6.986181e-07) 
( 2.079289e-08 0 6.986181e-07) 
( 2.079289e-08 0 6.986181e-07) 
( 2.079289e-08 0 6.986181e-07) 
( 2.079289e-08 0 6.986181e-07) 
