( -1.172700e-07 0 -5.087334e-07) 
( -1.172700e-07 0 -5.087334e-07) 
( -1.172700e-07 0 -5.087334e-07) 
( -1.172700e-07 0 -5.087334e-07) 
( -1.173392e-07 0 -5.086889e-07) 
( -1.173392e-07 0 -5.086889e-07) 
( -1.173878e-07 0 -5.086568e-07) 
( -1.175580e-07 0 -5.082580e-07) 
( -1.155028e-07 0 -5.089308e-07) 
( -5.514009e-08 0 -5.497940e-07) 
( -5.514009e-08 0 -5.497940e-07) 
( -5.514009e-08 0 -5.497940e-07) 
( -5.514009e-08 0 -5.497940e-07) 
( -5.514009e-08 0 -5.497940e-07) 
( -5.514009e-08 0 -5.497940e-07) 
( -5.514009e-08 0 -5.497940e-07) 
( -5.514009e-08 0 -5.497940e-07) 
( -7.227063e-08 0 -5.467850e-07) 
( -1.796146e-08 0 -5.824277e-07) 
( -1.796146e-08 0 -5.824277e-07) 
( -1.796146e-08 0 -5.824277e-07) 
( -1.796146e-08 0 -5.824277e-07) 
( -1.796146e-08 0 -5.824277e-07) 
( -1.796146e-08 0 -5.824277e-07) 
( -1.796146e-08 0 -5.824277e-07) 
( -1.796146e-08 0 -5.824277e-07) 
( -1.796146e-08 0 -5.824277e-07) 
( 2.669870e-08 0 -5.919469e-07) 
( 2.669870e-08 0 -5.919469e-07) 
( 2.669870e-08 0 -5.919469e-07) 
( 2.669870e-08 0 -5.919469e-07) 
( 2.669870e-08 0 -5.919469e-07) 
( 2.669870e-08 0 -5.919469e-07) 
( 2.669870e-08 0 -5.919469e-07) 
( 2.669870e-08 0 -5.919469e-07) 
( 2.844617e-08 0 -5.927250e-07) 
( 6.594589e-08 0 -5.929290e-07) 
( 6.591145e-08 0 -5.929319e-07) 
( 6.591145e-08 0 -5.929319e-07) 
( 6.599205e-08 0 -5.929218e-07) 
( 6.604957e-08 0 -5.929153e-07) 
( 6.606111e-08 0 -5.929135e-07) 
( 6.615325e-08 0 -5.929016e-07) 
( 6.574940e-08 0 -5.929640e-07) 
( 6.459401e-08 0 -5.931736e-07) 
( 1.217907e-07 0 -5.775573e-07) 
( 1.217907e-07 0 -5.775573e-07) 
( 1.217907e-07 0 -5.775573e-07) 
( 1.217907e-07 0 -5.775573e-07) 
( 1.217907e-07 0 -5.775573e-07) 
( 1.217907e-07 0 -5.775573e-07) 
( 1.217907e-07 0 -5.775573e-07) 
( 1.217907e-07 0 -5.775573e-07) 
( 1.175001e-07 0 -5.772654e-07) 
( 1.490172e-07 0 -5.540761e-07) 
( 1.490172e-07 0 -5.540761e-07) 
( 1.490172e-07 0 -5.540761e-07) 
( 1.490172e-07 0 -5.540761e-07) 
( 1.490172e-07 0 -5.540761e-07) 
( 1.490172e-07 0 -5.540761e-07) 
( 1.490172e-07 0 -5.540761e-07) 
( 1.490172e-07 0 -5.540761e-07) 
( 1.490172e-07 0 -5.540761e-07) 
( 1.747294e-07 0 -5.174816e-07) 
( 1.747281e-07 0 -5.174847e-07) 
( 1.747308e-07 0 -5.174826e-07) 
( 1.747335e-07 0 -5.174824e-07) 
( 1.747415e-07 0 -5.174720e-07) 
( 1.747561e-07 0 -5.174482e-07) 
( 1.747667e-07 0 -5.174337e-07) 
( 1.748459e-07 0 -5.173014e-07) 
( 1.750599e-07 0 -5.169439e-07) 
( 1.889764e-07 0 -4.831894e-07) 
( 1.889748e-07 0 -4.831874e-07) 
( 1.884695e-07 0 -4.818967e-07) 
( 1.884695e-07 0 -4.818967e-07) 
( 1.884695e-07 0 -4.818967e-07) 
( 1.884695e-07 0 -4.818967e-07) 
( 1.884695e-07 0 -4.818967e-07) 
( 1.889519e-07 0 -4.831003e-07) 
( 1.890128e-07 0 -4.831645e-07) 
( 1.960861e-07 0 -4.470493e-07) 
( 1.960923e-07 0 -4.470612e-07) 
( 1.960668e-07 0 -4.470313e-07) 
( 1.960734e-07 0 -4.470344e-07) 
( 1.960734e-07 0 -4.470344e-07) 
( 1.960068e-07 0 -4.470394e-07) 
( 1.955966e-07 0 -4.471728e-07) 
( 1.961528e-07 0 -4.467787e-07) 
( 1.955911e-07 0 -4.477510e-07) 
( 2.105099e-07 0 -4.193002e-07) 
( 2.105099e-07 0 -4.193002e-07) 
( 2.105102e-07 0 -4.193019e-07) 
( 2.105188e-07 0 -4.192957e-07) 
( 2.105443e-07 0 -4.192752e-07) 
( 2.106893e-07 0 -4.191601e-07) 
( 2.116857e-07 0 -4.158471e-07) 
( 2.093967e-07 0 -4.202437e-07) 
( 2.104732e-07 0 -4.193950e-07) 
( 2.180345e-07 0 -4.040270e-07) 
( 2.180345e-07 0 -4.040270e-07) 
( 2.180345e-07 0 -4.040270e-07) 
( 2.180345e-07 0 -4.040270e-07) 
( 2.180345e-07 0 -4.040270e-07) 
( 2.180345e-07 0 -4.040270e-07) 
( 2.180345e-07 0 -4.040270e-07) 
( 2.180345e-07 0 -4.040270e-07) 
( 2.180345e-07 0 -4.040270e-07) 
( 2.106170e-07 0 -3.944675e-07) 
( 2.106170e-07 0 -3.944675e-07) 
( 2.106170e-07 0 -3.944675e-07) 
( 2.106170e-07 0 -3.944675e-07) 
( 2.106170e-07 0 -3.944675e-07) 
( 2.106170e-07 0 -3.944675e-07) 
( 2.106170e-07 0 -3.944675e-07) 
( 2.106170e-07 0 -3.944675e-07) 
( 2.106170e-07 0 -3.944675e-07) 
( 2.072415e-07 0 -3.836423e-07) 
( 2.072415e-07 0 -3.836423e-07) 
( 2.072415e-07 0 -3.836423e-07) 
( 2.072415e-07 0 -3.836423e-07) 
( 2.072415e-07 0 -3.836423e-07) 
( 2.072415e-07 0 -3.836423e-07) 
( 2.072415e-07 0 -3.836423e-07) 
( 2.072415e-07 0 -3.836423e-07) 
( 2.072415e-07 0 -3.836423e-07) 
( 2.192551e-07 0 -3.577270e-07) 
( 2.192778e-07 0 -3.577102e-07) 
( 2.192778e-07 0 -3.577110e-07) 
( 2.192778e-07 0 -3.577110e-07) 
( 2.192720e-07 0 -3.577138e-07) 
( 2.192661e-07 0 -3.577159e-07) 
( 2.192545e-07 0 -3.577216e-07) 
( 2.192497e-07 0 -3.577337e-07) 
( 2.190954e-07 0 -3.582135e-07) 
( 3.212362e-07 0 -3.210722e-07) 
( 3.213692e-07 0 -3.210642e-07) 
( 3.213692e-07 0 -3.210642e-07) 
( 3.213675e-07 0 -3.210689e-07) 
( 3.213657e-07 0 -3.210736e-07) 
( 3.213567e-07 0 -3.210842e-07) 
( 3.213532e-07 0 -3.210936e-07) 
( 3.214822e-07 0 -3.209101e-07) 
( 3.259330e-07 0 -3.153891e-07) 
( 6.310625e-07 0 -2.760922e-07) 
( 6.310623e-07 0 -2.761020e-07) 
( 6.310623e-07 0 -2.761020e-07) 
( 6.310623e-07 0 -2.761020e-07) 
( 6.310622e-07 0 -2.761119e-07) 
( 6.310622e-07 0 -2.761119e-07) 
( 6.310622e-07 0 -2.761119e-07) 
( 6.302879e-07 0 -2.756447e-07) 
( 6.095762e-07 0 -2.629331e-07) 
( 8.551489e-07 0 -7.350869e-08) 
( 8.551489e-07 0 -7.350869e-08) 
( 8.551489e-07 0 -7.350869e-08) 
( 8.551489e-07 0 -7.350869e-08) 
( 8.551489e-07 0 -7.350869e-08) 
( 8.551489e-07 0 -7.350869e-08) 
( 8.551489e-07 0 -7.350869e-08) 
( 8.528097e-07 0 -8.979913e-08) 
( 8.385622e-07 0 -7.960825e-08) 
( 8.745655e-07 0 1.918282e-08) 
( 8.745655e-07 0 1.918282e-08) 
( 8.745655e-07 0 1.918282e-08) 
( 8.745655e-07 0 1.918282e-08) 
( 8.745655e-07 0 1.918282e-08) 
( 8.745655e-07 0 1.918282e-08) 
( 8.745655e-07 0 1.918282e-08) 
( 8.745655e-07 0 1.918282e-08) 
( 8.731345e-07 0 1.947264e-08) 
( -1.001560e-07 0 -4.899130e-07) 
( -1.001560e-07 0 -4.899130e-07) 
( -1.001560e-07 0 -4.899130e-07) 
( -1.001560e-07 0 -4.899130e-07) 
( -1.029459e-07 0 -4.926821e-07) 
( -1.001560e-07 0 -4.899130e-07) 
( -1.001560e-07 0 -4.899130e-07) 
( -1.049765e-07 0 -4.918629e-07) 
( -1.046345e-07 0 -4.916404e-07) 
( -1.048604e-07 0 -4.482061e-07) 
( -1.048574e-07 0 -4.482172e-07) 
( -1.048378e-07 0 -4.482923e-07) 
( -1.048319e-07 0 -4.483131e-07) 
( -1.112945e-07 0 -4.352987e-07) 
( -1.048336e-07 0 -4.482842e-07) 
( -1.048575e-07 0 -4.482146e-07) 
( -1.113972e-07 0 -4.352269e-07) 
( -1.124865e-07 0 -4.330580e-07) 
( -1.207572e-07 0 -3.962905e-07) 
( -1.206895e-07 0 -3.962599e-07) 
( -1.173068e-07 0 -4.044841e-07) 
( -1.176541e-07 0 -4.056773e-07) 
( -1.175854e-07 0 -4.054045e-07) 
( -1.207226e-07 0 -3.962223e-07) 
( -1.206753e-07 0 -3.961733e-07) 
( -1.173068e-07 0 -4.044841e-07) 
( -1.174700e-07 0 -4.049639e-07) 
( -1.372823e-07 0 -3.679503e-07) 
( -1.373062e-07 0 -3.680031e-07) 
( -1.370695e-07 0 -3.677914e-07) 
( -1.370471e-07 0 -3.677300e-07) 
( -1.370344e-07 0 -3.677298e-07) 
( -1.372924e-07 0 -3.679315e-07) 
( -1.372566e-07 0 -3.680492e-07) 
( -1.370656e-07 0 -3.677829e-07) 
( -1.359999e-07 0 -3.706498e-07) 
( -1.498936e-07 0 -3.444535e-07) 
( -1.498827e-07 0 -3.444620e-07) 
( -1.498625e-07 0 -3.444651e-07) 
( -1.498366e-07 0 -3.444846e-07) 
( -1.498475e-07 0 -3.444746e-07) 
( -1.498570e-07 0 -3.444769e-07) 
( -1.498474e-07 0 -3.444881e-07) 
( -1.498352e-07 0 -3.444894e-07) 
( -1.495375e-07 0 -3.442900e-07) 
( -1.533118e-07 0 -3.352804e-07) 
( -1.533100e-07 0 -3.352807e-07) 
( -1.532705e-07 0 -3.352769e-07) 
( -1.532842e-07 0 -3.352781e-07) 
( -1.533016e-07 0 -3.352786e-07) 
( -1.533016e-07 0 -3.352786e-07) 
( -1.532860e-07 0 -3.352778e-07) 
( -1.532651e-07 0 -3.352778e-07) 
( -1.488835e-07 0 -3.387928e-07) 
( -1.453835e-07 0 -3.311900e-07) 
( -1.454002e-07 0 -3.311820e-07) 
( -1.455968e-07 0 -3.310787e-07) 
( -1.453771e-07 0 -3.311977e-07) 
( -1.450675e-07 0 -3.313644e-07) 
( -1.451972e-07 0 -3.312930e-07) 
( -1.451240e-07 0 -3.313327e-07) 
( -1.450154e-07 0 -3.314073e-07) 
( -1.486896e-07 0 -3.314027e-07) 
( -1.496114e-07 0 -3.195838e-07) 
( -1.496110e-07 0 -3.195836e-07) 
( -1.496104e-07 0 -3.195851e-07) 
( -1.496093e-07 0 -3.195828e-07) 
( -1.496106e-07 0 -3.195817e-07) 
( -1.496111e-07 0 -3.195819e-07) 
( -1.496105e-07 0 -3.195834e-07) 
( -1.496082e-07 0 -3.195788e-07) 
( -1.496027e-07 0 -3.190445e-07) 
( -1.446987e-07 0 -3.134045e-07) 
( -1.446987e-07 0 -3.134045e-07) 
( -1.446987e-07 0 -3.134045e-07) 
( -1.446987e-07 0 -3.134045e-07) 
( -1.446987e-07 0 -3.134045e-07) 
( -1.446987e-07 0 -3.134045e-07) 
( -1.446987e-07 0 -3.134045e-07) 
( -1.446987e-07 0 -3.134045e-07) 
( -1.445234e-07 0 -3.136803e-07) 
( -1.419815e-07 0 -3.062671e-07) 
( -1.419812e-07 0 -3.062667e-07) 
( -1.419812e-07 0 -3.062667e-07) 
( -1.419741e-07 0 -3.062833e-07) 
( -1.419535e-07 0 -3.063232e-07) 
( -1.419609e-07 0 -3.063070e-07) 
( -1.419585e-07 0 -3.063095e-07) 
( -1.419522e-07 0 -3.063161e-07) 
( -1.419764e-07 0 -3.057344e-07) 
( -1.400082e-07 0 -2.983706e-07) 
( -1.400082e-07 0 -2.983706e-07) 
( -1.400082e-07 0 -2.983706e-07) 
( -1.400082e-07 0 -2.983706e-07) 
( -1.400082e-07 0 -2.983706e-07) 
( -1.400082e-07 0 -2.983706e-07) 
( -1.400082e-07 0 -2.983706e-07) 
( -1.400082e-07 0 -2.983706e-07) 
( -1.400288e-07 0 -2.982597e-07) 
( -1.429437e-07 0 -2.773847e-07) 
( -1.429437e-07 0 -2.773847e-07) 
( -1.429524e-07 0 -2.773797e-07) 
( -1.429437e-07 0 -2.773847e-07) 
( -1.429351e-07 0 -2.773925e-07) 
( -1.428139e-07 0 -2.774821e-07) 
( -1.427620e-07 0 -2.775205e-07) 
( -1.428316e-07 0 -2.774748e-07) 
( -1.492146e-07 0 -2.725033e-07) 
( -1.928674e-07 0 -2.154240e-07) 
( -1.928616e-07 0 -2.154309e-07) 
( -1.928616e-07 0 -2.154309e-07) 
( -1.928592e-07 0 -2.154350e-07) 
( -1.928635e-07 0 -2.154286e-07) 
( -1.928595e-07 0 -2.154285e-07) 
( -1.928425e-07 0 -2.154428e-07) 
( -1.928373e-07 0 -2.154575e-07) 
( -1.923604e-07 0 -2.166162e-07) 
( -2.210378e-07 0 -1.653307e-07) 
( -2.210362e-07 0 -1.653451e-07) 
( -2.210362e-07 0 -1.653451e-07) 
( -2.210357e-07 0 -1.653502e-07) 
( -2.210361e-07 0 -1.653465e-07) 
( -2.210364e-07 0 -1.653447e-07) 
( -2.210309e-07 0 -1.653972e-07) 
( -2.210326e-07 0 -1.653771e-07) 
( -2.208579e-07 0 -1.648996e-07) 
( -2.221846e-07 0 -1.067699e-07) 
( -2.221846e-07 0 -1.067699e-07) 
( -2.221846e-07 0 -1.067699e-07) 
( -2.221871e-07 0 -1.067683e-07) 
( -2.221883e-07 0 -1.067697e-07) 
( -2.221883e-07 0 -1.067697e-07) 
( -2.221933e-07 0 -1.067708e-07) 
( -2.221907e-07 0 -1.067812e-07) 
( -2.220064e-07 0 -1.071538e-07) 
( -2.143145e-07 0 -8.006436e-08) 
( -2.143157e-07 0 -8.006627e-08) 
( -2.143157e-07 0 -8.006627e-08) 
( -2.143157e-07 0 -8.006627e-08) 
( -2.143157e-07 0 -8.006627e-08) 
( -2.143178e-07 0 -8.006574e-08) 
( -2.143190e-07 0 -8.006766e-08) 
( -2.143227e-07 0 -8.007777e-08) 
( -2.144423e-07 0 -8.043422e-08) 
( -2.030614e-07 0 -5.562837e-08) 
( -2.030636e-07 0 -5.562789e-08) 
( -2.030636e-07 0 -5.562789e-08) 
( -2.030614e-07 0 -5.562837e-08) 
( -2.030602e-07 0 -5.562623e-08) 
( -2.030624e-07 0 -5.562575e-08) 
( -2.030700e-07 0 -5.562171e-08) 
( -2.030780e-07 0 -5.562718e-08) 
( -2.029993e-07 0 -5.565379e-08) 
( -1.903081e-07 0 -2.323125e-08) 
( -1.903087e-07 0 -2.322847e-08) 
( -1.903087e-07 0 -2.322847e-08) 
( -1.903093e-07 0 -2.322569e-08) 
( -1.903047e-07 0 -2.322731e-08) 
( -1.902929e-07 0 -2.324166e-08) 
( -1.902858e-07 0 -2.325439e-08) 
( -1.902942e-07 0 -2.323610e-08) 
( -1.905498e-07 0 -2.338409e-08) 
( -1.878132e-07 0 -4.611835e-09) 
( -1.878132e-07 0 -4.611835e-09) 
( -1.878132e-07 0 -4.611835e-09) 
( -1.878132e-07 0 -4.611835e-09) 
( -1.878132e-07 0 -4.611835e-09) 
( -1.878132e-07 0 -4.611835e-09) 
( -1.878132e-07 0 -4.611835e-09) 
( -1.878132e-07 0 -4.611835e-09) 
( -1.878132e-07 0 -4.611835e-09) 
( -1.905246e-07 0 6.952385e-09) 
( -1.905246e-07 0 6.952385e-09) 
( -1.905246e-07 0 6.952385e-09) 
( -1.905246e-07 0 6.952385e-09) 
( -1.905246e-07 0 6.952385e-09) 
( -1.905246e-07 0 6.952385e-09) 
( -1.905246e-07 0 6.952385e-09) 
( -1.905246e-07 0 6.952385e-09) 
( -1.905246e-07 0 6.952385e-09) 
( -1.862824e-07 0 9.684516e-09) 
( -1.862824e-07 0 9.684516e-09) 
( -1.862824e-07 0 9.684516e-09) 
( -1.862824e-07 0 9.684516e-09) 
( -1.862824e-07 0 9.684516e-09) 
( -1.862824e-07 0 9.684516e-09) 
( -1.862824e-07 0 9.684516e-09) 
( -1.862824e-07 0 9.684516e-09) 
( -1.845073e-07 0 1.470076e-08) 
( -1.864514e-07 0 3.202475e-08) 
( -1.864494e-07 0 3.201945e-08) 
( -1.864494e-07 0 3.201945e-08) 
( -1.864494e-07 0 3.201945e-08) 
( -1.864471e-07 0 3.201477e-08) 
( -1.864473e-07 0 3.201415e-08) 
( -1.864479e-07 0 3.201291e-08) 
( -1.864519e-07 0 3.201389e-08) 
( -1.882649e-07 0 4.613971e-08) 
( -1.950031e-07 0 6.149595e-08) 
( -1.949932e-07 0 6.150587e-08) 
( -1.949932e-07 0 6.150587e-08) 
( -1.949943e-07 0 6.150338e-08) 
( -1.949943e-07 0 6.150338e-08) 
( -1.949814e-07 0 6.150828e-08) 
( -1.949707e-07 0 6.150821e-08) 
( -1.949731e-07 0 6.150322e-08) 
( -2.034247e-07 0 8.582561e-08) 
( -2.227425e-07 0 9.472393e-08) 
( -2.227493e-07 0 9.471856e-08) 
( -2.227493e-07 0 9.471856e-08) 
( -2.227493e-07 0 9.471856e-08) 
( -2.227499e-07 0 9.471369e-08) 
( -2.227539e-07 0 9.470614e-08) 
( -2.227585e-07 0 9.469372e-08) 
( -2.227542e-07 0 9.467962e-08) 
( -2.326957e-07 0 1.270512e-07) 
( -2.514010e-07 0 1.511218e-07) 
( -2.514004e-07 0 1.511346e-07) 
( -2.514004e-07 0 1.511346e-07) 
( -2.514023e-07 0 1.511367e-07) 
( -2.514023e-07 0 1.511367e-07) 
( -2.514041e-07 0 1.511389e-07) 
( -2.514078e-07 0 1.511432e-07) 
( -2.514114e-07 0 1.511071e-07) 
( -2.597441e-07 0 1.768727e-07) 
( -2.434219e-07 0 2.400164e-07) 
( -2.434420e-07 0 2.399907e-07) 
( -2.434420e-07 0 2.399907e-07) 
( -2.434420e-07 0 2.399907e-07) 
( -2.434457e-07 0 2.399829e-07) 
( -2.434928e-07 0 2.399501e-07) 
( -2.435309e-07 0 2.399197e-07) 
( -2.435145e-07 0 2.399376e-07) 
( -2.316535e-07 0 2.904678e-07) 
( -2.096423e-07 0 3.438338e-07) 
( -2.092698e-07 0 3.441517e-07) 
( -2.092698e-07 0 3.441517e-07) 
( -2.092698e-07 0 3.441517e-07) 
( -2.092679e-07 0 3.441543e-07) 
( -2.098395e-07 0 3.436523e-07) 
( -2.101080e-07 0 3.434218e-07) 
( -2.119874e-07 0 3.418089e-07) 
( -2.119172e-07 0 3.644082e-07) 
( -2.184821e-07 0 3.611148e-07) 
( -2.184821e-07 0 3.611148e-07) 
( -2.184821e-07 0 3.611148e-07) 
( -2.184821e-07 0 3.611148e-07) 
( -2.184821e-07 0 3.611148e-07) 
( -2.184821e-07 0 3.611148e-07) 
( -2.184821e-07 0 3.611148e-07) 
( -2.184821e-07 0 3.611148e-07) 
( -2.047759e-07 0 3.591469e-07) 
( -1.998310e-07 0 3.622090e-07) 
( -1.998310e-07 0 3.622090e-07) 
( -1.998310e-07 0 3.622090e-07) 
( -1.998310e-07 0 3.622090e-07) 
( -1.998310e-07 0 3.622090e-07) 
( -1.998310e-07 0 3.622090e-07) 
( -1.998310e-07 0 3.622090e-07) 
( -1.998310e-07 0 3.622090e-07) 
( -2.043596e-07 0 3.554454e-07) 
( -1.973187e-07 0 3.538478e-07) 
( -1.974316e-07 0 3.538129e-07) 
( -1.973024e-07 0 3.538539e-07) 
( -1.972622e-07 0 3.538653e-07) 
( -1.973350e-07 0 3.538418e-07) 
( -1.971895e-07 0 3.538888e-07) 
( -1.972460e-07 0 3.538714e-07) 
( -1.976987e-07 0 3.537241e-07) 
( -1.990315e-07 0 3.475192e-07) 
( -1.929341e-07 0 3.476518e-07) 
( -1.929227e-07 0 3.476573e-07) 
( -1.929497e-07 0 3.476480e-07) 
( -1.929242e-07 0 3.476528e-07) 
( -1.928164e-07 0 3.476903e-07) 
( -1.929763e-07 0 3.476539e-07) 
( -1.929677e-07 0 3.476656e-07) 
( -1.931449e-07 0 3.476056e-07) 
( -1.955761e-07 0 3.433339e-07) 
( -1.920572e-07 0 3.412046e-07) 
( -1.920572e-07 0 3.412046e-07) 
( -1.920572e-07 0 3.412046e-07) 
( -1.920405e-07 0 3.411973e-07) 
( -1.920346e-07 0 3.412002e-07) 
( -1.920323e-07 0 3.412029e-07) 
( -1.920429e-07 0 3.412023e-07) 
( -1.920281e-07 0 3.411752e-07) 
( -1.963248e-07 0 3.314647e-07) 
( -1.846226e-07 0 3.349007e-07) 
( -1.846223e-07 0 3.349010e-07) 
( -1.846226e-07 0 3.349007e-07) 
( -1.846203e-07 0 3.349031e-07) 
( -1.846196e-07 0 3.349009e-07) 
( -1.846196e-07 0 3.349024e-07) 
( -1.846213e-07 0 3.349006e-07) 
( -1.846075e-07 0 3.348811e-07) 
( -1.856315e-07 0 3.286315e-07) 
( -1.825004e-07 0 3.280216e-07) 
( -1.825004e-07 0 3.280216e-07) 
( -1.825004e-07 0 3.280216e-07) 
( -1.825004e-07 0 3.280216e-07) 
( -1.825004e-07 0 3.280216e-07) 
( -1.825004e-07 0 3.280216e-07) 
( -1.825004e-07 0 3.280216e-07) 
( -1.825004e-07 0 3.280216e-07) 
( -1.786170e-07 0 3.269745e-07) 
( -1.821904e-07 0 3.226980e-07) 
( -1.821885e-07 0 3.226989e-07) 
( -1.821772e-07 0 3.227065e-07) 
( -1.821861e-07 0 3.227015e-07) 
( -1.821726e-07 0 3.227117e-07) 
( -1.821737e-07 0 3.227104e-07) 
( -1.821780e-07 0 3.227069e-07) 
( -1.821409e-07 0 3.227300e-07) 
( -1.788939e-07 0 3.214493e-07) 
( -1.762157e-07 0 3.222659e-07) 
( -1.762174e-07 0 3.222643e-07) 
( -1.762255e-07 0 3.222540e-07) 
( -1.762199e-07 0 3.222532e-07) 
( -1.762212e-07 0 3.222528e-07) 
( -1.762259e-07 0 3.222492e-07) 
( -1.762480e-07 0 3.222318e-07) 
( -1.764623e-07 0 3.218178e-07) 
( -1.745010e-07 0 3.190180e-07) 
( -1.553408e-07 0 3.341511e-07) 
( -1.553368e-07 0 3.341589e-07) 
( -1.553447e-07 0 3.341767e-07) 
( -1.553443e-07 0 3.341718e-07) 
( -1.553554e-07 0 3.342054e-07) 
( -1.553505e-07 0 3.341984e-07) 
( -1.553485e-07 0 3.342023e-07) 
( -1.552038e-07 0 3.344832e-07) 
( -1.400697e-07 0 3.417393e-07) 
( -1.147232e-07 0 3.740357e-07) 
( -1.147004e-07 0 3.740480e-07) 
( -1.145606e-07 0 3.741069e-07) 
( -1.145239e-07 0 3.741235e-07) 
( -1.145694e-07 0 3.740989e-07) 
( -1.145064e-07 0 3.741281e-07) 
( -1.144592e-07 0 3.741490e-07) 
( -1.144753e-07 0 3.741143e-07) 
( -9.998421e-08 0 3.849180e-07) 
( 8.826344e-07 0 3.387117e-08) 
( 8.826344e-07 0 3.387117e-08) 
( 8.826344e-07 0 3.387117e-08) 
( 8.826344e-07 0 3.387117e-08) 
( 8.826344e-07 0 3.387117e-08) 
( 8.826344e-07 0 3.387117e-08) 
( 8.826344e-07 0 3.387117e-08) 
( 8.826344e-07 0 3.387117e-08) 
( 8.828736e-07 0 3.071601e-08) 
( 8.926459e-07 0 1.715406e-08) 
( 8.926459e-07 0 1.715406e-08) 
( 8.926459e-07 0 1.715406e-08) 
( 8.926459e-07 0 1.715406e-08) 
( 8.926459e-07 0 1.715406e-08) 
( 8.926459e-07 0 1.715406e-08) 
( 8.926459e-07 0 1.715406e-08) 
( 8.926459e-07 0 1.715406e-08) 
( 8.926459e-07 0 1.715406e-08) 
( 8.912396e-07 0 1.146296e-07) 
( 8.912414e-07 0 1.146314e-07) 
( 8.912414e-07 0 1.146314e-07) 
( 8.912414e-07 0 1.146314e-07) 
( 8.912414e-07 0 1.146314e-07) 
( 8.912396e-07 0 1.146296e-07) 
( 8.912414e-07 0 1.146314e-07) 
( 8.908642e-07 0 1.147012e-07) 
( 9.000525e-07 0 1.073318e-07) 
( 6.583268e-07 0 3.337192e-07) 
( 6.583362e-07 0 3.337019e-07) 
( 6.583362e-07 0 3.337019e-07) 
( 6.583881e-07 0 3.339420e-07) 
( 6.583881e-07 0 3.339420e-07) 
( 6.583881e-07 0 3.339420e-07) 
( 6.586610e-07 0 3.341102e-07) 
( 6.593705e-07 0 3.331366e-07) 
( 6.374380e-07 0 3.954000e-07) 
( 3.520108e-07 0 3.783330e-07) 
( 3.519923e-07 0 3.783418e-07) 
( 3.519929e-07 0 3.783475e-07) 
( 3.519929e-07 0 3.783475e-07) 
( 3.519942e-07 0 3.783589e-07) 
( 3.520044e-07 0 3.783630e-07) 
( 3.520153e-07 0 3.783728e-07) 
( 3.521642e-07 0 3.781342e-07) 
( 3.440110e-07 0 3.853920e-07) 
( 2.206495e-07 0 3.923059e-07) 
( 2.206444e-07 0 3.923082e-07) 
( 2.206495e-07 0 3.923059e-07) 
( 2.206421e-07 0 3.923106e-07) 
( 2.206397e-07 0 3.923131e-07) 
( 2.206448e-07 0 3.923109e-07) 
( 2.206303e-07 0 3.923230e-07) 
( 2.206923e-07 0 3.922828e-07) 
( 2.166970e-07 0 3.926818e-07) 
( 2.033002e-07 0 3.848049e-07) 
( 2.033002e-07 0 3.848049e-07) 
( 2.033002e-07 0 3.848049e-07) 
( 2.033002e-07 0 3.848049e-07) 
( 2.033002e-07 0 3.848049e-07) 
( 2.033002e-07 0 3.848049e-07) 
( 2.033002e-07 0 3.848049e-07) 
( 2.033002e-07 0 3.848049e-07) 
( 2.026119e-07 0 3.835021e-07) 
( 1.837445e-07 0 3.871950e-07) 
( 1.836915e-07 0 3.872362e-07) 
( 1.836915e-07 0 3.872362e-07) 
( 1.836900e-07 0 3.872382e-07) 
( 1.838386e-07 0 3.871180e-07) 
( 1.838514e-07 0 3.871245e-07) 
( 1.838773e-07 0 3.871014e-07) 
( 1.838744e-07 0 3.871053e-07) 
( 1.810693e-07 0 3.890076e-07) 
( 1.804683e-07 0 3.858674e-07) 
( 1.804683e-07 0 3.858674e-07) 
( 1.804683e-07 0 3.858674e-07) 
( 1.804683e-07 0 3.858674e-07) 
( 1.804683e-07 0 3.858674e-07) 
( 1.804683e-07 0 3.858674e-07) 
( 1.804683e-07 0 3.858674e-07) 
( 1.804683e-07 0 3.858674e-07) 
( 1.804683e-07 0 3.858674e-07) 
( 1.728709e-07 0 3.954860e-07) 
( 1.728709e-07 0 3.954860e-07) 
( 1.728709e-07 0 3.954860e-07) 
( 1.728709e-07 0 3.954860e-07) 
( 1.728709e-07 0 3.954860e-07) 
( 1.728709e-07 0 3.954860e-07) 
( 1.728709e-07 0 3.954860e-07) 
( 1.728709e-07 0 3.954860e-07) 
( 1.730364e-07 0 3.938471e-07) 
( 1.628134e-07 0 4.148911e-07) 
( 1.628134e-07 0 4.148911e-07) 
( 1.628134e-07 0 4.148911e-07) 
( 1.628134e-07 0 4.148911e-07) 
( 1.628134e-07 0 4.148911e-07) 
( 1.628134e-07 0 4.148911e-07) 
( 1.628134e-07 0 4.148911e-07) 
( 1.628134e-07 0 4.148911e-07) 
( 1.615230e-07 0 4.148754e-07) 
( 1.527090e-07 0 4.415922e-07) 
( 1.527090e-07 0 4.415922e-07) 
( 1.527090e-07 0 4.415922e-07) 
( 1.527090e-07 0 4.415922e-07) 
( 1.527090e-07 0 4.415922e-07) 
( 1.527090e-07 0 4.415922e-07) 
( 1.527090e-07 0 4.415922e-07) 
( 1.527090e-07 0 4.415922e-07) 
( 1.530623e-07 0 4.404566e-07) 
( 1.531601e-07 0 4.596850e-07) 
( 1.531601e-07 0 4.596850e-07) 
( 1.531601e-07 0 4.596850e-07) 
( 1.531601e-07 0 4.596850e-07) 
( 1.531601e-07 0 4.596850e-07) 
( 1.531601e-07 0 4.596850e-07) 
( 1.531601e-07 0 4.596850e-07) 
( 1.531601e-07 0 4.596850e-07) 
( 1.524949e-07 0 4.594719e-07) 
( 1.533651e-07 0 4.633065e-07) 
( 1.533651e-07 0 4.633065e-07) 
( 1.533651e-07 0 4.633065e-07) 
( 1.533651e-07 0 4.633065e-07) 
( 1.533651e-07 0 4.633065e-07) 
( 1.533651e-07 0 4.633065e-07) 
( 1.533651e-07 0 4.633065e-07) 
( 1.533651e-07 0 4.633065e-07) 
( 1.447571e-07 0 4.657982e-07) 
( 1.142997e-07 0 4.646260e-07) 
( 1.143065e-07 0 4.646247e-07) 
( 1.143065e-07 0 4.646247e-07) 
( 1.143065e-07 0 4.646247e-07) 
( 1.142641e-07 0 4.646261e-07) 
( 1.141600e-07 0 4.646394e-07) 
( 1.141345e-07 0 4.646451e-07) 
( 1.139451e-07 0 4.646764e-07) 
( 1.161123e-07 0 4.621102e-07) 
( 7.492115e-08 0 4.573812e-07) 
( 7.491761e-08 0 4.573835e-07) 
( 7.491761e-08 0 4.573835e-07) 
( 7.491761e-08 0 4.573835e-07) 
( 7.484893e-08 0 4.573849e-07) 
( 7.301390e-08 0 4.574017e-07) 
( 7.858238e-08 0 4.566521e-07) 
( 7.352552e-08 0 4.573277e-07) 
( 8.135341e-08 0 4.543573e-07) 
( 3.316590e-08 0 4.495257e-07) 
( 3.316590e-08 0 4.495257e-07) 
( 3.316590e-08 0 4.495257e-07) 
( 3.316590e-08 0 4.495257e-07) 
( 3.316590e-08 0 4.495257e-07) 
( 3.316590e-08 0 4.495257e-07) 
( 3.316590e-08 0 4.495257e-07) 
( 3.316590e-08 0 4.495257e-07) 
( 2.993730e-08 0 4.459630e-07) 
( -1.200000e-11 0 4.347870e-07) 
( -1.200000e-11 0 4.347870e-07) 
( -1.200000e-11 0 4.347870e-07) 
( -1.200000e-11 0 4.347870e-07) 
( -1.200000e-11 0 4.347870e-07) 
( -1.200000e-11 0 4.347870e-07) 
( -1.200000e-11 0 4.347870e-07) 
( -1.200000e-11 0 4.347870e-07) 
( -1.025127e-09 0 4.343916e-07) 
( -8.153790e-08 0 4.018294e-07) 
( -8.153790e-08 0 4.018294e-07) 
( -8.162237e-08 0 4.017823e-07) 
( -8.165754e-08 0 4.017630e-07) 
( -8.187213e-08 0 4.016621e-07) 
( -8.247637e-08 0 4.013762e-07) 
( -8.232262e-08 0 4.014456e-07) 
( -8.232342e-08 0 4.014333e-07) 
( -8.101141e-08 0 4.022069e-07) 
( 2.109838e-07 0 -3.993266e-07) 
( 2.109838e-07 0 -3.993266e-07) 
( 2.180345e-07 0 -4.040270e-07) 
( 2.109838e-07 0 -3.993266e-07) 
( 2.026150e-07 0 -4.051890e-07) 
( 2.180345e-07 0 -4.040270e-07) 
( 2.026150e-07 0 -4.051890e-07) 
( 2.035333e-07 0 -4.030169e-07) 
( 2.232225e-07 0 -4.001055e-07) 
( 2.140084e-07 0 -3.857184e-07) 
( 2.140084e-07 0 -3.857184e-07) 
( 2.106170e-07 0 -3.944675e-07) 
( 2.140084e-07 0 -3.857184e-07) 
( 2.140084e-07 0 -3.857184e-07) 
( 2.106170e-07 0 -3.944675e-07) 
( 2.140084e-07 0 -3.857184e-07) 
( 2.140084e-07 0 -3.857184e-07) 
( 2.106170e-07 0 -3.944675e-07) 
( 2.140084e-07 0 -3.857184e-07) 
( 2.140084e-07 0 -3.857184e-07) 
( 2.106170e-07 0 -3.944675e-07) 
( 2.140084e-07 0 -3.857184e-07) 
( 2.140084e-07 0 -3.857184e-07) 
( 2.106170e-07 0 -3.944675e-07) 
( 2.140084e-07 0 -3.857184e-07) 
( 2.140084e-07 0 -3.857184e-07) 
( 2.106170e-07 0 -3.944675e-07) 
( 2.140084e-07 0 -3.857184e-07) 
( 2.140084e-07 0 -3.857184e-07) 
( 2.106170e-07 0 -3.944675e-07) 
( 2.140084e-07 0 -3.857184e-07) 
( 2.140084e-07 0 -3.857184e-07) 
( 2.106170e-07 0 -3.944675e-07) 
( 2.140084e-07 0 -3.857184e-07) 
( 2.140084e-07 0 -3.857184e-07) 
( 2.106761e-07 0 -3.929990e-07) 
( 2.111280e-07 0 -3.713560e-07) 
( 2.111280e-07 0 -3.713560e-07) 
( 2.072415e-07 0 -3.836423e-07) 
( 2.111280e-07 0 -3.713560e-07) 
( 2.111280e-07 0 -3.713560e-07) 
( 2.072415e-07 0 -3.836423e-07) 
( 2.111280e-07 0 -3.713560e-07) 
( 2.111280e-07 0 -3.713560e-07) 
( 2.072415e-07 0 -3.836423e-07) 
( 2.111280e-07 0 -3.713560e-07) 
( 2.111280e-07 0 -3.713560e-07) 
( 2.072415e-07 0 -3.836423e-07) 
( 2.111280e-07 0 -3.713560e-07) 
( 2.111280e-07 0 -3.713560e-07) 
( 2.072415e-07 0 -3.836423e-07) 
( 2.111280e-07 0 -3.713560e-07) 
( 2.111280e-07 0 -3.713560e-07) 
( 2.072415e-07 0 -3.836423e-07) 
( 2.111280e-07 0 -3.713560e-07) 
( 2.111280e-07 0 -3.713560e-07) 
( 2.072415e-07 0 -3.836423e-07) 
( 2.111280e-07 0 -3.713560e-07) 
( 2.111280e-07 0 -3.713560e-07) 
( 2.072415e-07 0 -3.836423e-07) 
( 2.112167e-07 0 -3.707815e-07) 
( 2.111280e-07 0 -3.713560e-07) 
( 2.072415e-07 0 -3.836423e-07) 
( 2.629898e-07 0 -3.360406e-07) 
( 2.630395e-07 0 -3.360181e-07) 
( 2.192665e-07 0 -3.577190e-07) 
( 2.630603e-07 0 -3.360082e-07) 
( 2.630603e-07 0 -3.360082e-07) 
( 2.192778e-07 0 -3.577110e-07) 
( 2.630603e-07 0 -3.360082e-07) 
( 2.630603e-07 0 -3.360082e-07) 
( 2.192778e-07 0 -3.577110e-07) 
( 2.630603e-07 0 -3.360082e-07) 
( 2.630581e-07 0 -3.360104e-07) 
( 2.192778e-07 0 -3.577110e-07) 
( 2.630507e-07 0 -3.360151e-07) 
( 2.630507e-07 0 -3.360151e-07) 
( 2.192719e-07 0 -3.577131e-07) 
( 2.630485e-07 0 -3.360174e-07) 
( 2.630441e-07 0 -3.360218e-07) 
( 2.192603e-07 0 -3.577187e-07) 
( 2.630419e-07 0 -3.360241e-07) 
( 2.630589e-07 0 -3.360124e-07) 
( 2.192547e-07 0 -3.577231e-07) 
( 2.631188e-07 0 -3.359686e-07) 
( 2.633801e-07 0 -3.357382e-07) 
( 2.191924e-07 0 -3.578236e-07) 
( 2.664773e-07 0 -3.335860e-07) 
( 2.437468e-07 0 -3.462066e-07) 
( 2.136262e-07 0 -3.614962e-07) 
( 4.356160e-07 0 -3.012732e-07) 
( 4.356568e-07 0 -3.013183e-07) 
( 3.213291e-07 0 -3.210645e-07) 
( 4.356803e-07 0 -3.013424e-07) 
( 4.356803e-07 0 -3.013424e-07) 
( 3.213692e-07 0 -3.210642e-07) 
( 4.356803e-07 0 -3.013424e-07) 
( 4.356865e-07 0 -3.013453e-07) 
( 3.213692e-07 0 -3.210642e-07) 
( 4.356791e-07 0 -3.013545e-07) 
( 4.356716e-07 0 -3.013637e-07) 
( 3.213675e-07 0 -3.210689e-07) 
( 4.356778e-07 0 -3.013667e-07) 
( 4.356704e-07 0 -3.013758e-07) 
( 3.213585e-07 0 -3.210795e-07) 
( 4.356678e-07 0 -3.014001e-07) 
( 4.356604e-07 0 -3.014093e-07) 
( 3.213532e-07 0 -3.210936e-07) 
( 4.356542e-07 0 -3.014063e-07) 
( 4.356767e-07 0 -3.013151e-07) 
( 3.213856e-07 0 -3.210606e-07) 
( 4.357071e-07 0 -3.008961e-07) 
( 4.358073e-07 0 -2.988654e-07) 
( 3.218065e-07 0 -3.201671e-07) 
( 4.380541e-07 0 -2.880323e-07) 
( 4.205456e-07 0 -3.251635e-07) 
( 3.093930e-07 0 -3.300333e-07) 
( 7.831532e-07 0 -2.140082e-07) 
( 7.831519e-07 0 -2.139878e-07) 
( 6.310623e-07 0 -2.761020e-07) 
( 7.831519e-07 0 -2.139878e-07) 
( 7.831519e-07 0 -2.139878e-07) 
( 6.310623e-07 0 -2.761020e-07) 
( 7.831519e-07 0 -2.139878e-07) 
( 7.831519e-07 0 -2.139878e-07) 
( 6.310623e-07 0 -2.761020e-07) 
( 7.831519e-07 0 -2.139878e-07) 
( 7.831519e-07 0 -2.139878e-07) 
( 6.310623e-07 0 -2.761020e-07) 
( 7.833812e-07 0 -2.141347e-07) 
( 7.833812e-07 0 -2.141347e-07) 
( 6.310622e-07 0 -2.761119e-07) 
( 7.833805e-07 0 -2.141245e-07) 
( 7.833799e-07 0 -2.141143e-07) 
( 6.310622e-07 0 -2.761119e-07) 
( 7.833786e-07 0 -2.140938e-07) 
( 7.831468e-07 0 -2.139061e-07) 
( 6.308688e-07 0 -2.759803e-07) 
( 7.824552e-07 0 -2.134041e-07) 
( 7.792481e-07 0 -2.113883e-07) 
( 6.271891e-07 0 -2.738943e-07) 
( 7.602949e-07 0 -2.003898e-07) 
( 7.832770e-07 0 -2.320630e-07) 
( 6.018317e-07 0 -2.885953e-07) 
( 8.646171e-07 0 3.892864e-09) 
( 8.646171e-07 0 3.892864e-09) 
( 8.551489e-07 0 -7.350869e-08) 
( 8.646171e-07 0 3.892864e-09) 
( 8.646171e-07 0 3.892864e-09) 
( 8.551489e-07 0 -7.350869e-08) 
( 8.646171e-07 0 3.892864e-09) 
( 8.646171e-07 0 3.892864e-09) 
( 8.551489e-07 0 -7.350869e-08) 
( 8.646171e-07 0 3.892864e-09) 
( 8.646171e-07 0 3.892864e-09) 
( 8.551489e-07 0 -7.350869e-08) 
( 8.646171e-07 0 3.892864e-09) 
( 8.646171e-07 0 3.892864e-09) 
( 8.551489e-07 0 -7.350869e-08) 
( 8.646171e-07 0 3.892864e-09) 
( 8.646171e-07 0 3.892864e-09) 
( 8.551489e-07 0 -7.350869e-08) 
( 8.646171e-07 0 3.892864e-09) 
( 8.646171e-07 0 3.892864e-09) 
( 8.551489e-07 0 -7.350869e-08) 
( 8.646171e-07 0 3.892864e-09) 
( 8.646171e-07 0 3.892864e-09) 
( 8.500767e-07 0 -9.600415e-08) 
( 8.651362e-07 0 6.378410e-09) 
( 8.692571e-07 0 1.096921e-08) 
( 8.551489e-07 0 -7.350869e-08) 
( 8.804646e-07 0 2.076637e-08) 
( 8.804646e-07 0 2.076637e-08) 
( 8.745655e-07 0 1.918282e-08) 
( 8.804646e-07 0 2.076637e-08) 
( 8.804646e-07 0 2.076637e-08) 
( 8.745655e-07 0 1.918282e-08) 
( 8.804646e-07 0 2.076637e-08) 
( 8.804646e-07 0 2.076637e-08) 
( 8.745655e-07 0 1.918282e-08) 
( 8.804646e-07 0 2.076637e-08) 
( 8.804646e-07 0 2.076637e-08) 
( 8.745655e-07 0 1.918282e-08) 
( 8.804646e-07 0 2.076637e-08) 
( 8.804646e-07 0 2.076637e-08) 
( 8.745655e-07 0 1.918282e-08) 
( 8.804646e-07 0 2.076637e-08) 
( 8.804646e-07 0 2.076637e-08) 
( 8.745655e-07 0 1.918282e-08) 
( 8.804646e-07 0 2.076637e-08) 
( 8.804646e-07 0 2.076637e-08) 
( 8.745655e-07 0 1.918282e-08) 
( 8.804646e-07 0 2.076637e-08) 
( 8.804646e-07 0 2.076637e-08) 
( 8.745655e-07 0 1.918282e-08) 
( 8.787527e-07 0 1.909949e-08) 
( 8.804646e-07 0 2.076637e-08) 
( 8.745655e-07 0 1.918282e-08) 
( -1.928630e-07 0 -2.154304e-07) 
( -2.106442e-07 0 -1.953426e-07) 
( -2.106585e-07 0 -1.953198e-07) 
( -1.928592e-07 0 -2.154350e-07) 
( -2.106393e-07 0 -1.953508e-07) 
( -2.106370e-07 0 -1.953540e-07) 
( -1.928616e-07 0 -2.154309e-07) 
( -2.106370e-07 0 -1.953540e-07) 
( -2.106388e-07 0 -1.953526e-07) 
( -1.928596e-07 0 -2.154333e-07) 
( -2.106388e-07 0 -1.953526e-07) 
( -2.106393e-07 0 -1.953508e-07) 
( -1.928683e-07 0 -2.154205e-07) 
( -2.106598e-07 0 -1.953202e-07) 
( -2.106459e-07 0 -1.953412e-07) 
( -1.928478e-07 0 -2.154376e-07) 
( -2.106257e-07 0 -1.953757e-07) 
( -2.106526e-07 0 -1.953316e-07) 
( -1.928425e-07 0 -2.154428e-07) 
( -2.106130e-07 0 -1.953970e-07) 
( -2.106108e-07 0 -1.954002e-07) 
( -1.927832e-07 0 -2.155828e-07) 
( -2.106562e-07 0 -1.952901e-07) 
( -2.106299e-07 0 -1.953654e-07) 
( -1.919854e-07 0 -2.163907e-07) 
( -2.110374e-07 0 -1.951458e-07) 
( -2.106318e-07 0 -1.949350e-07) 
( -2.210366e-07 0 -1.653414e-07) 
( -2.246218e-07 0 -1.317060e-07) 
( -2.246223e-07 0 -1.317009e-07) 
( -2.210357e-07 0 -1.653502e-07) 
( -2.246223e-07 0 -1.317009e-07) 
( -2.246218e-07 0 -1.317060e-07) 
( -2.210362e-07 0 -1.653451e-07) 
( -2.246218e-07 0 -1.317060e-07) 
( -2.246218e-07 0 -1.317060e-07) 
( -2.210357e-07 0 -1.653502e-07) 
( -2.246215e-07 0 -1.317093e-07) 
( -2.246223e-07 0 -1.317009e-07) 
( -2.210368e-07 0 -1.653410e-07) 
( -2.246215e-07 0 -1.317093e-07) 
( -2.246215e-07 0 -1.317093e-07) 
( -2.210338e-07 0 -1.653693e-07) 
( -2.246213e-07 0 -1.317126e-07) 
( -2.246215e-07 0 -1.317093e-07) 
( -2.210302e-07 0 -1.654027e-07) 
( -2.246196e-07 0 -1.317298e-07) 
( -2.246205e-07 0 -1.317210e-07) 
( -2.210441e-07 0 -1.652519e-07) 
( -2.246249e-07 0 -1.316640e-07) 
( -2.246204e-07 0 -1.317200e-07) 
( -2.188901e-07 0 -1.710701e-07) 
( -2.266079e-07 0 -1.273911e-07) 
( -2.242918e-07 0 -1.322714e-07) 
( -2.221846e-07 0 -1.067699e-07) 
( -2.219215e-07 0 -8.736380e-08) 
( -2.219202e-07 0 -8.736556e-08) 
( -2.221846e-07 0 -1.067699e-07) 
( -2.219215e-07 0 -8.736380e-08) 
( -2.219215e-07 0 -8.736380e-08) 
( -2.221846e-07 0 -1.067699e-07) 
( -2.219215e-07 0 -8.736380e-08) 
( -2.219215e-07 0 -8.736380e-08) 
( -2.221883e-07 0 -1.067697e-07) 
( -2.219242e-07 0 -8.735890e-08) 
( -2.219215e-07 0 -8.736380e-08) 
( -2.221883e-07 0 -1.067697e-07) 
( -2.219242e-07 0 -8.735890e-08) 
( -2.219242e-07 0 -8.735890e-08) 
( -2.221921e-07 0 -1.067694e-07) 
( -2.219255e-07 0 -8.735576e-08) 
( -2.219268e-07 0 -8.735400e-08) 
( -2.221933e-07 0 -1.067752e-07) 
( -2.219322e-07 0 -8.734421e-08) 
( -2.219295e-07 0 -8.734910e-08) 
( -2.221643e-07 0 -1.067828e-07) 
( -2.219113e-07 0 -8.736652e-08) 
( -2.219295e-07 0 -8.734910e-08) 
( -2.233585e-07 0 -1.043936e-07) 
( -2.226535e-07 0 -8.615606e-08) 
( -2.219157e-07 0 -8.745890e-08) 
( -2.143157e-07 0 -8.006627e-08) 
( -2.074673e-07 0 -6.705507e-08) 
( -2.074659e-07 0 -6.705501e-08) 
( -2.143135e-07 0 -8.006680e-08) 
( -2.074673e-07 0 -6.705507e-08) 
( -2.074673e-07 0 -6.705507e-08) 
( -2.143157e-07 0 -8.006627e-08) 
( -2.074673e-07 0 -6.705507e-08) 
( -2.074673e-07 0 -6.705507e-08) 
( -2.143157e-07 0 -8.006627e-08) 
( -2.074683e-07 0 -6.705245e-08) 
( -2.074673e-07 0 -6.705507e-08) 
( -2.143157e-07 0 -8.006627e-08) 
( -2.074683e-07 0 -6.705245e-08) 
( -2.074698e-07 0 -6.705250e-08) 
( -2.143190e-07 0 -8.006766e-08) 
( -2.074717e-07 0 -6.704726e-08) 
( -2.074707e-07 0 -6.704988e-08) 
( -2.143235e-07 0 -8.007096e-08) 
( -2.074766e-07 0 -6.704213e-08) 
( -2.074756e-07 0 -6.704475e-08) 
( -2.143292e-07 0 -8.005194e-08) 
( -2.074872e-07 0 -6.700266e-08) 
( -2.074742e-07 0 -6.704469e-08) 
( -2.150322e-07 0 -8.155073e-08) 
( -2.055268e-07 0 -6.969490e-08) 
( -2.075853e-07 0 -6.708879e-08) 
( -2.030636e-07 0 -5.562789e-08) 
( -1.958452e-07 0 -4.242643e-08) 
( -1.958451e-07 0 -4.242720e-08) 
( -2.030636e-07 0 -5.562789e-08) 
( -1.958423e-07 0 -4.242231e-08) 
( -1.958452e-07 0 -4.242643e-08) 
( -2.030636e-07 0 -5.562789e-08) 
( -1.958423e-07 0 -4.242231e-08) 
( -1.958423e-07 0 -4.242231e-08) 
( -2.030624e-07 0 -5.562575e-08) 
( -1.958399e-07 0 -4.241432e-08) 
( -1.958425e-07 0 -4.242076e-08) 
( -2.030624e-07 0 -5.562575e-08) 
( -1.958402e-07 0 -4.241200e-08) 
( -1.958401e-07 0 -4.241277e-08) 
( -2.030678e-07 0 -5.562219e-08) 
( -1.958344e-07 0 -4.240299e-08) 
( -1.958372e-07 0 -4.240788e-08) 
( -2.030744e-07 0 -5.562076e-08) 
( -1.958318e-07 0 -4.239655e-08) 
( -1.958345e-07 0 -4.240221e-08) 
( -2.030780e-07 0 -5.559604e-08) 
( -1.958191e-07 0 -4.233312e-08) 
( -1.958323e-07 0 -4.239267e-08) 
( -2.003486e-07 0 -5.403911e-08) 
( -1.930070e-07 0 -4.651700e-08) 
( -1.958969e-07 0 -4.231767e-08) 
( -1.903087e-07 0 -2.322847e-08) 
( -1.873615e-07 0 -8.546267e-09) 
( -1.873615e-07 0 -8.546267e-09) 
( -1.903087e-07 0 -2.322847e-08) 
( -1.873615e-07 0 -8.546267e-09) 
( -1.873615e-07 0 -8.546267e-09) 
( -1.903087e-07 0 -2.322847e-08) 
( -1.873615e-07 0 -8.546267e-09) 
( -1.873615e-07 0 -8.546267e-09) 
( -1.903047e-07 0 -2.322731e-08) 
( -1.873615e-07 0 -8.546267e-09) 
( -1.873615e-07 0 -8.546267e-09) 
( -1.902988e-07 0 -2.323448e-08) 
( -1.873615e-07 0 -8.546267e-09) 
( -1.873615e-07 0 -8.546267e-09) 
( -1.902923e-07 0 -2.324444e-08) 
( -1.873615e-07 0 -8.546267e-09) 
( -1.873615e-07 0 -8.546267e-09) 
( -1.902858e-07 0 -2.325439e-08) 
( -1.873615e-07 0 -8.546267e-09) 
( -1.873615e-07 0 -8.546267e-09) 
( -1.903308e-07 0 -2.312601e-08) 
( -1.873615e-07 0 -8.546267e-09) 
( -1.873615e-07 0 -8.546267e-09) 
( -1.888154e-07 0 -1.518164e-08) 
( -1.873615e-07 0 -8.546267e-09) 
( -1.875709e-07 0 -9.375047e-09) 
( -1.878132e-07 0 -4.611835e-09) 
( -1.898520e-07 0 3.601528e-10) 
( -1.898520e-07 0 3.601528e-10) 
( -1.878132e-07 0 -4.611835e-09) 
( -1.898520e-07 0 3.601528e-10) 
( -1.898520e-07 0 3.601528e-10) 
( -1.878132e-07 0 -4.611835e-09) 
( -1.898520e-07 0 3.601528e-10) 
( -1.898520e-07 0 3.601528e-10) 
( -1.878132e-07 0 -4.611835e-09) 
( -1.898520e-07 0 3.601528e-10) 
( -1.898520e-07 0 3.601528e-10) 
( -1.878132e-07 0 -4.611835e-09) 
( -1.898520e-07 0 3.601528e-10) 
( -1.898520e-07 0 3.601528e-10) 
( -1.878132e-07 0 -4.611835e-09) 
( -1.898520e-07 0 3.601528e-10) 
( -1.898520e-07 0 3.601528e-10) 
( -1.878132e-07 0 -4.611835e-09) 
( -1.898520e-07 0 3.601528e-10) 
( -1.898520e-07 0 3.601528e-10) 
( -1.878132e-07 0 -4.611835e-09) 
( -1.918906e-07 0 3.458810e-09) 
( -1.898520e-07 0 3.601528e-10) 
( -1.878132e-07 0 -4.611835e-09) 
( -1.918906e-07 0 3.458810e-09) 
( -1.898520e-07 0 3.601528e-10) 
( -1.905246e-07 0 6.952385e-09) 
( -1.886736e-07 0 8.074028e-09) 
( -1.886736e-07 0 8.074028e-09) 
( -1.905246e-07 0 6.952385e-09) 
( -1.886736e-07 0 8.074028e-09) 
( -1.886736e-07 0 8.074028e-09) 
( -1.905246e-07 0 6.952385e-09) 
( -1.886736e-07 0 8.074028e-09) 
( -1.886736e-07 0 8.074028e-09) 
( -1.905246e-07 0 6.952385e-09) 
( -1.886736e-07 0 8.074028e-09) 
( -1.886736e-07 0 8.074028e-09) 
( -1.905246e-07 0 6.952385e-09) 
( -1.886736e-07 0 8.074028e-09) 
( -1.886736e-07 0 8.074028e-09) 
( -1.905246e-07 0 6.952385e-09) 
( -1.886736e-07 0 8.074028e-09) 
( -1.886736e-07 0 8.074028e-09) 
( -1.905246e-07 0 6.952385e-09) 
( -1.886736e-07 0 8.074028e-09) 
( -1.886736e-07 0 8.074028e-09) 
( -1.905246e-07 0 6.952385e-09) 
( -1.886736e-07 0 8.074028e-09) 
( -1.886736e-07 0 8.074028e-09) 
( -1.905246e-07 0 6.952385e-09) 
( -1.886736e-07 0 8.074028e-09) 
( -1.886736e-07 0 8.074028e-09) 
( -1.862824e-07 0 9.684516e-09) 
( -1.853124e-07 0 1.799028e-08) 
( -1.853118e-07 0 1.799152e-08) 
( -1.862824e-07 0 9.684516e-09) 
( -1.853124e-07 0 1.799028e-08) 
( -1.853124e-07 0 1.799028e-08) 
( -1.862824e-07 0 9.684516e-09) 
( -1.853124e-07 0 1.799028e-08) 
( -1.853124e-07 0 1.799028e-08) 
( -1.862824e-07 0 9.684516e-09) 
( -1.853095e-07 0 1.798684e-08) 
( -1.853095e-07 0 1.798684e-08) 
( -1.862824e-07 0 9.684516e-09) 
( -1.853095e-07 0 1.798684e-08) 
( -1.853095e-07 0 1.798684e-08) 
( -1.862824e-07 0 9.684516e-09) 
( -1.853064e-07 0 1.798401e-08) 
( -1.853067e-07 0 1.798340e-08) 
( -1.862824e-07 0 9.684516e-09) 
( -1.853081e-07 0 1.798993e-08) 
( -1.853061e-07 0 1.798463e-08) 
( -1.862824e-07 0 9.684516e-09) 
( -1.853096e-07 0 1.801571e-08) 
( -1.853064e-07 0 1.799364e-08) 
( -1.853508e-07 0 1.828407e-08) 
( -1.862824e-07 0 9.684516e-09) 
( -1.862824e-07 0 9.684516e-09) 
( -1.864494e-07 0 3.201945e-08) 
( -1.884645e-07 0 4.769589e-08) 
( -1.884640e-07 0 4.769587e-08) 
( -1.864494e-07 0 3.201945e-08) 
( -1.884645e-07 0 4.769589e-08) 
( -1.884645e-07 0 4.769589e-08) 
( -1.864494e-07 0 3.201945e-08) 
( -1.884645e-07 0 4.769589e-08) 
( -1.884651e-07 0 4.769592e-08) 
( -1.864468e-07 0 3.201539e-08) 
( -1.884651e-07 0 4.769592e-08) 
( -1.884651e-07 0 4.769592e-08) 
( -1.864471e-07 0 3.201477e-08) 
( -1.884660e-07 0 4.769189e-08) 
( -1.884651e-07 0 4.769592e-08) 
( -1.864476e-07 0 3.201353e-08) 
( -1.884666e-07 0 4.769191e-08) 
( -1.884660e-07 0 4.769189e-08) 
( -1.864536e-07 0 3.201980e-08) 
( -1.884686e-07 0 4.770422e-08) 
( -1.884678e-07 0 4.769604e-08) 
( -1.864404e-07 0 3.199048e-08) 
( -1.884730e-07 0 4.770850e-08) 
( -1.884700e-07 0 4.771651e-08) 
( -1.884433e-07 0 4.777639e-08) 
( -1.864497e-07 0 3.203808e-08) 
( -1.858592e-07 0 3.289641e-08) 
( -1.949996e-07 0 6.150342e-08) 
( -2.058307e-07 0 8.073213e-08) 
( -2.058283e-07 0 8.073240e-08) 
( -1.949932e-07 0 6.150587e-08) 
( -2.058307e-07 0 8.073213e-08) 
( -2.058280e-07 0 8.073658e-08) 
( -1.949932e-07 0 6.150587e-08) 
( -2.058307e-07 0 8.073213e-08) 
( -2.058307e-07 0 8.073213e-08) 
( -1.949943e-07 0 6.150338e-08) 
( -2.058307e-07 0 8.073213e-08) 
( -2.058307e-07 0 8.073213e-08) 
( -1.949879e-07 0 6.150583e-08) 
( -2.058307e-07 0 8.073213e-08) 
( -2.058307e-07 0 8.073213e-08) 
( -1.949825e-07 0 6.150579e-08) 
( -2.058356e-07 0 8.072739e-08) 
( -2.058356e-07 0 8.072739e-08) 
( -1.949654e-07 0 6.150817e-08) 
( -2.058455e-07 0 8.071793e-08) 
( -2.058406e-07 0 8.072266e-08) 
( -1.950047e-07 0 6.148096e-08) 
( -2.058450e-07 0 8.075529e-08) 
( -2.058449e-07 0 8.072629e-08) 
( -2.057768e-07 0 8.119846e-08) 
( -1.954507e-07 0 6.127862e-08) 
( -1.929665e-07 0 6.514443e-08) 
( -2.227493e-07 0 9.471856e-08) 
( -2.364338e-07 0 1.238021e-07) 
( -2.364338e-07 0 1.238021e-07) 
( -2.227493e-07 0 9.471856e-08) 
( -2.364338e-07 0 1.238021e-07) 
( -2.364338e-07 0 1.238021e-07) 
( -2.227493e-07 0 9.471856e-08) 
( -2.364338e-07 0 1.238021e-07) 
( -2.364338e-07 0 1.238021e-07) 
( -2.227533e-07 0 9.471101e-08) 
( -2.364389e-07 0 1.237937e-07) 
( -2.364389e-07 0 1.237937e-07) 
( -2.227499e-07 0 9.471369e-08) 
( -2.364433e-07 0 1.237903e-07) 
( -2.364389e-07 0 1.237937e-07) 
( -2.227579e-07 0 9.469859e-08) 
( -2.364527e-07 0 1.237785e-07) 
( -2.364433e-07 0 1.237903e-07) 
( -2.227625e-07 0 9.468617e-08) 
( -2.364665e-07 0 1.237634e-07) 
( -2.364622e-07 0 1.237668e-07) 
( -2.227261e-07 0 9.468432e-08) 
( -2.364037e-07 0 1.237734e-07) 
( -2.364514e-07 0 1.237622e-07) 
( -2.361051e-07 0 1.238462e-07) 
( -2.227017e-07 0 9.485249e-08) 
( -2.234934e-07 0 9.259337e-08) 
( -2.514004e-07 0 1.511346e-07) 
( -2.597441e-07 0 1.768727e-07) 
( -2.597441e-07 0 1.768727e-07) 
( -2.514023e-07 0 1.511367e-07) 
( -2.597441e-07 0 1.768727e-07) 
( -2.597441e-07 0 1.768727e-07) 
( -2.514023e-07 0 1.511367e-07) 
( -2.597441e-07 0 1.768727e-07) 
( -2.597441e-07 0 1.768727e-07) 
( -2.514023e-07 0 1.511367e-07) 
( -2.597441e-07 0 1.768727e-07) 
( -2.597441e-07 0 1.768727e-07) 
( -2.514023e-07 0 1.511367e-07) 
( -2.597441e-07 0 1.768727e-07) 
( -2.597441e-07 0 1.768727e-07) 
( -2.514059e-07 0 1.511410e-07) 
( -2.597441e-07 0 1.768727e-07) 
( -2.597441e-07 0 1.768727e-07) 
( -2.514090e-07 0 1.511379e-07) 
( -2.597441e-07 0 1.768727e-07) 
( -2.597441e-07 0 1.768727e-07) 
( -2.513973e-07 0 1.511175e-07) 
( -2.597441e-07 0 1.768727e-07) 
( -2.597441e-07 0 1.768727e-07) 
( -2.591407e-07 0 1.787545e-07) 
( -2.513240e-07 0 1.504601e-07) 
( -2.431122e-07 0 1.595176e-07) 
( -2.434420e-07 0 2.399907e-07) 
( -2.284395e-07 0 2.921667e-07) 
( -2.284459e-07 0 2.921731e-07) 
( -2.434420e-07 0 2.399907e-07) 
( -2.284373e-07 0 2.921734e-07) 
( -2.284373e-07 0 2.921734e-07) 
( -2.434420e-07 0 2.399907e-07) 
( -2.284395e-07 0 2.921667e-07) 
( -2.284373e-07 0 2.921734e-07) 
( -2.434547e-07 0 2.399805e-07) 
( -2.284395e-07 0 2.921667e-07) 
( -2.284395e-07 0 2.921667e-07) 
( -2.434584e-07 0 2.399727e-07) 
( -2.284658e-07 0 2.921397e-07) 
( -2.284395e-07 0 2.921667e-07) 
( -2.434965e-07 0 2.399423e-07) 
( -2.285030e-07 0 2.921058e-07) 
( -2.284790e-07 0 2.921262e-07) 
( -2.435600e-07 0 2.398916e-07) 
( -2.285270e-07 0 2.920854e-07) 
( -2.285161e-07 0 2.920923e-07) 
( -2.434502e-07 0 2.396749e-07) 
( -2.283819e-07 0 2.917875e-07) 
( -2.284545e-07 0 2.921729e-07) 
( -2.271293e-07 0 2.931833e-07) 
( -2.417555e-07 0 2.417533e-07) 
( -2.422028e-07 0 2.477169e-07) 
( 8.882020e-07 0 2.518271e-08) 
( 8.882020e-07 0 2.518271e-08) 
( 8.826344e-07 0 3.387117e-08) 
( 8.882020e-07 0 2.518271e-08) 
( 8.882020e-07 0 2.518271e-08) 
( 8.826344e-07 0 3.387117e-08) 
( 8.882020e-07 0 2.518271e-08) 
( 8.882020e-07 0 2.518271e-08) 
( 8.826344e-07 0 3.387117e-08) 
( 8.882020e-07 0 2.518271e-08) 
( 8.882020e-07 0 2.518271e-08) 
( 8.826344e-07 0 3.387117e-08) 
( 8.882020e-07 0 2.518271e-08) 
( 8.882020e-07 0 2.518271e-08) 
( 8.826344e-07 0 3.387117e-08) 
( 8.882020e-07 0 2.518271e-08) 
( 8.882020e-07 0 2.518271e-08) 
( 8.826344e-07 0 3.387117e-08) 
( 8.882020e-07 0 2.518271e-08) 
( 8.882020e-07 0 2.518271e-08) 
( 8.826344e-07 0 3.387117e-08) 
( 8.882020e-07 0 2.518271e-08) 
( 8.882020e-07 0 2.518271e-08) 
( 8.826344e-07 0 3.387117e-08) 
( 8.874392e-07 0 2.378946e-08) 
( 8.882020e-07 0 2.518271e-08) 
( 8.826344e-07 0 3.387117e-08) 
( 8.973351e-07 0 3.733116e-08) 
( 8.973366e-07 0 3.733274e-08) 
( 8.926459e-07 0 1.715406e-08) 
( 8.973359e-07 0 3.733195e-08) 
( 8.973359e-07 0 3.733195e-08) 
( 8.926459e-07 0 1.715406e-08) 
( 8.973359e-07 0 3.733195e-08) 
( 8.973366e-07 0 3.733274e-08) 
( 8.926459e-07 0 1.715406e-08) 
( 8.973366e-07 0 3.733274e-08) 
( 8.973366e-07 0 3.733274e-08) 
( 8.926459e-07 0 1.715406e-08) 
( 8.973373e-07 0 3.733353e-08) 
( 8.973381e-07 0 3.733432e-08) 
( 8.926459e-07 0 1.715406e-08) 
( 8.973388e-07 0 3.733511e-08) 
( 8.974556e-07 0 3.729379e-08) 
( 8.926459e-07 0 1.715406e-08) 
( 8.974570e-07 0 3.729538e-08) 
( 8.973432e-07 0 3.733985e-08) 
( 8.926459e-07 0 1.715406e-08) 
( 8.973477e-07 0 3.734459e-08) 
( 8.966465e-07 0 3.742548e-08) 
( 8.926459e-07 0 1.715406e-08) 
( 8.908121e-07 0 1.826588e-08) 
( 8.918076e-07 0 3.906323e-08) 
( 8.977050e-07 0 3.719500e-08) 
( 8.467075e-07 0 2.077497e-07) 
( 8.470028e-07 0 2.078247e-07) 
( 8.912414e-07 0 1.146314e-07) 
( 8.469981e-07 0 2.078158e-07) 
( 8.469981e-07 0 2.078158e-07) 
( 8.912414e-07 0 1.146314e-07) 
( 8.469981e-07 0 2.078158e-07) 
( 8.470028e-07 0 2.078247e-07) 
( 8.912414e-07 0 1.146314e-07) 
( 8.470028e-07 0 2.078247e-07) 
( 8.470028e-07 0 2.078247e-07) 
( 8.912414e-07 0 1.146314e-07) 
( 8.470076e-07 0 2.078337e-07) 
( 8.470076e-07 0 2.078337e-07) 
( 8.912414e-07 0 1.146314e-07) 
( 8.470123e-07 0 2.078426e-07) 
( 8.470171e-07 0 2.078515e-07) 
( 8.912414e-07 0 1.146314e-07) 
( 8.472887e-07 0 2.078819e-07) 
( 8.472364e-07 0 2.077837e-07) 
( 8.912396e-07 0 1.146296e-07) 
( 8.468744e-07 0 2.075837e-07) 
( 8.436208e-07 0 2.067498e-07) 
( 8.894236e-07 0 1.148231e-07) 
( 8.810781e-07 0 1.161107e-07) 
( 8.256019e-07 0 2.002522e-07) 
( 8.811861e-07 0 2.030675e-07) 
( 4.711357e-07 0 3.793001e-07) 
( 4.710921e-07 0 3.793013e-07) 
( 6.583881e-07 0 3.339420e-07) 
( 4.710921e-07 0 3.793013e-07) 
( 4.710921e-07 0 3.793013e-07) 
( 6.583362e-07 0 3.337019e-07) 
( 4.710921e-07 0 3.793013e-07) 
( 4.710921e-07 0 3.793013e-07) 
( 6.583881e-07 0 3.339420e-07) 
( 4.710838e-07 0 3.793115e-07) 
( 4.710900e-07 0 3.793213e-07) 
( 6.583881e-07 0 3.339420e-07) 
( 4.710900e-07 0 3.793213e-07) 
( 4.710962e-07 0 3.793311e-07) 
( 6.583881e-07 0 3.339420e-07) 
( 4.710941e-07 0 3.793512e-07) 
( 4.710941e-07 0 3.793512e-07) 
( 6.584069e-07 0 3.339074e-07) 
( 4.711957e-07 0 3.793483e-07) 
( 4.713931e-07 0 3.792628e-07) 
( 6.590936e-07 0 3.339837e-07) 
( 4.714436e-07 0 3.789220e-07) 
( 4.708738e-07 0 3.776010e-07) 
( 6.587195e-07 0 3.303066e-07) 
( 6.613791e-07 0 3.122083e-07) 
( 4.677221e-07 0 3.683386e-07) 
( 4.215087e-07 0 4.030671e-07) 
( 2.529928e-07 0 3.908092e-07) 
( 2.529928e-07 0 3.908092e-07) 
( 3.519929e-07 0 3.783475e-07) 
( 2.529906e-07 0 3.908128e-07) 
( 2.529906e-07 0 3.908128e-07) 
( 3.519929e-07 0 3.783475e-07) 
( 2.529928e-07 0 3.908092e-07) 
( 2.529906e-07 0 3.908128e-07) 
( 3.519929e-07 0 3.783475e-07) 
( 2.529906e-07 0 3.908128e-07) 
( 2.529906e-07 0 3.908128e-07) 
( 3.519935e-07 0 3.783532e-07) 
( 2.529816e-07 0 3.908188e-07) 
( 2.529795e-07 0 3.908225e-07) 
( 3.519948e-07 0 3.783646e-07) 
( 2.529705e-07 0 3.908285e-07) 
( 2.529684e-07 0 3.908321e-07) 
( 3.519961e-07 0 3.783760e-07) 
( 2.529663e-07 0 3.908358e-07) 
( 2.529795e-07 0 3.908225e-07) 
( 3.520498e-07 0 3.783325e-07) 
( 2.530838e-07 0 3.907283e-07) 
( 2.540158e-07 0 3.900159e-07) 
( 3.529412e-07 0 3.770572e-07) 
( 3.512581e-07 0 3.726318e-07) 
( 2.574265e-07 0 3.868104e-07) 
( 2.495970e-07 0 3.936120e-07) 
( 2.068288e-07 0 3.901224e-07) 
( 2.068288e-07 0 3.901224e-07) 
( 2.206519e-07 0 3.923035e-07) 
( 2.068288e-07 0 3.901224e-07) 
( 2.068288e-07 0 3.901224e-07) 
( 2.206444e-07 0 3.923082e-07) 
( 2.068288e-07 0 3.901224e-07) 
( 2.068288e-07 0 3.901224e-07) 
( 2.206444e-07 0 3.923082e-07) 
( 2.068288e-07 0 3.901224e-07) 
( 2.068288e-07 0 3.901224e-07) 
( 2.206421e-07 0 3.923106e-07) 
( 2.068288e-07 0 3.901224e-07) 
( 2.068288e-07 0 3.901224e-07) 
( 2.206397e-07 0 3.923131e-07) 
( 2.068288e-07 0 3.901224e-07) 
( 2.068288e-07 0 3.901224e-07) 
( 2.206350e-07 0 3.923181e-07) 
( 2.068288e-07 0 3.901224e-07) 
( 2.068288e-07 0 3.901224e-07) 
( 2.206429e-07 0 3.923160e-07) 
( 2.068288e-07 0 3.901224e-07) 
( 2.059266e-07 0 3.902164e-07) 
( 2.210578e-07 0 3.920332e-07) 
( 2.222327e-07 0 3.909657e-07) 
( 2.049926e-07 0 3.907491e-07) 
( 2.007330e-07 0 3.922913e-07) 
( 1.931700e-07 0 3.857440e-07) 
( 1.931700e-07 0 3.857440e-07) 
( 2.033002e-07 0 3.848049e-07) 
( 1.931700e-07 0 3.857440e-07) 
( 1.931700e-07 0 3.857440e-07) 
( 2.033002e-07 0 3.848049e-07) 
( 1.931700e-07 0 3.857440e-07) 
( 1.931700e-07 0 3.857440e-07) 
( 2.033002e-07 0 3.848049e-07) 
( 1.931700e-07 0 3.857440e-07) 
( 1.931700e-07 0 3.857440e-07) 
( 2.033002e-07 0 3.848049e-07) 
( 1.931700e-07 0 3.857440e-07) 
( 1.931700e-07 0 3.857440e-07) 
( 2.033002e-07 0 3.848049e-07) 
( 1.931700e-07 0 3.857440e-07) 
( 1.931700e-07 0 3.857440e-07) 
( 2.033002e-07 0 3.848049e-07) 
( 1.931700e-07 0 3.857440e-07) 
( 1.931700e-07 0 3.857440e-07) 
( 2.033002e-07 0 3.848049e-07) 
( 1.931700e-07 0 3.857440e-07) 
( 1.931700e-07 0 3.857440e-07) 
( 2.033002e-07 0 3.848049e-07) 
( 2.033002e-07 0 3.848049e-07) 
( 1.931700e-07 0 3.857440e-07) 
( 1.931700e-07 0 3.857440e-07) 
( 1.893705e-07 0 3.807224e-07) 
( 1.893705e-07 0 3.807224e-07) 
( 1.838816e-07 0 3.870975e-07) 
( 1.893705e-07 0 3.807224e-07) 
( 1.893705e-07 0 3.807224e-07) 
( 1.838759e-07 0 3.871033e-07) 
( 1.893705e-07 0 3.807224e-07) 
( 1.893705e-07 0 3.807224e-07) 
( 1.838804e-07 0 3.870933e-07) 
( 1.861452e-07 0 3.857056e-07) 
( 1.893705e-07 0 3.807224e-07) 
( 1.893705e-07 0 3.807224e-07) 
( 2.133324e-07 0 -4.113389e-07) 
( 2.133324e-07 0 -4.113389e-07) 
( 2.105099e-07 0 -4.193002e-07) 
( 2.133324e-07 0 -4.113389e-07) 
( 2.133324e-07 0 -4.113389e-07) 
( 2.105327e-07 0 -4.192824e-07) 
( 2.133324e-07 0 -4.113389e-07) 
( 2.133324e-07 0 -4.113389e-07) 
( 2.105188e-07 0 -4.192957e-07) 
( 2.133324e-07 0 -4.113389e-07) 
( 2.133324e-07 0 -4.113389e-07) 
( 2.105443e-07 0 -4.192752e-07) 
( 2.133324e-07 0 -4.113389e-07) 
( 2.133324e-07 0 -4.113389e-07) 
( 2.105188e-07 0 -4.192957e-07) 
( 2.133324e-07 0 -4.113389e-07) 
( 2.133324e-07 0 -4.113389e-07) 
( 2.098647e-07 0 -4.198768e-07) 
( 2.109838e-07 0 -3.993266e-07) 
( 2.109838e-07 0 -3.993266e-07) 
( 2.180345e-07 0 -4.040270e-07) 
( 2.109838e-07 0 -3.993266e-07) 
( 2.109838e-07 0 -3.993266e-07) 
( 2.180345e-07 0 -4.040270e-07) 
( 2.109838e-07 0 -3.993266e-07) 
( 2.109838e-07 0 -3.993266e-07) 
( 2.180345e-07 0 -4.040270e-07) 
( 2.109838e-07 0 -3.993266e-07) 
( 2.109838e-07 0 -3.993266e-07) 
( 2.180345e-07 0 -4.040270e-07) 
( 2.109838e-07 0 -3.993266e-07) 
( 2.109838e-07 0 -3.993266e-07) 
( 2.180345e-07 0 -4.040270e-07) 
( 2.109838e-07 0 -3.993266e-07) 
( 2.109838e-07 0 -3.993266e-07) 
( 2.180345e-07 0 -4.040270e-07) 
( 1.893705e-07 0 3.807224e-07) 
( 1.893705e-07 0 3.807224e-07) 
( 1.837111e-07 0 3.872212e-07) 
( 1.893705e-07 0 3.807224e-07) 
( 1.893705e-07 0 3.807224e-07) 
( 1.836915e-07 0 3.872362e-07) 
( 1.893705e-07 0 3.807224e-07) 
( 1.893705e-07 0 3.807224e-07) 
( 1.836900e-07 0 3.872382e-07) 
( 1.893705e-07 0 3.807224e-07) 
( 1.893705e-07 0 3.807224e-07) 
( 1.837406e-07 0 3.871978e-07) 
( 1.893705e-07 0 3.807224e-07) 
( 1.893705e-07 0 3.807224e-07) 
( 1.838956e-07 0 3.870801e-07) 
( 1.654950e-07 0 3.926190e-07) 
( 1.654950e-07 0 3.926190e-07) 
( 1.804683e-07 0 3.858674e-07) 
( 1.654950e-07 0 3.926190e-07) 
( 1.654950e-07 0 3.926190e-07) 
( 1.804683e-07 0 3.858674e-07) 
( 1.654950e-07 0 3.926190e-07) 
( 1.654950e-07 0 3.926190e-07) 
( 1.804683e-07 0 3.858674e-07) 
( 1.654950e-07 0 3.926190e-07) 
( 1.654950e-07 0 3.926190e-07) 
( 1.804683e-07 0 3.858674e-07) 
( 1.654950e-07 0 3.926190e-07) 
( 1.654950e-07 0 3.926190e-07) 
( 1.804683e-07 0 3.858674e-07) 
( 2.009685e-07 0 -4.315014e-07) 
( 2.009685e-07 0 -4.315014e-07) 
( 1.959672e-07 0 -4.468589e-07) 
( 2.009685e-07 0 -4.315014e-07) 
( 2.022507e-07 0 -4.317556e-07) 
( 1.972944e-07 0 -4.467948e-07) 
( 2.133324e-07 0 -4.113389e-07) 
( 2.133324e-07 0 -4.113389e-07) 
( 2.107327e-07 0 -4.191523e-07) 
( 2.133324e-07 0 -4.113389e-07) 
( 2.133324e-07 0 -4.113389e-07) 
( 2.089453e-07 0 -4.194954e-07) 
( 1.654950e-07 0 3.926190e-07) 
( 1.654950e-07 0 3.926190e-07) 
( 1.804683e-07 0 3.858674e-07) 
( 1.804683e-07 0 3.858674e-07) 
( 1.676402e-07 0 3.917531e-07) 
( 1.733519e-07 0 3.883816e-07) 
( 1.662318e-07 0 4.048169e-07) 
( 1.662318e-07 0 4.048169e-07) 
( 1.728709e-07 0 3.954860e-07) 
( 1.728709e-07 0 3.954860e-07) 
( 1.662318e-07 0 4.048169e-07) 
( 1.662022e-07 0 4.032249e-07) 
( -2.092766e-07 0 3.440308e-07) 
( -2.119172e-07 0 3.644082e-07) 
( -2.119172e-07 0 3.644082e-07) 
( -2.119172e-07 0 3.644082e-07) 
( -2.093732e-07 0 3.437387e-07) 
( -2.089099e-07 0 3.426216e-07) 
( -2.184821e-07 0 3.611148e-07) 
( -2.082733e-07 0 3.627543e-07) 
( -2.082153e-07 0 3.612213e-07) 
( -2.085404e-07 0 3.613442e-07) 
( -2.184821e-07 0 3.611148e-07) 
( -2.179320e-07 0 3.568089e-07) 
( 1.654950e-07 0 3.926190e-07) 
( 1.654950e-07 0 3.926190e-07) 
( 1.804683e-07 0 3.858674e-07) 
( 1.654950e-07 0 3.926190e-07) 
( 1.654950e-07 0 3.926190e-07) 
( 1.804683e-07 0 3.858674e-07) 
( 1.662318e-07 0 4.048169e-07) 
( 1.662318e-07 0 4.048169e-07) 
( 1.728709e-07 0 3.954860e-07) 
( 1.662318e-07 0 4.048169e-07) 
( 1.662318e-07 0 4.048169e-07) 
( 1.728709e-07 0 3.954860e-07) 
( -1.400082e-07 0 -2.983706e-07) 
( -1.400889e-07 0 -2.945819e-07) 
( -1.400889e-07 0 -2.945819e-07) 
( -1.400082e-07 0 -2.983706e-07) 
( -1.400889e-07 0 -2.945819e-07) 
( -1.400889e-07 0 -2.945819e-07) 
( -1.400082e-07 0 -2.983706e-07) 
( -1.400889e-07 0 -2.945819e-07) 
( -1.400889e-07 0 -2.945819e-07) 
( -1.400082e-07 0 -2.983706e-07) 
( -1.400889e-07 0 -2.945819e-07) 
( -1.399754e-07 0 -2.925563e-07) 
( -1.427966e-07 0 -2.774949e-07) 
( -1.747418e-07 0 -2.398974e-07) 
( -1.747079e-07 0 -2.399149e-07) 
( -1.427447e-07 0 -2.775333e-07) 
( -1.747631e-07 0 -2.398812e-07) 
( -1.747525e-07 0 -2.398893e-07) 
( -1.434874e-07 0 -2.769525e-07) 
( -1.742467e-07 0 -2.401630e-07) 
( -1.746978e-07 0 -2.399246e-07) 
( -1.452245e-07 0 -2.793368e-07) 
( -1.876240e-07 0 -2.283120e-07) 
( -1.760040e-07 0 -2.385008e-07) 
( -2.092698e-07 0 3.441517e-07) 
( -2.119172e-07 0 3.644082e-07) 
( -2.119172e-07 0 3.644082e-07) 
( -2.092698e-07 0 3.441517e-07) 
( -2.119172e-07 0 3.644082e-07) 
( -2.119172e-07 0 3.644082e-07) 
( -2.092698e-07 0 3.441517e-07) 
( -2.119172e-07 0 3.644082e-07) 
( -2.119172e-07 0 3.644082e-07) 
( -2.092679e-07 0 3.441543e-07) 
( -2.119172e-07 0 3.644082e-07) 
( -2.119172e-07 0 3.644082e-07) 
( -2.092679e-07 0 3.441543e-07) 
( -2.119172e-07 0 3.644082e-07) 
( -2.119172e-07 0 3.644082e-07) 
( -2.102067e-07 0 3.433311e-07) 
( -2.119172e-07 0 3.644082e-07) 
( -2.119172e-07 0 3.644082e-07) 
( -2.112806e-07 0 3.424094e-07) 
( -2.119172e-07 0 3.644082e-07) 
( -2.119172e-07 0 3.644082e-07) 
( -2.184821e-07 0 3.611148e-07) 
( -2.079129e-07 0 3.613931e-07) 
( -2.078842e-07 0 3.614111e-07) 
( -2.184821e-07 0 3.611148e-07) 
( -2.078266e-07 0 3.614433e-07) 
( -2.078985e-07 0 3.614001e-07) 
( -2.184821e-07 0 3.611148e-07) 
( -2.078985e-07 0 3.614001e-07) 
( -2.078985e-07 0 3.614001e-07) 
( -2.184821e-07 0 3.611148e-07) 
( -2.078842e-07 0 3.614111e-07) 
( -2.079129e-07 0 3.613931e-07) 
( -2.184821e-07 0 3.611148e-07) 
( -2.079562e-07 0 3.613719e-07) 
( -2.078554e-07 0 3.614292e-07) 
( -2.184821e-07 0 3.611148e-07) 
( -2.079994e-07 0 3.613468e-07) 
( -2.080570e-07 0 3.613147e-07) 
( -2.184821e-07 0 3.611148e-07) 
( -2.082733e-07 0 3.627543e-07) 
( -2.080569e-07 0 3.613107e-07) 
( -1.400082e-07 0 -2.983706e-07) 
( -1.400889e-07 0 -2.945819e-07) 
( -1.400889e-07 0 -2.945819e-07) 
( -1.400082e-07 0 -2.983706e-07) 
( -1.400889e-07 0 -2.945819e-07) 
( -1.400889e-07 0 -2.945819e-07) 
( -1.400082e-07 0 -2.983706e-07) 
( -1.400889e-07 0 -2.945819e-07) 
( -1.400889e-07 0 -2.945819e-07) 
( -1.400082e-07 0 -2.983706e-07) 
( -1.400889e-07 0 -2.945819e-07) 
( -1.400889e-07 0 -2.945819e-07) 
( -1.400082e-07 0 -2.983706e-07) 
( -1.400889e-07 0 -2.945819e-07) 
( -1.400889e-07 0 -2.945819e-07) 
( -1.429524e-07 0 -2.773797e-07) 
( -1.745945e-07 0 -2.399725e-07) 
( -1.745955e-07 0 -2.399758e-07) 
( -1.429437e-07 0 -2.773847e-07) 
( -1.745834e-07 0 -2.399789e-07) 
( -1.745834e-07 0 -2.399789e-07) 
( -1.429437e-07 0 -2.773847e-07) 
( -1.745945e-07 0 -2.399725e-07) 
( -1.745834e-07 0 -2.399789e-07) 
( -1.429437e-07 0 -2.773847e-07) 
( -1.745945e-07 0 -2.399725e-07) 
( -1.745945e-07 0 -2.399725e-07) 
( -1.428744e-07 0 -2.774359e-07) 
( -1.746396e-07 0 -2.399485e-07) 
( -1.746051e-07 0 -2.399644e-07) 
( 1.804695e-07 0 -4.992857e-07) 
( 1.804768e-07 0 -4.992736e-07) 
( 1.749181e-07 0 -5.172257e-07) 
( 1.804989e-07 0 -4.991060e-07) 
( 1.802404e-07 0 -4.978909e-07) 
( 1.750617e-07 0 -5.153543e-07) 
( 1.967841e-07 0 -4.628801e-07) 
( 1.967841e-07 0 -4.628801e-07) 
( 1.884695e-07 0 -4.818967e-07) 
( 1.967841e-07 0 -4.628801e-07) 
( 1.967841e-07 0 -4.628801e-07) 
( 1.884695e-07 0 -4.818967e-07) 
( 1.967841e-07 0 -4.628801e-07) 
( 1.967841e-07 0 -4.628801e-07) 
( 1.884695e-07 0 -4.818967e-07) 
( 1.967841e-07 0 -4.628801e-07) 
( 1.967841e-07 0 -4.628801e-07) 
( 1.884695e-07 0 -4.818967e-07) 
( 1.967841e-07 0 -4.628801e-07) 
( 1.967841e-07 0 -4.628801e-07) 
( 1.889575e-07 0 -4.831374e-07) 
( 1.967841e-07 0 -4.628801e-07) 
( 1.967841e-07 0 -4.628801e-07) 
( 1.889715e-07 0 -4.831570e-07) 
( 1.967841e-07 0 -4.628801e-07) 
( 1.960360e-07 0 -4.611747e-07) 
( 1.890180e-07 0 -4.817530e-07) 
( 2.009685e-07 0 -4.315014e-07) 
( 2.009685e-07 0 -4.315014e-07) 
( 1.960734e-07 0 -4.470344e-07) 
( 2.009685e-07 0 -4.315014e-07) 
( 2.009685e-07 0 -4.315014e-07) 
( 1.960637e-07 0 -4.470254e-07) 
( 2.009685e-07 0 -4.315014e-07) 
( 2.009685e-07 0 -4.315014e-07) 
( 1.960637e-07 0 -4.470254e-07) 
( 2.009685e-07 0 -4.315014e-07) 
( 2.009685e-07 0 -4.315014e-07) 
( 1.957881e-07 0 -4.471133e-07) 
( 2.029662e-07 0 -4.324220e-07) 
( 2.030725e-07 0 -4.323399e-07) 
( 1.957613e-07 0 -4.470333e-07) 
( 1.662318e-07 0 4.048169e-07) 
( 1.662318e-07 0 4.048169e-07) 
( 1.728709e-07 0 3.954860e-07) 
( 1.662318e-07 0 4.048169e-07) 
( 1.662318e-07 0 4.048169e-07) 
( 1.728709e-07 0 3.954860e-07) 
( 1.662318e-07 0 4.048169e-07) 
( 1.662318e-07 0 4.048169e-07) 
( 1.728709e-07 0 3.954860e-07) 
( 1.662318e-07 0 4.048169e-07) 
( 1.662318e-07 0 4.048169e-07) 
( 1.728709e-07 0 3.954860e-07) 
( 1.662318e-07 0 4.048169e-07) 
( 1.662318e-07 0 4.048169e-07) 
( 1.728709e-07 0 3.954860e-07) 
( 1.567827e-07 0 4.293566e-07) 
( 1.567827e-07 0 4.293566e-07) 
( 1.628134e-07 0 4.148911e-07) 
( 1.567827e-07 0 4.293566e-07) 
( 1.567827e-07 0 4.293566e-07) 
( 1.628134e-07 0 4.148911e-07) 
( 1.567827e-07 0 4.293566e-07) 
( 1.567827e-07 0 4.293566e-07) 
( 1.628134e-07 0 4.148911e-07) 
( 1.567827e-07 0 4.293566e-07) 
( 1.567827e-07 0 4.293566e-07) 
( 1.628134e-07 0 4.148911e-07) 
( 1.567827e-07 0 4.293566e-07) 
( 1.567827e-07 0 4.293566e-07) 
( 1.628134e-07 0 4.148911e-07) 
( 1.567827e-07 0 4.293566e-07) 
( 1.567827e-07 0 4.293566e-07) 
( 1.628134e-07 0 4.148911e-07) 
( 1.628134e-07 0 4.148911e-07) 
( 1.567827e-07 0 4.293566e-07) 
( 1.601401e-07 0 4.255602e-07) 
( 1.554870e-07 0 4.508300e-07) 
( 1.554870e-07 0 4.508300e-07) 
( 1.527090e-07 0 4.415922e-07) 
( 1.527090e-07 0 4.415922e-07) 
( 1.554870e-07 0 4.508300e-07) 
( 1.559287e-07 0 4.498898e-07) 
( 1.967841e-07 0 -4.628801e-07) 
( 1.967841e-07 0 -4.628801e-07) 
( 1.889759e-07 0 -4.831887e-07) 
( 1.967841e-07 0 -4.628801e-07) 
( 1.967841e-07 0 -4.628801e-07) 
( 1.884695e-07 0 -4.818967e-07) 
( 2.009685e-07 0 -4.315014e-07) 
( 2.009685e-07 0 -4.315014e-07) 
( 1.960923e-07 0 -4.470612e-07) 
( 2.009685e-07 0 -4.315014e-07) 
( 2.009685e-07 0 -4.315014e-07) 
( 1.960795e-07 0 -4.470462e-07) 
( 1.567827e-07 0 4.293566e-07) 
( 1.567827e-07 0 4.293566e-07) 
( 1.628134e-07 0 4.148911e-07) 
( 1.567827e-07 0 4.293566e-07) 
( 1.567827e-07 0 4.293566e-07) 
( 1.628134e-07 0 4.148911e-07) 
( 1.554870e-07 0 4.508300e-07) 
( 1.554870e-07 0 4.508300e-07) 
( 1.527090e-07 0 4.415922e-07) 
( 1.554870e-07 0 4.508300e-07) 
( 1.554870e-07 0 4.508300e-07) 
( 1.527090e-07 0 4.415922e-07) 
( 1.286924e-07 0 -5.695817e-07) 
( 1.286924e-07 0 -5.695817e-07) 
( 1.217907e-07 0 -5.775573e-07) 
( 1.286924e-07 0 -5.695817e-07) 
( 1.289111e-07 0 -5.689654e-07) 
( 1.118176e-07 0 -5.769433e-07) 
( 1.690360e-07 0 -5.360730e-07) 
( 1.690360e-07 0 -5.360730e-07) 
( 1.490172e-07 0 -5.540761e-07) 
( 1.690360e-07 0 -5.360730e-07) 
( 1.600120e-07 0 -5.362030e-07) 
( 1.433874e-07 0 -5.564929e-07) 
( 1.497263e-07 0 4.687308e-07) 
( 1.497263e-07 0 4.687308e-07) 
( 1.531601e-07 0 4.596850e-07) 
( 1.531601e-07 0 4.596850e-07) 
( 1.497263e-07 0 4.687308e-07) 
( 1.501370e-07 0 4.676013e-07) 
( 1.339631e-07 0 4.642176e-07) 
( 1.351731e-07 0 4.639574e-07) 
( 1.533651e-07 0 4.633065e-07) 
( 1.497734e-07 0 4.654357e-07) 
( 1.373479e-07 0 4.634338e-07) 
( 1.376954e-07 0 4.620385e-07) 
( 1.690360e-07 0 -5.360730e-07) 
( 1.690360e-07 0 -5.360730e-07) 
( 1.490172e-07 0 -5.540761e-07) 
( 1.690360e-07 0 -5.360730e-07) 
( 1.690360e-07 0 -5.360730e-07) 
( 1.490172e-07 0 -5.540761e-07) 
( 1.805325e-07 0 -4.992881e-07) 
( 1.805300e-07 0 -4.992901e-07) 
( 1.747507e-07 0 -5.174545e-07) 
( 1.805361e-07 0 -4.992790e-07) 
( 1.805133e-07 0 -4.992717e-07) 
( 1.748009e-07 0 -5.173718e-07) 
( -1.446987e-07 0 -3.134045e-07) 
( -1.395560e-07 0 -3.112681e-07) 
( -1.395560e-07 0 -3.112681e-07) 
( -1.446987e-07 0 -3.134045e-07) 
( -1.395560e-07 0 -3.112681e-07) 
( -1.410661e-07 0 -3.113559e-07) 
( -1.419571e-07 0 -3.063207e-07) 
( -1.425080e-07 0 -3.022353e-07) 
( -1.411721e-07 0 -3.028815e-07) 
( -1.414610e-07 0 -3.072992e-07) 
( -1.379694e-07 0 -3.025735e-07) 
( -1.410704e-07 0 -3.021706e-07) 
( -1.998310e-07 0 3.622090e-07) 
( -2.043596e-07 0 3.554454e-07) 
( -2.043596e-07 0 3.554454e-07) 
( -2.016813e-07 0 3.559977e-07) 
( -1.998310e-07 0 3.622090e-07) 
( -2.018125e-07 0 3.590506e-07) 
( -1.952263e-07 0 3.548333e-07) 
( -1.952195e-07 0 3.506490e-07) 
( -1.981521e-07 0 3.498433e-07) 
( -1.960120e-07 0 3.502491e-07) 
( -1.977980e-07 0 3.537442e-07) 
( -1.951057e-07 0 3.529878e-07) 
( 1.554870e-07 0 4.508300e-07) 
( 1.554870e-07 0 4.508300e-07) 
( 1.527090e-07 0 4.415922e-07) 
( 1.554870e-07 0 4.508300e-07) 
( 1.554870e-07 0 4.508300e-07) 
( 1.527090e-07 0 4.415922e-07) 
( 1.554870e-07 0 4.508300e-07) 
( 1.554870e-07 0 4.508300e-07) 
( 1.527090e-07 0 4.415922e-07) 
( 1.554870e-07 0 4.508300e-07) 
( 1.554870e-07 0 4.508300e-07) 
( 1.527090e-07 0 4.415922e-07) 
( 1.554870e-07 0 4.508300e-07) 
( 1.554870e-07 0 4.508300e-07) 
( 1.527090e-07 0 4.415922e-07) 
( 1.497263e-07 0 4.687308e-07) 
( 1.497263e-07 0 4.687308e-07) 
( 1.531601e-07 0 4.596850e-07) 
( 1.497263e-07 0 4.687308e-07) 
( 1.497263e-07 0 4.687308e-07) 
( 1.531601e-07 0 4.596850e-07) 
( 1.497263e-07 0 4.687308e-07) 
( 1.497263e-07 0 4.687308e-07) 
( 1.531601e-07 0 4.596850e-07) 
( 1.497263e-07 0 4.687308e-07) 
( 1.497263e-07 0 4.687308e-07) 
( 1.531601e-07 0 4.596850e-07) 
( 1.497263e-07 0 4.687308e-07) 
( 1.497263e-07 0 4.687308e-07) 
( 1.531601e-07 0 4.596850e-07) 
( 1.690360e-07 0 -5.360730e-07) 
( 1.690360e-07 0 -5.360730e-07) 
( 1.490172e-07 0 -5.540761e-07) 
( 1.690360e-07 0 -5.360730e-07) 
( 1.690360e-07 0 -5.360730e-07) 
( 1.490172e-07 0 -5.540761e-07) 
( 1.690360e-07 0 -5.360730e-07) 
( 1.690360e-07 0 -5.360730e-07) 
( 1.490172e-07 0 -5.540761e-07) 
( 1.690360e-07 0 -5.360730e-07) 
( 1.690360e-07 0 -5.360730e-07) 
( 1.490172e-07 0 -5.540761e-07) 
( 1.690360e-07 0 -5.360730e-07) 
( 1.690360e-07 0 -5.360730e-07) 
( 1.490172e-07 0 -5.540761e-07) 
( 1.805079e-07 0 -4.993185e-07) 
( 1.805104e-07 0 -4.993185e-07) 
( 1.747281e-07 0 -5.174847e-07) 
( 1.805117e-07 0 -4.993174e-07) 
( 1.805166e-07 0 -4.993133e-07) 
( 1.747295e-07 0 -5.174836e-07) 
( 1.805241e-07 0 -4.993072e-07) 
( 1.805291e-07 0 -4.993051e-07) 
( 1.747322e-07 0 -5.174835e-07) 
( 1.805291e-07 0 -4.993051e-07) 
( 1.805291e-07 0 -4.993051e-07) 
( 1.747322e-07 0 -5.174835e-07) 
( 1.805340e-07 0 -4.992990e-07) 
( 1.805363e-07 0 -4.992890e-07) 
( 1.747548e-07 0 -5.174533e-07) 
( -1.446987e-07 0 -3.134045e-07) 
( -1.395560e-07 0 -3.112681e-07) 
( -1.395560e-07 0 -3.112681e-07) 
( -1.446987e-07 0 -3.134045e-07) 
( -1.395560e-07 0 -3.112681e-07) 
( -1.395560e-07 0 -3.112681e-07) 
( -1.446987e-07 0 -3.134045e-07) 
( -1.395560e-07 0 -3.112681e-07) 
( -1.395560e-07 0 -3.112681e-07) 
( -1.419568e-07 0 -3.063178e-07) 
( -1.411894e-07 0 -3.028897e-07) 
( -1.411954e-07 0 -3.028911e-07) 
( -1.419616e-07 0 -3.063037e-07) 
( -1.411944e-07 0 -3.028845e-07) 
( -1.411918e-07 0 -3.028881e-07) 
( -1.419549e-07 0 -3.063166e-07) 
( -1.411701e-07 0 -3.028938e-07) 
( -1.411874e-07 0 -3.028893e-07) 
( -1.446987e-07 0 -3.134045e-07) 
( -1.395560e-07 0 -3.112681e-07) 
( -1.395560e-07 0 -3.112681e-07) 
( -1.446987e-07 0 -3.134045e-07) 
( -1.395560e-07 0 -3.112681e-07) 
( -1.395560e-07 0 -3.112681e-07) 
( -1.446987e-07 0 -3.134045e-07) 
( -1.395560e-07 0 -3.112681e-07) 
( -1.395560e-07 0 -3.112681e-07) 
( -1.446987e-07 0 -3.134045e-07) 
( -1.395560e-07 0 -3.112681e-07) 
( -1.395560e-07 0 -3.112681e-07) 
( -1.419811e-07 0 -3.062687e-07) 
( -1.411611e-07 0 -3.028854e-07) 
( -1.411658e-07 0 -3.028822e-07) 
( -1.419812e-07 0 -3.062667e-07) 
( -1.411611e-07 0 -3.028854e-07) 
( -1.411611e-07 0 -3.028854e-07) 
( -1.419811e-07 0 -3.062687e-07) 
( -1.411611e-07 0 -3.028854e-07) 
( -1.411611e-07 0 -3.028854e-07) 
( -1.419598e-07 0 -3.063120e-07) 
( -1.411981e-07 0 -3.028874e-07) 
( -1.411731e-07 0 -3.028881e-07) 
( 1.497263e-07 0 4.687308e-07) 
( 1.497263e-07 0 4.687308e-07) 
( 1.531601e-07 0 4.596850e-07) 
( 1.497263e-07 0 4.687308e-07) 
( 1.497263e-07 0 4.687308e-07) 
( 1.531601e-07 0 4.596850e-07) 
( 1.332277e-07 0 4.644525e-07) 
( 1.332393e-07 0 4.644466e-07) 
( 1.533651e-07 0 4.633065e-07) 
( 1.332393e-07 0 4.644466e-07) 
( 1.335838e-07 0 4.643421e-07) 
( 1.533651e-07 0 4.633065e-07) 
( 9.911485e-08 0 4.610487e-07) 
( 9.920861e-08 0 4.611251e-07) 
( 1.145041e-07 0 4.646319e-07) 
( 1.156277e-07 0 4.643773e-07) 
( 9.901343e-08 0 4.611866e-07) 
( 9.584909e-08 0 4.601868e-07) 
( 5.121446e-08 0 4.524430e-07) 
( 5.121446e-08 0 4.524430e-07) 
( 7.412397e-08 0 4.573635e-07) 
( 7.897742e-08 0 4.564556e-07) 
( 5.218351e-08 0 4.525391e-07) 
( 5.437486e-08 0 4.502149e-07) 
( 4.176053e-08 0 -5.963361e-07) 
( 4.173061e-08 0 -5.963519e-07) 
( 2.669870e-08 0 -5.919469e-07) 
( 4.124770e-08 0 -5.958375e-07) 
( 4.035470e-08 0 -5.932537e-07) 
( 2.362061e-08 0 -5.861965e-07) 
( 9.775404e-08 0 -5.847821e-07) 
( 9.765780e-08 0 -5.848315e-07) 
( 6.546944e-08 0 -5.930495e-07) 
( 9.738258e-08 0 -5.847377e-07) 
( 8.910333e-08 0 -5.846679e-07) 
( 6.335199e-08 0 -5.920704e-07) 
( -1.998310e-07 0 3.622090e-07) 
( -2.043596e-07 0 3.554454e-07) 
( -2.043596e-07 0 3.554454e-07) 
( -1.998310e-07 0 3.622090e-07) 
( -2.043596e-07 0 3.554454e-07) 
( -2.043596e-07 0 3.554454e-07) 
( -1.998310e-07 0 3.622090e-07) 
( -2.043596e-07 0 3.554454e-07) 
( -2.043596e-07 0 3.554454e-07) 
( -1.972622e-07 0 3.538653e-07) 
( -1.971739e-07 0 3.501614e-07) 
( -1.972391e-07 0 3.501370e-07) 
( -1.971895e-07 0 3.538888e-07) 
( -1.974637e-07 0 3.500749e-07) 
( -1.974236e-07 0 3.500863e-07) 
( -1.973350e-07 0 3.538418e-07) 
( -1.975289e-07 0 3.500506e-07) 
( -1.972455e-07 0 3.501455e-07) 
( -1.998310e-07 0 3.622090e-07) 
( -2.043596e-07 0 3.554454e-07) 
( -2.043596e-07 0 3.554454e-07) 
( -1.998310e-07 0 3.622090e-07) 
( -2.043596e-07 0 3.554454e-07) 
( -2.043596e-07 0 3.554454e-07) 
( -1.998310e-07 0 3.622090e-07) 
( -2.043596e-07 0 3.554454e-07) 
( -2.043596e-07 0 3.554454e-07) 
( -1.998310e-07 0 3.622090e-07) 
( -2.043596e-07 0 3.554454e-07) 
( -2.043596e-07 0 3.554454e-07) 
( -1.973024e-07 0 3.538539e-07) 
( -1.971012e-07 0 3.501849e-07) 
( -1.970773e-07 0 3.501902e-07) 
( -1.974316e-07 0 3.538129e-07) 
( -1.972868e-07 0 3.501265e-07) 
( -1.972868e-07 0 3.501265e-07) 
( -1.973187e-07 0 3.538478e-07) 
( -1.970773e-07 0 3.501902e-07) 
( -1.971012e-07 0 3.501849e-07) 
( -1.972622e-07 0 3.538653e-07) 
( -1.971099e-07 0 3.501780e-07) 
( -1.970372e-07 0 3.502016e-07) 
( 9.755519e-08 0 -5.848581e-07) 
( 9.756051e-08 0 -5.848562e-07) 
( 6.607265e-08 0 -5.929117e-07) 
( 9.756051e-08 0 -5.848562e-07) 
( 9.756583e-08 0 -5.848544e-07) 
( 6.606111e-08 0 -5.929135e-07) 
( 9.761020e-08 0 -5.848379e-07) 
( 9.769190e-08 0 -5.848057e-07) 
( 6.606077e-08 0 -5.929183e-07) 
( 1.286924e-07 0 -5.695817e-07) 
( 1.286924e-07 0 -5.695817e-07) 
( 1.217907e-07 0 -5.775573e-07) 
( 1.286924e-07 0 -5.695817e-07) 
( 1.286924e-07 0 -5.695817e-07) 
( 1.217907e-07 0 -5.775573e-07) 
( 1.286924e-07 0 -5.695817e-07) 
( 1.286924e-07 0 -5.695817e-07) 
( 1.217907e-07 0 -5.775573e-07) 
( -1.479825e-07 0 -3.298874e-07) 
( -1.412235e-07 0 -3.281299e-07) 
( -1.412993e-07 0 -3.280659e-07) 
( -1.488864e-07 0 -3.294864e-07) 
( -1.433390e-07 0 -3.263165e-07) 
( -1.409600e-07 0 -3.278819e-07) 
( -1.496112e-07 0 -3.195522e-07) 
( -1.422966e-07 0 -3.183313e-07) 
( -1.422868e-07 0 -3.183874e-07) 
( -1.494736e-07 0 -3.201514e-07) 
( -1.420923e-07 0 -3.196533e-07) 
( -1.423508e-07 0 -3.177580e-07) 
( 1.324912e-07 0 4.646768e-07) 
( 1.324435e-07 0 4.646899e-07) 
( 1.533651e-07 0 4.633065e-07) 
( 1.324435e-07 0 4.646899e-07) 
( 1.324435e-07 0 4.646899e-07) 
( 1.533651e-07 0 4.633065e-07) 
( 1.324435e-07 0 4.646899e-07) 
( 1.324435e-07 0 4.646899e-07) 
( 1.533651e-07 0 4.633065e-07) 
( 1.324435e-07 0 4.646899e-07) 
( 1.324791e-07 0 4.646784e-07) 
( 1.533651e-07 0 4.633065e-07) 
( 1.325621e-07 0 4.646517e-07) 
( 1.329663e-07 0 4.645324e-07) 
( 1.533651e-07 0 4.633065e-07) 
( 9.917944e-08 0 4.611309e-07) 
( 9.917737e-08 0 4.611329e-07) 
( 1.143046e-07 0 4.646242e-07) 
( 9.917973e-08 0 4.611344e-07) 
( 9.917973e-08 0 4.611344e-07) 
( 1.143065e-07 0 4.646247e-07) 
( 9.917973e-08 0 4.611344e-07) 
( 9.917973e-08 0 4.611344e-07) 
( 1.143065e-07 0 4.646247e-07) 
( 9.917973e-08 0 4.611344e-07) 
( 9.917618e-08 0 4.611321e-07) 
( 1.142940e-07 0 4.646245e-07) 
( 9.917471e-08 0 4.611279e-07) 
( 9.914927e-08 0 4.611051e-07) 
( 1.142136e-07 0 4.646316e-07) 
( 1.978913e-08 0 4.450250e-07) 
( 1.978913e-08 0 4.450250e-07) 
( 3.316590e-08 0 4.495257e-07) 
( 3.316590e-08 0 4.495257e-07) 
( 1.978913e-08 0 4.450250e-07) 
( 9.655745e-09 0 4.410739e-07) 
( -2.567587e-08 0 4.274395e-07) 
( -2.564445e-08 0 4.274655e-07) 
( -1.200000e-11 0 4.347870e-07) 
( 3.954884e-09 0 4.373190e-07) 
( -2.827211e-08 0 4.275248e-07) 
( -2.268443e-08 0 4.235212e-07) 
( -2.278216e-08 0 -5.688866e-07) 
( -2.278216e-08 0 -5.688866e-07) 
( -5.514009e-08 0 -5.497940e-07) 
( -3.842198e-08 0 -5.676294e-07) 
( -4.190323e-08 0 -5.624929e-07) 
( -6.173021e-08 0 -5.459837e-07) 
( 6.108669e-09 0 -5.893130e-07) 
( 6.108669e-09 0 -5.893130e-07) 
( -1.796146e-08 0 -5.824277e-07) 
( 6.108669e-09 0 -5.893130e-07) 
( 9.088738e-09 0 -5.811489e-07) 
( -1.837345e-08 0 -5.741466e-07) 
( 9.752498e-08 0 -5.848705e-07) 
( 9.753030e-08 0 -5.848686e-07) 
( 6.591145e-08 0 -5.929319e-07) 
( 9.753030e-08 0 -5.848686e-07) 
( 9.753030e-08 0 -5.848686e-07) 
( 6.591145e-08 0 -5.929319e-07) 
( 9.753030e-08 0 -5.848686e-07) 
( 9.753030e-08 0 -5.848686e-07) 
( 6.591145e-08 0 -5.929319e-07) 
( 9.753562e-08 0 -5.848667e-07) 
( 9.755519e-08 0 -5.848581e-07) 
( 6.604957e-08 0 -5.929153e-07) 
( 1.286924e-07 0 -5.695817e-07) 
( 1.286924e-07 0 -5.695817e-07) 
( 1.217907e-07 0 -5.775573e-07) 
( 1.286924e-07 0 -5.695817e-07) 
( 1.286924e-07 0 -5.695817e-07) 
( 1.217907e-07 0 -5.775573e-07) 
( 1.286924e-07 0 -5.695817e-07) 
( 1.286924e-07 0 -5.695817e-07) 
( 1.217907e-07 0 -5.775573e-07) 
( 1.286924e-07 0 -5.695817e-07) 
( 1.286924e-07 0 -5.695817e-07) 
( 1.217907e-07 0 -5.775573e-07) 
( 9.910772e-08 0 4.610703e-07) 
( 9.908376e-08 0 4.610517e-07) 
( 1.141300e-07 0 4.646409e-07) 
( 9.908450e-08 0 4.610538e-07) 
( 9.910492e-08 0 4.610571e-07) 
( 1.140754e-07 0 4.646606e-07) 
( 5.121446e-08 0 4.524430e-07) 
( 5.121446e-08 0 4.524430e-07) 
( 7.681847e-08 0 4.568845e-07) 
( 5.233904e-08 0 4.527028e-07) 
( 5.121446e-08 0 4.524430e-07) 
( 7.689520e-08 0 4.568798e-07) 
( -9.428359e-08 0 -5.281880e-07) 
( -9.406088e-08 0 -5.282547e-07) 
( -1.175580e-07 0 -5.082580e-07) 
( -9.936107e-08 0 -5.257454e-07) 
( -8.461893e-08 0 -5.269261e-07) 
( -1.003205e-07 0 -5.059223e-07) 
( -1.001560e-07 0 -4.899130e-07) 
( -1.115913e-07 0 -4.645906e-07) 
( -1.109145e-07 0 -4.677358e-07) 
( -1.031620e-07 0 -4.899506e-07) 
( -1.110654e-07 0 -4.663431e-07) 
( -1.109259e-07 0 -4.676885e-07) 
( -1.450842e-07 0 -3.313564e-07) 
( -1.413031e-07 0 -3.280657e-07) 
( -1.413031e-07 0 -3.280657e-07) 
( -1.451972e-07 0 -3.312930e-07) 
( -1.413044e-07 0 -3.280650e-07) 
( -1.413044e-07 0 -3.280650e-07) 
( -1.451972e-07 0 -3.312930e-07) 
( -1.413057e-07 0 -3.280644e-07) 
( -1.413044e-07 0 -3.280650e-07) 
( -1.450675e-07 0 -3.313644e-07) 
( -1.413045e-07 0 -3.280634e-07) 
( -1.413057e-07 0 -3.280644e-07) 
( -1.496098e-07 0 -3.195813e-07) 
( -1.422870e-07 0 -3.183910e-07) 
( -1.422868e-07 0 -3.183926e-07) 
( -1.496111e-07 0 -3.195819e-07) 
( -1.422874e-07 0 -3.183884e-07) 
( -1.422872e-07 0 -3.183898e-07) 
( -1.496111e-07 0 -3.195819e-07) 
( -1.422872e-07 0 -3.183900e-07) 
( -1.422873e-07 0 -3.183902e-07) 
( -1.496089e-07 0 -3.195826e-07) 
( -1.422864e-07 0 -3.183926e-07) 
( -1.422868e-07 0 -3.183924e-07) 
( -1.145836e-07 0 3.740757e-07) 
( -1.032651e-07 0 3.867544e-07) 
( -1.032511e-07 0 3.866504e-07) 
( -1.027159e-07 0 3.867230e-07) 
( -1.161715e-07 0 3.733356e-07) 
( -1.191933e-07 0 3.694539e-07) 
( -8.051906e-08 0 4.023365e-07) 
( -5.944707e-08 0 4.158113e-07) 
( -5.945417e-08 0 4.155502e-07) 
( -7.867958e-08 0 3.981522e-07) 
( -5.241956e-08 0 4.111209e-07) 
( -5.826930e-08 0 4.156331e-07) 
( -1.173068e-07 0 -4.044841e-07) 
( -1.236482e-07 0 -3.862871e-07) 
( -1.233413e-07 0 -3.868046e-07) 
( -1.173068e-07 0 -4.044841e-07) 
( -1.107365e-07 0 -3.873960e-07) 
( -1.243605e-07 0 -3.871375e-07) 
( -1.367860e-07 0 -3.676691e-07) 
( -1.471259e-07 0 -3.539150e-07) 
( -1.471491e-07 0 -3.538768e-07) 
( -1.283310e-07 0 -3.676680e-07) 
( -1.473356e-07 0 -3.516716e-07) 
( -1.470186e-07 0 -3.536676e-07) 
( -1.497523e-07 0 -3.445610e-07) 
( -1.546161e-07 0 -3.397858e-07) 
( -1.534259e-07 0 -3.403860e-07) 
( -1.497533e-07 0 -3.427030e-07) 
( -1.535699e-07 0 -3.388554e-07) 
( -1.535364e-07 0 -3.401006e-07) 
( -1.524612e-07 0 -3.351414e-07) 
( -1.518189e-07 0 -3.328285e-07) 
( -1.498957e-07 0 -3.322891e-07) 
( -1.490251e-07 0 -3.376035e-07) 
( -1.520140e-07 0 -3.312465e-07) 
( -1.518700e-07 0 -3.328064e-07) 
( -1.453835e-07 0 -3.311900e-07) 
( -1.413056e-07 0 -3.280661e-07) 
( -1.413057e-07 0 -3.280644e-07) 
( -1.455069e-07 0 -3.311264e-07) 
( -1.413043e-07 0 -3.280667e-07) 
( -1.413056e-07 0 -3.280661e-07) 
( -1.455968e-07 0 -3.310787e-07) 
( -1.413030e-07 0 -3.280673e-07) 
( -1.413043e-07 0 -3.280667e-07) 
( -1.496110e-07 0 -3.195836e-07) 
( -1.422871e-07 0 -3.183918e-07) 
( -1.422869e-07 0 -3.183933e-07) 
( -1.496110e-07 0 -3.195836e-07) 
( -1.422871e-07 0 -3.183918e-07) 
( -1.422871e-07 0 -3.183918e-07) 
( -1.496097e-07 0 -3.195830e-07) 
( -1.422869e-07 0 -3.183931e-07) 
( -1.422871e-07 0 -3.183918e-07) 
( -1.915241e-07 0 3.493799e-07) 
( -1.890508e-07 0 3.450297e-07) 
( -1.944115e-07 0 3.426651e-07) 
( -1.882943e-07 0 3.450248e-07) 
( -1.915241e-07 0 3.493799e-07) 
( -1.915241e-07 0 3.493799e-07) 
( -1.916982e-07 0 3.410395e-07) 
( -1.966482e-07 0 3.331385e-07) 
( -1.964287e-07 0 3.333027e-07) 
( -1.965819e-07 0 3.327957e-07) 
( -1.915506e-07 0 3.411434e-07) 
( -1.912267e-07 0 3.400474e-07) 
( -1.759981e-07 0 3.222651e-07) 
( -1.693539e-07 0 3.230917e-07) 
( -1.693988e-07 0 3.229982e-07) 
( -1.677017e-07 0 3.258780e-07) 
( -1.754449e-07 0 3.229068e-07) 
( -1.767824e-07 0 3.221347e-07) 
( -1.551438e-07 0 3.345883e-07) 
( -1.348068e-07 0 3.541215e-07) 
( -1.348743e-07 0 3.539992e-07) 
( -1.334221e-07 0 3.564245e-07) 
( -1.536012e-07 0 3.371466e-07) 
( -1.542303e-07 0 3.316096e-07) 
( 6.108669e-09 0 -5.893130e-07) 
( 6.108669e-09 0 -5.893130e-07) 
( -1.796146e-08 0 -5.824277e-07) 
( 6.108669e-09 0 -5.893130e-07) 
( 6.108669e-09 0 -5.893130e-07) 
( -1.796146e-08 0 -5.824277e-07) 
( 6.108669e-09 0 -5.893130e-07) 
( 6.108669e-09 0 -5.893130e-07) 
( -1.796146e-08 0 -5.824277e-07) 
( 4.184203e-08 0 -5.963815e-07) 
( 4.184510e-08 0 -5.963831e-07) 
( 2.669870e-08 0 -5.919469e-07) 
( 4.185288e-08 0 -5.963909e-07) 
( 4.185134e-08 0 -5.963902e-07) 
( 2.669870e-08 0 -5.919469e-07) 
( 4.186066e-08 0 -5.963988e-07) 
( 4.182216e-08 0 -5.963753e-07) 
( 2.669870e-08 0 -5.919469e-07) 
( 5.121446e-08 0 4.524430e-07) 
( 5.121446e-08 0 4.524430e-07) 
( 7.490459e-08 0 4.573833e-07) 
( 5.121446e-08 0 4.524430e-07) 
( 5.121446e-08 0 4.524430e-07) 
( 7.491761e-08 0 4.573835e-07) 
( 5.121446e-08 0 4.524430e-07) 
( 5.121446e-08 0 4.524430e-07) 
( 7.491761e-08 0 4.573835e-07) 
( 5.121446e-08 0 4.524430e-07) 
( 5.121446e-08 0 4.524430e-07) 
( 7.491761e-08 0 4.573835e-07) 
( 5.121446e-08 0 4.524430e-07) 
( 5.121446e-08 0 4.524430e-07) 
( 7.451018e-08 0 4.573804e-07) 
( 1.978913e-08 0 4.450250e-07) 
( 1.978913e-08 0 4.450250e-07) 
( 3.316590e-08 0 4.495257e-07) 
( 1.978913e-08 0 4.450250e-07) 
( 1.978913e-08 0 4.450250e-07) 
( 3.316590e-08 0 4.495257e-07) 
( 1.978913e-08 0 4.450250e-07) 
( 1.978913e-08 0 4.450250e-07) 
( 3.316590e-08 0 4.495257e-07) 
( 1.978913e-08 0 4.450250e-07) 
( 1.978913e-08 0 4.450250e-07) 
( 3.316590e-08 0 4.495257e-07) 
( 1.978913e-08 0 4.450250e-07) 
( 1.978913e-08 0 4.450250e-07) 
( 3.316590e-08 0 4.495257e-07) 
( 1.978913e-08 0 4.450250e-07) 
( 1.978913e-08 0 4.450250e-07) 
( 3.316590e-08 0 4.495257e-07) 
( 1.978913e-08 0 4.450250e-07) 
( 1.978913e-08 0 4.450250e-07) 
( 3.316590e-08 0 4.495257e-07) 
( -2.675218e-08 0 4.273171e-07) 
( -2.664449e-08 0 4.273291e-07) 
( -1.200000e-11 0 4.347870e-07) 
( -2.646654e-08 0 4.273565e-07) 
( -2.599969e-08 0 4.274074e-07) 
( -1.200000e-11 0 4.347870e-07) 
( 6.108669e-09 0 -5.893130e-07) 
( 6.108669e-09 0 -5.893130e-07) 
( -1.796146e-08 0 -5.824277e-07) 
( 6.108669e-09 0 -5.893130e-07) 
( 6.108669e-09 0 -5.893130e-07) 
( -1.796146e-08 0 -5.824277e-07) 
( 6.108669e-09 0 -5.893130e-07) 
( 6.108669e-09 0 -5.893130e-07) 
( -1.796146e-08 0 -5.824277e-07) 
( 6.108669e-09 0 -5.893130e-07) 
( 6.108669e-09 0 -5.893130e-07) 
( -1.796146e-08 0 -5.824277e-07) 
( 4.184049e-08 0 -5.963807e-07) 
( 4.184203e-08 0 -5.963815e-07) 
( 2.669870e-08 0 -5.919469e-07) 
( 4.184203e-08 0 -5.963815e-07) 
( 4.184203e-08 0 -5.963815e-07) 
( 2.669870e-08 0 -5.919469e-07) 
( 4.184203e-08 0 -5.963815e-07) 
( 4.184203e-08 0 -5.963815e-07) 
( 2.669870e-08 0 -5.919469e-07) 
( 4.184510e-08 0 -5.963831e-07) 
( 4.184981e-08 0 -5.963894e-07) 
( 2.669870e-08 0 -5.919469e-07) 
( -1.372566e-07 0 -3.680492e-07) 
( -1.471319e-07 0 -3.539203e-07) 
( -1.471405e-07 0 -3.538971e-07) 
( -1.372670e-07 0 -3.679311e-07) 
( -1.471384e-07 0 -3.539040e-07) 
( -1.471330e-07 0 -3.539190e-07) 
( -1.498475e-07 0 -3.444746e-07) 
( -1.534151e-07 0 -3.403957e-07) 
( -1.534090e-07 0 -3.403953e-07) 
( -1.498366e-07 0 -3.444846e-07) 
( -1.534192e-07 0 -3.403950e-07) 
( -1.534192e-07 0 -3.403950e-07) 
( -1.498624e-07 0 -3.444666e-07) 
( -1.534090e-07 0 -3.403953e-07) 
( -1.534151e-07 0 -3.403957e-07) 
( -1.498501e-07 0 -3.444860e-07) 
( -1.534100e-07 0 -3.403959e-07) 
( -1.534079e-07 0 -3.403962e-07) 
( -1.498434e-07 0 -3.444875e-07) 
( -1.534204e-07 0 -3.403924e-07) 
( -1.534130e-07 0 -3.403961e-07) 
( -1.532705e-07 0 -3.352769e-07) 
( -1.498352e-07 0 -3.322854e-07) 
( -1.498232e-07 0 -3.322840e-07) 
( -1.532998e-07 0 -3.352789e-07) 
( -1.499161e-07 0 -3.322926e-07) 
( -1.498849e-07 0 -3.322909e-07) 
( -1.533016e-07 0 -3.352786e-07) 
( -1.499196e-07 0 -3.322920e-07) 
( -1.499196e-07 0 -3.322920e-07) 
( -1.532794e-07 0 -3.352754e-07) 
( -1.499196e-07 0 -3.322920e-07) 
( -1.499196e-07 0 -3.322920e-07) 
( -1.532549e-07 0 -3.352761e-07) 
( -1.499161e-07 0 -3.322926e-07) 
( -1.499196e-07 0 -3.322920e-07) 
( -1.144732e-07 0 3.741446e-07) 
( -1.030916e-07 0 3.867138e-07) 
( -1.030862e-07 0 3.867130e-07) 
( -1.144437e-07 0 3.741421e-07) 
( -1.032023e-07 0 3.866742e-07) 
( -1.031266e-07 0 3.867046e-07) 
( -8.241579e-08 0 4.014037e-07) 
( -5.945764e-08 0 4.154792e-07) 
( -5.943671e-08 0 4.154670e-07) 
( -8.230903e-08 0 4.014459e-07) 
( -5.944216e-08 0 4.155363e-07) 
( -5.945192e-08 0 4.155128e-07) 
( -9.461569e-08 0 -5.280589e-07) 
( -9.461569e-08 0 -5.280589e-07) 
( -1.173392e-07 0 -5.086889e-07) 
( -9.461569e-08 0 -5.280589e-07) 
( -9.461838e-08 0 -5.280591e-07) 
( -1.173392e-07 0 -5.086889e-07) 
( -9.456667e-08 0 -5.280789e-07) 
( -9.441153e-08 0 -5.281384e-07) 
( -1.175580e-07 0 -5.082580e-07) 
( -2.278216e-08 0 -5.688866e-07) 
( -2.278216e-08 0 -5.688866e-07) 
( -5.514009e-08 0 -5.497940e-07) 
( -2.278216e-08 0 -5.688866e-07) 
( -2.278216e-08 0 -5.688866e-07) 
( -5.514009e-08 0 -5.497940e-07) 
( -2.278216e-08 0 -5.688866e-07) 
( -2.278216e-08 0 -5.688866e-07) 
( -5.514009e-08 0 -5.497940e-07) 
( -1.029850e-07 0 -4.926590e-07) 
( -1.109047e-07 0 -4.677877e-07) 
( -1.109042e-07 0 -4.677898e-07) 
( -1.001560e-07 0 -4.899130e-07) 
( -1.109377e-07 0 -4.676268e-07) 
( -1.109250e-07 0 -4.676839e-07) 
( -1.001560e-07 0 -4.899130e-07) 
( -1.109230e-07 0 -4.676924e-07) 
( -1.109365e-07 0 -4.676338e-07) 
( -1.048595e-07 0 -4.482072e-07) 
( -1.184937e-07 0 -4.235694e-07) 
( -1.185568e-07 0 -4.234331e-07) 
( -1.048316e-07 0 -4.482942e-07) 
( -1.185769e-07 0 -4.233927e-07) 
( -1.184966e-07 0 -4.235648e-07) 
( -1.373150e-07 0 -3.679529e-07) 
( -1.471478e-07 0 -3.538896e-07) 
( -1.471499e-07 0 -3.538857e-07) 
( -1.372817e-07 0 -3.679356e-07) 
( -1.471427e-07 0 -3.538888e-07) 
( -1.471436e-07 0 -3.538962e-07) 
( -1.498922e-07 0 -3.444553e-07) 
( -1.533942e-07 0 -3.404026e-07) 
( -1.533942e-07 0 -3.404026e-07) 
( -1.498692e-07 0 -3.444666e-07) 
( -1.534037e-07 0 -3.403986e-07) 
( -1.533973e-07 0 -3.404028e-07) 
( -1.533340e-07 0 -3.352835e-07) 
( -1.499400e-07 0 -3.322955e-07) 
( -1.499400e-07 0 -3.322955e-07) 
( -1.532944e-07 0 -3.352798e-07) 
( -1.498730e-07 0 -3.322894e-07) 
( -1.499365e-07 0 -3.322961e-07) 
( -1.846101e-07 0 3.349048e-07) 
( -1.862352e-07 0 3.300550e-07) 
( -1.828476e-07 0 3.319597e-07) 
( -1.860406e-07 0 3.300594e-07) 
( -1.845646e-07 0 3.345659e-07) 
( -1.844782e-07 0 3.329203e-07) 
( -1.825004e-07 0 3.280216e-07) 
( -1.786170e-07 0 3.269745e-07) 
( -1.786170e-07 0 3.269745e-07) 
( -1.810090e-07 0 3.264383e-07) 
( -1.828763e-07 0 3.286550e-07) 
( -1.828643e-07 0 3.270538e-07) 
( -1.798616e-07 0 3.244377e-07) 
( -1.789243e-07 0 3.216453e-07) 
( -1.787731e-07 0 3.217259e-07) 
( -1.783469e-07 0 3.221361e-07) 
( -1.819606e-07 0 3.226850e-07) 
( -1.824070e-07 0 3.229912e-07) 
( -1.145221e-07 0 3.741236e-07) 
( -1.031693e-07 0 3.867156e-07) 
( -1.031529e-07 0 3.867312e-07) 
( -1.145466e-07 0 3.741112e-07) 
( -1.031693e-07 0 3.867156e-07) 
( -1.031693e-07 0 3.867156e-07) 
( -1.145484e-07 0 3.741074e-07) 
( -1.031023e-07 0 3.867127e-07) 
( -1.031452e-07 0 3.867161e-07) 
( -2.714790e-08 0 4.272775e-07) 
( -2.718401e-08 0 4.272745e-07) 
( -1.200000e-11 0 4.347870e-07) 
( -2.714790e-08 0 4.272775e-07) 
( -2.714790e-08 0 4.272775e-07) 
( -1.200000e-11 0 4.347870e-07) 
( -2.707643e-08 0 4.272870e-07) 
( -2.689685e-08 0 4.273065e-07) 
( -1.200000e-11 0 4.347870e-07) 
( -8.165754e-08 0 4.017630e-07) 
( -5.957292e-08 0 4.154948e-07) 
( -5.957292e-08 0 4.154948e-07) 
( -8.165754e-08 0 4.017630e-07) 
( -5.957292e-08 0 4.154948e-07) 
( -5.957292e-08 0 4.154948e-07) 
( -8.229669e-08 0 4.014619e-07) 
( -5.945265e-08 0 4.154748e-07) 
( -5.953021e-08 0 4.154922e-07) 
( -1.172792e-07 0 -5.087268e-07) 
( -9.469730e-08 0 -5.280294e-07) 
( -9.469730e-08 0 -5.280294e-07) 
( -9.469730e-08 0 -5.280294e-07) 
( -9.469730e-08 0 -5.280294e-07) 
( -1.172700e-07 0 -5.087334e-07) 
( -9.469730e-08 0 -5.280294e-07) 
( -9.469730e-08 0 -5.280294e-07) 
( -1.172700e-07 0 -5.087334e-07) 
( -9.469730e-08 0 -5.280294e-07) 
( -9.467009e-08 0 -5.280393e-07) 
( -1.173092e-07 0 -5.087078e-07) 
( -2.278216e-08 0 -5.688866e-07) 
( -2.278216e-08 0 -5.688866e-07) 
( -5.514009e-08 0 -5.497940e-07) 
( -2.278216e-08 0 -5.688866e-07) 
( -2.278216e-08 0 -5.688866e-07) 
( -5.514009e-08 0 -5.497940e-07) 
( -2.278216e-08 0 -5.688866e-07) 
( -2.278216e-08 0 -5.688866e-07) 
( -5.514009e-08 0 -5.497940e-07) 
( -2.278216e-08 0 -5.688866e-07) 
( -2.278216e-08 0 -5.688866e-07) 
( -5.514009e-08 0 -5.497940e-07) 
( -1.001560e-07 0 -4.899130e-07) 
( -1.109347e-07 0 -4.676456e-07) 
( -1.109347e-07 0 -4.676456e-07) 
( -1.001560e-07 0 -4.899130e-07) 
( -1.109347e-07 0 -4.676456e-07) 
( -1.109347e-07 0 -4.676456e-07) 
( -1.001560e-07 0 -4.899130e-07) 
( -1.109347e-07 0 -4.676456e-07) 
( -1.109347e-07 0 -4.676456e-07) 
( -1.001560e-07 0 -4.899130e-07) 
( -1.109243e-07 0 -4.676887e-07) 
( -1.109360e-07 0 -4.676373e-07) 
( -1.048604e-07 0 -4.482061e-07) 
( -1.185023e-07 0 -4.235489e-07) 
( -1.185096e-07 0 -4.235386e-07) 
( -1.048486e-07 0 -4.482504e-07) 
( -1.184790e-07 0 -4.235845e-07) 
( -1.184966e-07 0 -4.235621e-07) 
( -1.048319e-07 0 -4.483144e-07) 
( -1.184420e-07 0 -4.236117e-07) 
( -1.184611e-07 0 -4.235910e-07) 
( -1.048109e-07 0 -4.483717e-07) 
( -1.185083e-07 0 -4.234881e-07) 
( -1.184349e-07 0 -4.236313e-07) 
( -1.176519e-07 0 -4.056603e-07) 
( -1.235391e-07 0 -3.868811e-07) 
( -1.235912e-07 0 -3.869101e-07) 
( -1.176312e-07 0 -4.055935e-07) 
( -1.235365e-07 0 -3.868867e-07) 
( -1.235443e-07 0 -3.868875e-07) 
( -1.183009e-07 0 -4.051545e-07) 
( -1.235730e-07 0 -3.869052e-07) 
( -1.235235e-07 0 -3.868795e-07) 
( -1.370251e-07 0 -3.677234e-07) 
( -1.471653e-07 0 -3.538289e-07) 
( -1.471578e-07 0 -3.538494e-07) 
( -1.370471e-07 0 -3.677300e-07) 
( -1.471632e-07 0 -3.538329e-07) 
( -1.471632e-07 0 -3.538329e-07) 
( -1.370895e-07 0 -3.677938e-07) 
( -1.471588e-07 0 -3.538481e-07) 
( -1.471653e-07 0 -3.538289e-07) 
( -1.930018e-07 0 3.476490e-07) 
( -1.945809e-07 0 3.424824e-07) 
( -1.945563e-07 0 3.425018e-07) 
( -1.928967e-07 0 3.476927e-07) 
( -1.945718e-07 0 3.425163e-07) 
( -1.945707e-07 0 3.425008e-07) 
( -1.920371e-07 0 3.412037e-07) 
( -1.962441e-07 0 3.334808e-07) 
( -1.962599e-07 0 3.334697e-07) 
( -1.920403e-07 0 3.411926e-07) 
( -1.963509e-07 0 3.333806e-07) 
( -1.962572e-07 0 3.334683e-07) 
( -1.762259e-07 0 3.222492e-07) 
( -1.693512e-07 0 3.230749e-07) 
( -1.693512e-07 0 3.230749e-07) 
( -1.762259e-07 0 3.222492e-07) 
( -1.693536e-07 0 3.230692e-07) 
( -1.693512e-07 0 3.230749e-07) 
( -1.764346e-07 0 3.218723e-07) 
( -1.693862e-07 0 3.230177e-07) 
( -1.693612e-07 0 3.230566e-07) 
( -1.553388e-07 0 3.341550e-07) 
( -1.349822e-07 0 3.538398e-07) 
( -1.349747e-07 0 3.538524e-07) 
( -1.553421e-07 0 3.341708e-07) 
( -1.350197e-07 0 3.537679e-07) 
( -1.349872e-07 0 3.538285e-07) 
( -1.553528e-07 0 3.341994e-07) 
( -1.350871e-07 0 3.536412e-07) 
( -1.350771e-07 0 3.536595e-07) 
( -1.553479e-07 0 3.341925e-07) 
( -1.351270e-07 0 3.535636e-07) 
( -1.351120e-07 0 3.535932e-07) 
( -1.552814e-07 0 3.343471e-07) 
( -1.349943e-07 0 3.537889e-07) 
( -1.351169e-07 0 3.535774e-07) 
( -1.147249e-07 0 3.740356e-07) 
( -1.030797e-07 0 3.867708e-07) 
( -1.030797e-07 0 3.867708e-07) 
( -1.146427e-07 0 3.740731e-07) 
( -1.031068e-07 0 3.867593e-07) 
( -1.030824e-07 0 3.867725e-07) 
( -2.729268e-08 0 4.272674e-07) 
( -2.725668e-08 0 4.272708e-07) 
( -1.200000e-11 0 4.347870e-07) 
( -2.725678e-08 0 4.272714e-07) 
( -2.718423e-08 0 4.272756e-07) 
( -1.200000e-11 0 4.347870e-07) 
( -8.153790e-08 0 4.018294e-07) 
( -5.957887e-08 0 4.154936e-07) 
( -5.957685e-08 0 4.154886e-07) 
( -8.157307e-08 0 4.018101e-07) 
( -5.957590e-08 0 4.154942e-07) 
( -5.957887e-08 0 4.154936e-07) 
( -1.929455e-07 0 3.476462e-07) 
( -1.944243e-07 0 3.426087e-07) 
( -1.944243e-07 0 3.426087e-07) 
( -1.928673e-07 0 3.476806e-07) 
( -1.945157e-07 0 3.425313e-07) 
( -1.944704e-07 0 3.425678e-07) 
( -1.920357e-07 0 3.411981e-07) 
( -1.962379e-07 0 3.334892e-07) 
( -1.962180e-07 0 3.335059e-07) 
( -1.920311e-07 0 3.412020e-07) 
( -1.962667e-07 0 3.334655e-07) 
( -1.962512e-07 0 3.334780e-07) 
( -1.762225e-07 0 3.222523e-07) 
( -1.693461e-07 0 3.230818e-07) 
( -1.693813e-07 0 3.230291e-07) 
( -1.762246e-07 0 3.222497e-07) 
( -1.693461e-07 0 3.230818e-07) 
( -1.693336e-07 0 3.231013e-07) 
( -1.553440e-07 0 3.341669e-07) 
( -1.351621e-07 0 3.535064e-07) 
( -1.351021e-07 0 3.536160e-07) 
( -1.553522e-07 0 3.341896e-07) 
( -1.351171e-07 0 3.535864e-07) 
( -1.351621e-07 0 3.535064e-07) 
( -1.929497e-07 0 3.476480e-07) 
( -1.944283e-07 0 3.426062e-07) 
( -1.944116e-07 0 3.426207e-07) 
( -1.929227e-07 0 3.476573e-07) 
( -1.944283e-07 0 3.426062e-07) 
( -1.944283e-07 0 3.426062e-07) 
( -1.929398e-07 0 3.476490e-07) 
( -1.944243e-07 0 3.426087e-07) 
( -1.944283e-07 0 3.426062e-07) 
( -1.920572e-07 0 3.412046e-07) 
( -1.961656e-07 0 3.335546e-07) 
( -1.961636e-07 0 3.335574e-07) 
( -1.920572e-07 0 3.412046e-07) 
( -1.961679e-07 0 3.335532e-07) 
( -1.961679e-07 0 3.335532e-07) 
( -1.920512e-07 0 3.411997e-07) 
( -1.961828e-07 0 3.335365e-07) 
( -1.961654e-07 0 3.335532e-07) 
( -1.821885e-07 0 3.226989e-07) 
( -1.787812e-07 0 3.217357e-07) 
( -1.787812e-07 0 3.217357e-07) 
( -1.821780e-07 0 3.227069e-07) 
( -1.787834e-07 0 3.217322e-07) 
( -1.787827e-07 0 3.217341e-07) 
( -1.762174e-07 0 3.222643e-07) 
( -1.694938e-07 0 3.228313e-07) 
( -1.694964e-07 0 3.228301e-07) 
( -1.762147e-07 0 3.222653e-07) 
( -1.694488e-07 0 3.229113e-07) 
( -1.694888e-07 0 3.228382e-07) 
( -1.846186e-07 0 3.349019e-07) 
( -1.807714e-07 0 3.328463e-07) 
( -1.807714e-07 0 3.328463e-07) 
( -1.846221e-07 0 3.349029e-07) 
( -1.806749e-07 0 3.329014e-07) 
( -1.806515e-07 0 3.329158e-07) 
( -1.846140e-07 0 3.348912e-07) 
( -1.822168e-07 0 3.321764e-07) 
( -1.809382e-07 0 3.327480e-07) 
( -1.825004e-07 0 3.280216e-07) 
( -1.786170e-07 0 3.269745e-07) 
( -1.786170e-07 0 3.269745e-07) 
( -1.825004e-07 0 3.280216e-07) 
( -1.786170e-07 0 3.269745e-07) 
( -1.786170e-07 0 3.269745e-07) 
( -1.825004e-07 0 3.280216e-07) 
( -1.786170e-07 0 3.269745e-07) 
( -1.786170e-07 0 3.269745e-07) 
( -1.821737e-07 0 3.227104e-07) 
( -1.788222e-07 0 3.216919e-07) 
( -1.788207e-07 0 3.216935e-07) 
( -1.821737e-07 0 3.227104e-07) 
( -1.788261e-07 0 3.216889e-07) 
( -1.788222e-07 0 3.216919e-07) 
( -1.821586e-07 0 3.227199e-07) 
( -1.788045e-07 0 3.217027e-07) 
( -1.788322e-07 0 3.216824e-07) 
( -1.846226e-07 0 3.349007e-07) 
( -1.809796e-07 0 3.327146e-07) 
( -1.810995e-07 0 3.326451e-07) 
( -1.846223e-07 0 3.349010e-07) 
( -1.812429e-07 0 3.325612e-07) 
( -1.812195e-07 0 3.325756e-07) 
( -1.846216e-07 0 3.349002e-07) 
( -1.809327e-07 0 3.327433e-07) 
( -1.812195e-07 0 3.325756e-07) 
( -1.846203e-07 0 3.349031e-07) 
( -1.806018e-07 0 3.329422e-07) 
( -1.807190e-07 0 3.328703e-07) 
( -1.825004e-07 0 3.280216e-07) 
( -1.786170e-07 0 3.269745e-07) 
( -1.786170e-07 0 3.269745e-07) 
( -1.825004e-07 0 3.280216e-07) 
( -1.786170e-07 0 3.269745e-07) 
( -1.786170e-07 0 3.269745e-07) 
( -1.825004e-07 0 3.280216e-07) 
( -1.786170e-07 0 3.269745e-07) 
( -1.786170e-07 0 3.269745e-07) 
( -1.825004e-07 0 3.280216e-07) 
( -1.786170e-07 0 3.269745e-07) 
( -1.786170e-07 0 3.269745e-07) 
( -1.821854e-07 0 3.227012e-07) 
( -1.788360e-07 0 3.216817e-07) 
( -1.788093e-07 0 3.217068e-07) 
( -1.821788e-07 0 3.227072e-07) 
( -1.788299e-07 0 3.216860e-07) 
( -1.788391e-07 0 3.216785e-07) 
