0.00640244	0.00792219	0.0045346
0.00634431	0.00793568	0.00458992
0.00628629	0.00794837	0.00464457
0.00622937	0.00796039	0.00469777
0.0061723	0.00797112	0.00475009
0.00611456	0.00797988	0.004802
0.00605728	0.0079864	0.00485299
0.00600001	0.00799045	0.00490364
0.00594198	0.00799173	0.00495418
0.00588357	0.00799054	0.00500418
0.00582489	0.00798728	0.00505388
0.00576625	0.00798196	0.0051032
0.0057072	0.00797403	0.00515211
0.00564832	0.00796339	0.0052016
0.00559105	0.00795088	0.00525204
0.00553494	0.00793702	0.00530305
0.00547861	0.00792155	0.00535434
0.00542112	0.00790399	0.00540473
0.00536311	0.00788382	0.00545293
0.00645948	0.00795246	0.004585
0.00640174	0.00796535	0.00464024
0.00634442	0.00797693	0.00469497
0.00628768	0.00798745	0.00474843
0.00623043	0.00799681	0.00480065
0.00617252	0.00800415	0.00485231
0.0061148	0.0080092	0.00490314
0.00605713	0.0080118	0.00495355
0.0059993	0.00801193	0.00500388
0.00594129	0.00801002	0.00505376
0.005883	0.00800615	0.00510316
0.00582421	0.0080004	0.00515204
0.00576497	0.00799265	0.00520062
0.00570564	0.00798282	0.00525024
0.00564712	0.00797087	0.0053017
0.00559005	0.0079574	0.00535349
0.005534	0.00794284	0.00540394
0.00547767	0.00792644	0.00545263
0.00542015	0.00790725	0.0055
0.00651594	0.00797957	0.00463567
0.00645913	0.00799135	0.0046911
0.00640296	0.008002	0.00474517
0.0063458	0.00801097	0.00479815
0.00628744	0.00801865	0.00485024
0.00622912	0.00802498	0.00490169
0.00617106	0.00802917	0.00495237
0.00611286	0.00803068	0.00500261
0.00605518	0.00802986	0.00505258
0.00599787	0.00802722	0.00510222
0.00594016	0.00802275	0.0051515
0.00588187	0.00801664	0.00520054
0.00582322	0.00800908	0.00525001
0.00576415	0.00799999	0.00530056
0.00570495	0.00798903	0.00535252
0.00564681	0.00797629	0.00540389
0.00558968	0.00796184	0.00545275
0.00553333	0.00794577	0.00550027
0.00547701	0.00792779	0.00554741
0.0065742	0.00800317	0.00468426
0.00651678	0.00801352	0.00474031
0.00646067	0.00802307	0.00479453
0.00640385	0.00803122	0.0048461
0.00634504	0.0080381	0.00489745
0.00628558	0.00804386	0.00494938
0.00622702	0.00804761	0.00500044
0.00616857	0.00804847	0.00505113
0.00611044	0.00804664	0.00510145
0.00605329	0.0080429	0.00515066
0.00599615	0.00803755	0.00519976
0.00593853	0.00803096	0.00524947
0.0058808	0.00802338	0.00530028
0.00582242	0.00801453	0.00535157
0.00576372	0.00800452	0.00540243
0.00570533	0.00799292	0.00545272
0.00564698	0.00797876	0.00550114
0.0055894	0.0079627	0.00554816
0.00553296	0.00794546	0.0055953
0.00663435	0.00802342	0.00473095
0.00657537	0.00803265	0.00478642
0.00651752	0.0080412	0.00484157
0.00646078	0.00804879	0.00489281
0.00640276	0.00805533	0.00494272
0.00634328	0.00806096	0.00499477
0.00628422	0.00806457	0.00504672
0.00622582	0.00806508	0.00509794
0.00616767	0.00806271	0.00514964
0.00610949	0.00805775	0.00519962
0.00605149	0.00805103	0.0052487
0.00599408	0.00804361	0.00529941
0.00593725	0.00803569	0.00535114
0.00588031	0.00802715	0.0054021
0.00582266	0.0080175	0.00545127
0.00576424	0.00800614	0.00549997
0.00570527	0.00799285	0.00554866
0.00564647	0.00797742	0.00559639
0.0055891	0.00796056	0.00564378
0.00669448	0.0080413	0.00477785
0.00663526	0.00804959	0.00483128
0.00657575	0.00805746	0.00488627
0.00651738	0.00806447	0.00493867
0.00646007	0.00807064	0.00498902
0.00640204	0.00807594	0.00504104
0.00634339	0.00807901	0.0050934
0.00628504	0.00807914	0.00514497
0.00622704	0.00807655	0.00519711
0.00616818	0.00807102	0.00524848
0.00610876	0.00806328	0.00529883
0.00605027	0.00805479	0.00535018
0.00599341	0.00804633	0.0054018
0.00593783	0.00803785	0.00545161
0.0058814	0.0080282	0.00549961
0.00582318	0.00801667	0.00554738
0.00576405	0.00800367	0.00559581
0.0057049	0.00798912	0.0056444
0.00564663	0.00797307	0.00569281
0.00675384	0.00805771	0.00482626
0.0066955	0.00806529	0.00487872
0.00663599	0.00807229	0.00493293
0.00657606	0.00807837	0.00498619
0.00651801	0.00808364	0.00503869
0.00646073	0.00808768	0.00509133
0.00640302	0.00808985	0.00514287
0.00634462	0.0080895	0.00519415
0.00628602	0.0080866	0.0052461
0.00622745	0.0080811	0.00529792
0.00616825	0.00807347	0.00534982
0.00610863	0.00806475	0.00540147
0.00605063	0.00805556	0.00545205
0.00599491	0.00804629	0.00550108
0.00593947	0.00803667	0.00554843
0.00588209	0.00802528	0.00559585
0.00582323	0.00801208	0.00564422
0.00576445	0.00799799	0.00569324
0.00570555	0.00798282	0.00574304
0.00681498	0.00807262	0.00487558
0.00675658	0.00807938	0.00492974
0.00669719	0.00808506	0.00498377
0.00663723	0.00808987	0.00503703
0.00657764	0.0080937	0.00509023
0.00651903	0.00809598	0.00514354
0.00646142	0.00809688	0.00519436
0.00640345	0.00809616	0.00524451
0.00634471	0.00809299	0.00529673
0.00628603	0.00808752	0.00534914
0.00622757	0.00808081	0.0054014
0.00616832	0.0080728	0.00545221
0.0061091	0.0080632	0.00550118
0.00605224	0.00805321	0.00554986
0.00599688	0.00804332	0.00559767
0.00594017	0.00803197	0.00564531
0.00588202	0.00801892	0.00569423
0.00582371	0.0080049	0.00574454
0.00576505	0.00799013	0.00579601
0.00687792	0.00808507	0.00492577
0.00681819	0.00809062	0.00498157
0.00675836	0.00809495	0.00503565
0.00669856	0.0080985	0.00508851
0.00663842	0.00810109	0.00514076
0.00657816	0.00810193	0.00519339
0.00651919	0.00810139	0.00524533
0.00646152	0.00810003	0.0052964
0.00640348	0.00809688	0.00534858
0.00634455	0.00809179	0.0054007
0.00628564	0.00808564	0.00545198
0.00622705	0.00807823	0.00550189
0.00616806	0.00806919	0.00554963
0.00611014	0.00805914	0.00559769
0.00605408	0.00804875	0.00564659
0.00599769	0.00803725	0.00569569
0.00594028	0.00802435	0.00574611
0.00588247	0.00801042	0.00579797
0.00582417	0.0079958	0.00585039
0.00693979	0.00809448	0.00497707
0.00687928	0.00809895	0.00503258
0.00681903	0.00810226	0.0050864
0.006759	0.00810463	0.00513894
0.00669904	0.00810603	0.00519063
0.00663864	0.00810596	0.00524269
0.00657823	0.00810465	0.00529588
0.00651923	0.00810242	0.00534894
0.0064615	0.00809909	0.00540075
0.00640299	0.00809442	0.00545123
0.00634366	0.00808858	0.00550065
0.0062848	0.00808158	0.00555056
0.00622623	0.00807314	0.00559946
0.00616792	0.00806332	0.00564743
0.00611115	0.00805275	0.00569705
0.00605521	0.00804122	0.00574786
0.00599835	0.00802851	0.00579952
0.00594079	0.00801475	0.00585174
0.00588272	0.0080001	0.00590355
0.00699864	0.00810122	0.0050287
0.00693818	0.00810484	0.00508336
0.00687817	0.00810734	0.00513661
0.00681848	0.00810868	0.00518894
0.00675887	0.00810905	0.00524126
0.00669899	0.0081083	0.00529444
0.00663856	0.00810668	0.00534811
0.00657836	0.00810442	0.00540074
0.00651976	0.00810085	0.00545157
0.00646147	0.00809564	0.00550076
0.0064024	0.0080901	0.00554927
0.00634322	0.0080837	0.00559915
0.00628386	0.00807532	0.00565029
0.00622536	0.00806554	0.0057004
0.00616849	0.008055	0.00575052
0.00611243	0.00804353	0.00580165
0.00605587	0.00803104	0.00585303
0.00599851	0.00801732	0.00590431
0.00594084	0.0080023	0.00595526
0.00705606	0.00810587	0.00508008
0.00699517	0.00810874	0.00513402
0.00693532	0.00811054	0.00518686
0.00687635	0.00811122	0.00523971
0.00681761	0.00811092	0.00529346
0.00675845	0.00810964	0.00534764
0.00669873	0.00810783	0.00540096
0.00663901	0.00810576	0.00545198
0.00657942	0.00810246	0.00550117
0.00652016	0.0080971	0.00555015
0.00646125	0.00809113	0.00559907
0.00640213	0.00808497	0.00564873
0.00634245	0.00807683	0.00570075
0.00628326	0.00806674	0.00575341
0.00622599	0.00805602	0.00580456
0.00616968	0.00804444	0.00585492
0.00611292	0.00803175	0.0059053
0.00605547	0.00801767	0.0059558
0.00599793	0.00800178	0.00600653
0.00711588	0.00810875	0.00513077
0.00705366	0.00811105	0.00518442
0.00699287	0.00811234	0.00523794
0.00693355	0.00811257	0.00529239
0.00687519	0.00811185	0.00534719
0.00681698	0.00811043	0.00540094
0.00675817	0.00810851	0.00545269
0.00669895	0.00810604	0.0055026
0.0066394	0.00810293	0.00555101
0.00657942	0.00809846	0.00559939
0.00652	0.00809251	0.00564875
0.00646087	0.00808589	0.00569884
0.00640123	0.00807779	0.00575083
0.00634137	0.00806754	0.00580433
0.00628337	0.0080563	0.00585637
0.00622701	0.00804423	0.00590652
0.00617002	0.00803082	0.00595657
0.00611228	0.00801584	0.00600715
0.00605427	0.00799876	0.00605786
0.00717886	0.00810989	0.0051811
0.00711524	0.00811211	0.00523565
0.0070529	0.00811316	0.00529102
0.006992	0.0081131	0.00534668
0.00693279	0.00811232	0.005401
0.00687482	0.00811088	0.00545303
0.00681691	0.00810877	0.00550327
0.00675811	0.00810601	0.00555259
0.00669876	0.00810259	0.00560136
0.00663919	0.00809851	0.00564944
0.00657903	0.00809313	0.00569831
0.00651896	0.00808621	0.00574883
0.00645907	0.00807789	0.00580105
0.00639963	0.00806768	0.0058548
0.00634182	0.00805593	0.00590722
0.00628479	0.00804291	0.00595762
0.00622744	0.0080284	0.0060079
0.00616977	0.00801233	0.00605897
0.00611192	0.00799385	0.00610967
0.00724313	0.00810916	0.00523338
0.00717857	0.0081117	0.00528962
0.00711497	0.00811299	0.00534607
0.00705225	0.00811274	0.00540057
0.00699085	0.00811162	0.00545274
0.00693218	0.00811047	0.00550364
0.00687513	0.00810873	0.0055534
0.00681726	0.00810591	0.00560252
0.00675812	0.00810224	0.00565153
0.00669855	0.00809789	0.00570059
0.00663818	0.0080925	0.00574997
0.00657714	0.00808573	0.00580035
0.00651683	0.00807726	0.00585241
0.00645838	0.0080668	0.00590607
0.00640155	0.00805469	0.00595881
0.00634429	0.00804065	0.00600946
0.00628598	0.0080247	0.0060598
0.00622767	0.00800705	0.00611113
0.00617007	0.00798685	0.00616223
0.00730816	0.00810684	0.00528936
0.00724269	0.00811007	0.00534603
0.00717846	0.00811222	0.00540074
0.00711451	0.0081123	0.00545248
0.00705071	0.00811004	0.0055024
0.00698995	0.00810858	0.00555281
0.00693279	0.00810775	0.0056034
0.00687613	0.00810535	0.00565293
0.00681791	0.00810165	0.00570233
0.00675812	0.00809708	0.00575243
0.00669771	0.0080915	0.00580338
0.00663657	0.00808465	0.0058544
0.00657519	0.00807585	0.00590571
0.0065159	0.00806468	0.00595842
0.00645988	0.00805177	0.00601115
0.00640404	0.00803715	0.00606227
0.00634551	0.00801987	0.00611263
0.00628601	0.00800003	0.00616371
0.00622744	0.00797796	0.00621485
0.00737407	0.00810343	0.00534711
0.0073078	0.00810767	0.00540194
0.00724313	0.00811072	0.00545386
0.00717874	0.00811182	0.00550374
0.00711334	0.00810964	0.0055532
0.00705018	0.00810718	0.00560291
0.00699154	0.00810633	0.00565366
0.00693524	0.00810452	0.00570406
0.0068779	0.00810087	0.00575425
0.00681838	0.0080962	0.00580576
0.00675778	0.00809051	0.00585792
0.00669671	0.00808343	0.00590921
0.00663454	0.00807393	0.00596019
0.00657385	0.00806165	0.00601233
0.00651708	0.00804741	0.00606461
0.00646135	0.00803151	0.00611588
0.00640395	0.00801318	0.0061667
0.00634483	0.00799183	0.00621729
0.00628524	0.0079681	0.00626689
0.00743997	0.00809874	0.00540252
0.00737266	0.00810335	0.00545456
0.00730718	0.00810711	0.00550596
0.00724286	0.00810928	0.00555607
0.00717745	0.00810889	0.00560594
0.00711342	0.00810713	0.00565556
0.00705262	0.0081055	0.0057055
0.00699491	0.00810332	0.005756
0.00693797	0.00809974	0.00580702
0.00687896	0.00809502	0.00585986
0.00681812	0.00808907	0.00591301
0.00675667	0.00808148	0.00596411
0.00669479	0.00807116	0.00601481
0.00663475	0.00805793	0.00606726
0.00657598	0.00804217	0.00611955
0.00651756	0.0080241	0.00617057
0.00646035	0.00800406	0.00622178
0.00640257	0.00798163	0.0062729
0.00634405	0.00795723	0.0063203
0.00750512	0.00809277	0.00545535
0.00743796	0.00809765	0.00550598
0.00737273	0.00810231	0.00555766
0.00730749	0.00810534	0.00560879
0.00724219	0.00810628	0.00565882
0.00717774	0.00810586	0.00570873
0.00711486	0.00810421	0.00575861
0.00705533	0.00810164	0.00580894
0.00699834	0.00809806	0.00586054
0.00693995	0.00809321	0.00591378
0.00687876	0.00808673	0.00596732
0.00681593	0.00807785	0.0060194
0.00675438	0.00806617	0.00607073
0.00669539	0.00805183	0.00612315
0.00663574	0.00803488	0.00617527
0.00657518	0.00801535	0.00622633
0.00651655	0.0079933	0.00627781
0.00645973	0.00796957	0.00632863
0.00640322	0.00794492	0.00637542
0.00649107	0.00662451	0.00330347
0.00644504	0.00670205	0.00333413
0.00644421	0.00680982	0.00337751
0.00648427	0.00693937	0.00343509
0.00648107	0.00703397	0.00349177
0.00647872	0.00712421	0.00355263
0.00647632	0.00720905	0.00361582
0.00647231	0.00728812	0.00368054
0.00646806	0.00736402	0.00374802
0.0064647	0.00743565	0.00381549
0.00646223	0.00750177	0.00388173
0.00645882	0.00756501	0.00395145
0.0064547	0.00762449	0.00402306
0.00645122	0.00767838	0.00409359
0.00644702	0.00772905	0.00416654
0.00644261	0.00777788	0.00424265
0.00643979	0.00782219	0.00431814
0.00643743	0.00786133	0.00439243
0.0064341	0.00789743	0.00446789
0.00667241	0.00662783	0.00328545
0.0066236	0.00670986	0.00331163
0.00661854	0.00682328	0.0033538
0.0066113	0.00692945	0.00340401
0.00660333	0.0070308	0.00346035
0.00663458	0.00715925	0.00353423
0.00662587	0.00725038	0.00360168
0.00661486	0.00733428	0.00367134
0.00660363	0.00741254	0.00374289
0.00659398	0.00748531	0.00381522
0.00658415	0.00755217	0.00388814
0.00657348	0.00761541	0.00396447
0.006562	0.00767306	0.0040412
0.00654938	0.00772484	0.00411821
0.00653589	0.00777375	0.00419879
0.00652375	0.00781858	0.0042786
0.00651343	0.00785816	0.00435571
0.00650353	0.00789444	0.00443423
0.00649354	0.00792874	0.00451553
0.0068568	0.00662997	0.00327945
0.00680352	0.00671488	0.00330103
0.00679365	0.00683346	0.00334214
0.00678257	0.00694767	0.00339233
0.00676991	0.00705814	0.00345004
0.00679393	0.007195	0.00352964
0.00677792	0.0072914	0.00360066
0.00676051	0.00737953	0.00367486
0.00674232	0.00746035	0.00375082
0.00672518	0.00753511	0.00382835
0.00670783	0.00760266	0.00390607
0.00668922	0.00766387	0.00398511
0.00667039	0.00771925	0.00406501
0.00664982	0.00776979	0.00414832
0.00662719	0.00781591	0.00423393
0.0066072	0.00785639	0.00431541
0.00658932	0.00789272	0.00439559
0.00657135	0.00792679	0.00447932
0.00655383	0.00795835	0.00456453
0.00704514	0.00663466	0.00328717
0.00698656	0.00672267	0.00330588
0.00697342	0.00684797	0.00334609
0.00695835	0.00696894	0.00339574
0.00694007	0.00708574	0.00345338
0.00691977	0.00719481	0.00351708
0.00689834	0.0072966	0.0035884
0.00690919	0.00741985	0.003688
0.0068836	0.00750337	0.0037681
0.00685807	0.0075801	0.00384992
0.00683227	0.00764891	0.00393205
0.00680505	0.00770922	0.00401397
0.00677922	0.00776313	0.00409699
0.00675111	0.00781206	0.00418413
0.00672103	0.00785505	0.00427164
0.00669351	0.00789194	0.00435501
0.00666734	0.00792587	0.00444002
0.00664155	0.00795724	0.00452769
0.00661643	0.00798489	0.00461363
0.00723579	0.00664029	0.00330565
0.00717618	0.00673465	0.00332111
0.00715358	0.00686582	0.00336277
0.00713262	0.00699145	0.00341279
0.00710984	0.00711137	0.00347005
0.00708419	0.00722377	0.00353444
0.00705778	0.00733094	0.00360809
0.00705968	0.00745747	0.00371253
0.00702538	0.0075432	0.00379534
0.00699158	0.00762019	0.00387898
0.00695744	0.00768913	0.00396396
0.00692239	0.00775012	0.00404976
0.00688867	0.00780391	0.00413682
0.00685315	0.00785123	0.00422596
0.006816	0.00789112	0.00431344
0.00678089	0.00792572	0.00440007
0.00674658	0.00795735	0.00448962
0.00671293	0.00798497	0.00457858
0.00668049	0.00800805	0.00466265
0.00742392	0.00664465	0.00333854
0.00736412	0.00674375	0.00334933
0.00733701	0.00688245	0.00339234
0.0073087	0.00701278	0.00344162
0.00728024	0.00713876	0.00350104
0.00724965	0.00725414	0.00356653
0.0072172	0.00736342	0.0036402
0.00720887	0.00749466	0.00375061
0.00716743	0.00758277	0.00383565
0.00712616	0.00765921	0.00391966
0.00708379	0.00772681	0.00400505
0.00704144	0.0077877	0.00409364
0.00699953	0.00784064	0.00418294
0.00695631	0.00788616	0.00427257
0.00691207	0.00792441	0.0043612
0.00686918	0.00795728	0.00445115
0.00682672	0.00798572	0.00454271
0.00678528	0.00800916	0.00463071
0.00674478	0.00802838	0.00471244
0.00761227	0.00664925	0.00338224
0.0075472	0.00675348	0.0033932
0.00751686	0.00689397	0.00343176
0.00748604	0.00702859	0.00348213
0.00745536	0.00716012	0.00354418
0.00741822	0.00728058	0.00361049
0.00737647	0.00739441	0.0036854
0.00733356	0.00749721	0.00376519
0.00728721	0.00759003	0.00385151
0.00726266	0.00769604	0.00397199
0.00721096	0.0077634	0.00405863
0.00716092	0.00782297	0.00414759
0.00711149	0.00787417	0.0042368
0.00705868	0.00791718	0.00432511
0.00700638	0.00795383	0.0044146
0.0069563	0.00798486	0.00450668
0.00690663	0.00800978	0.00459703
0.0068576	0.00802968	0.00468174
0.00680851	0.00804633	0.00476162
0.0077599	0.00661285	0.00341601
0.00773465	0.00675963	0.00344439
0.00770014	0.00691007	0.00348611
0.00766615	0.00704553	0.00353603
0.00763223	0.00718591	0.0036021
0.00758774	0.00731196	0.00367067
0.00753986	0.0074272	0.00374578
0.00749086	0.00752913	0.00382408
0.00743668	0.00762345	0.00391131
0.00739901	0.00772952	0.00403539
0.00733805	0.00779663	0.0041227
0.00728	0.00785488	0.00421126
0.00722115	0.00790403	0.00429907
0.00716006	0.00794494	0.00438552
0.00710095	0.00797941	0.00447378
0.00704374	0.00800797	0.00456433
0.00698699	0.00803017	0.00465089
0.00693005	0.00804757	0.00473096
0.00687306	0.00806226	0.00480908
0.00795228	0.00661611	0.00347891
0.00792718	0.00676776	0.00351184
0.00789241	0.00692228	0.00355663
0.00785068	0.00706673	0.00360778
0.0078031	0.00721289	0.00367316
0.00775214	0.00734533	0.0037455
0.00769603	0.00745869	0.00381742
0.00764145	0.00755884	0.00389365
0.00758083	0.00765472	0.00398253
0.00753361	0.00775895	0.004108
0.00746503	0.0078245	0.0041937
0.00739605	0.0078815	0.00428176
0.00732744	0.00792904	0.00436802
0.0072615	0.00796784	0.00445118
0.00719717	0.0080004	0.00453746
0.00713244	0.00802707	0.00462479
0.00706788	0.00804743	0.00470572
0.00700331	0.00806323	0.00478164
0.00693965	0.00807613	0.00485805
0.00814663	0.00662167	0.00355534
0.00812124	0.00678197	0.0035915
0.00808474	0.00694252	0.00364036
0.0080316	0.00708709	0.00369016
0.00797612	0.00723158	0.00375284
0.00792281	0.00736587	0.00382571
0.00785587	0.00748158	0.00389621
0.00778961	0.00758635	0.00397484
0.00771978	0.00768163	0.00406191
0.00766539	0.00778329	0.00418868
0.00758915	0.00784709	0.00427171
0.00751059	0.00790253	0.00435802
0.00743396	0.00794914	0.00444289
0.00736292	0.00798586	0.00452171
0.00729204	0.00801678	0.00460457
0.00721906	0.00804246	0.00468802
0.00714644	0.00806179	0.0047633
0.00707511	0.00807639	0.00483596
0.00700528	0.00808734	0.00491044
0.00833687	0.00662379	0.00365304
0.00830999	0.006787	0.00368895
0.00826348	0.00695363	0.0037374
0.00820764	0.00711205	0.00379462
0.00815264	0.00725216	0.00385359
0.00808739	0.00738653	0.0039212
0.00800945	0.00751124	0.00399524
0.00793832	0.00761537	0.00407356
0.00786136	0.00770565	0.00415533
0.00779312	0.00780455	0.00428278
0.00770919	0.00786635	0.00436194
0.00762481	0.00791918	0.00444263
0.00754075	0.00796449	0.00452362
0.00746024	0.00800017	0.00459865
0.0073809	0.00803	0.00467721
0.00730091	0.00805479	0.0047551
0.00722096	0.00807315	0.0048245
0.00714268	0.00808645	0.00489379
0.00706706	0.00809561	0.00496496
0.00852776	0.00662611	0.00376425
0.00849047	0.00679388	0.00379896
0.00844106	0.00696346	0.0038479
0.00838507	0.00712514	0.00390842
0.00831885	0.00727673	0.0039705
0.00824041	0.00741315	0.0040343
0.00816183	0.00753453	0.0041066
0.00808203	0.00763489	0.00417839
0.0079975	0.00772498	0.00426102
0.00791571	0.00782115	0.00438783
0.00782455	0.00788107	0.004463
0.00773399	0.00793202	0.00453766
0.00764233	0.0079755	0.00461217
0.00755197	0.00801042	0.00468203
0.00746553	0.00803953	0.00475491
0.00738154	0.00806344	0.00482659
0.00729532	0.00808088	0.00488982
0.00720972	0.00809314	0.00495396
0.00712781	0.0081012	0.00501995
0.00871053	0.0066241	0.00390592
0.00866967	0.00679585	0.00394154
0.00861754	0.00697198	0.00398808
0.00855223	0.00713911	0.00404718
0.00847814	0.00728707	0.00410134
0.00839642	0.00742695	0.00416525
0.00830761	0.00755216	0.00423519
0.00822168	0.00765015	0.00430134
0.00812432	0.00774159	0.00438178
0.00803302	0.0078316	0.00450151
0.00793428	0.00788911	0.00456995
0.00783644	0.00793931	0.00463976
0.00774038	0.0079816	0.00470889
0.00764481	0.00801562	0.00477146
0.00755202	0.00804405	0.00483578
0.00746231	0.0080675	0.00490051
0.00737107	0.00808478	0.00495735
0.00728023	0.00809682	0.00501482
0.0071917	0.00810451	0.00507418
0.00887916	0.00663067	0.00407443
0.00883489	0.00681031	0.00410986
0.00878291	0.00697731	0.00415012
0.0087049	0.00714923	0.00420147
0.00862918	0.00730636	0.00426428
0.0085401	0.00744707	0.00432422
0.00844588	0.00756388	0.00438129
0.00834815	0.00766441	0.00444584
0.00824267	0.00775123	0.00451406
0.00814329	0.00783527	0.00462598
0.0080384	0.00789177	0.00468849
0.00793549	0.00794078	0.00475074
0.00783595	0.00798215	0.00481205
0.00773659	0.00801573	0.00486583
0.0076377	0.0080436	0.00491903
0.00754067	0.00806713	0.00497531
0.00744618	0.00808484	0.00502612
0.00735215	0.00809731	0.00507628
0.00725812	0.00810546	0.00512811
0.00904102	0.00662582	0.00427337
0.00899352	0.00680512	0.00430421
0.00892545	0.00698808	0.00434157
0.00884889	0.00715363	0.00438355
0.0087677	0.00730337	0.00443031
0.00867161	0.00744548	0.00448367
0.00857492	0.00756411	0.0045442
0.0084675	0.00766447	0.00459719
0.00835003	0.00775092	0.00465115
0.00824204	0.00783333	0.00476184
0.00813417	0.00788984	0.00481932
0.00802743	0.0079381	0.00487204
0.00792233	0.00797912	0.00492217
0.0078197	0.00801242	0.00496607
0.00771878	0.00803976	0.00500797
0.00761824	0.00806316	0.00505364
0.00752033	0.0080815	0.0050979
0.00742316	0.00809483	0.00514043
0.00732504	0.008104	0.00518356
0.00916595	0.00661801	0.00448292
0.00911937	0.00679833	0.00451291
0.00905281	0.00698244	0.00454991
0.00897098	0.00715088	0.00459413
0.00887438	0.00731041	0.00463207
0.00877983	0.00744082	0.00466655
0.00868073	0.00755354	0.00470771
0.00856804	0.00765504	0.00475302
0.00844685	0.00774246	0.00480198
0.00833171	0.00782434	0.0049063
0.00822102	0.00788159	0.00495481
0.0081099	0.00793102	0.00499767
0.00800072	0.00797269	0.00503754
0.00789589	0.00800645	0.00507325
0.00779435	0.00803373	0.00510549
0.00769285	0.00805687	0.00514027
0.00759168	0.00807596	0.00517611
0.0074919	0.00809034	0.00520966
0.00739196	0.00810058	0.0052432
0.00926572	0.00662908	0.0047172
0.00921001	0.00680452	0.00473986
0.00913933	0.0069778	0.0047722
0.00905385	0.00714496	0.00480757
0.0089591	0.007299	0.00484664
0.00886191	0.00742936	0.00487119
0.0087539	0.00754712	0.00489574
0.00864597	0.00764375	0.00492844
0.0085272	0.00773038	0.00497391
0.00841024	0.00780929	0.00505992
0.00829711	0.00786813	0.00509333
0.00818506	0.00791879	0.00512648
0.00807552	0.0079614	0.00515687
0.00796828	0.00799694	0.00518375
0.00786465	0.00802541	0.00520815
0.00776178	0.00804903	0.00523256
0.00765908	0.00806893	0.00525903
0.00755784	0.00808452	0.0052833
0.00745814	0.00809594	0.00530672
0.00934995	0.00662598	0.00498573
0.00927566	0.00679267	0.00499962
0.00919339	0.00696588	0.00501556
0.00909996	0.00713297	0.005028
0.00901195	0.00727498	0.00504884
0.00891698	0.00740614	0.00507413
0.00881049	0.00752796	0.00509938
0.00870896	0.00762303	0.00512214
0.00859788	0.00770668	0.00514717
0.00847508	0.00778934	0.00521769
0.00836151	0.00785146	0.00523741
0.00825279	0.0079028	0.00525902
0.00814375	0.0079469	0.00527799
0.00803635	0.00798424	0.00529445
0.00793101	0.00801471	0.00530995
0.00782755	0.00803957	0.00532454
0.00772508	0.00806032	0.00534013
0.00762301	0.0080774	0.00535541
0.00752329	0.00809049	0.00536915
0.00937655	0.00662333	0.00524821
0.00930096	0.00678337	0.00525923
0.00922042	0.00695232	0.00526924
0.00912563	0.00711524	0.00527805
0.00904066	0.00725158	0.00528722
0.0089302	0.00740578	0.0053516
0.00883154	0.00752043	0.00536032
0.00875251	0.00759762	0.00531835
0.00865281	0.00767939	0.00532821
0.00852601	0.00776814	0.00537941
0.00841685	0.00783234	0.00538642
0.00831155	0.00788533	0.00539323
0.0082039	0.0079314	0.00539896
0.00809835	0.00797006	0.00540464
0.00799344	0.00800255	0.00540925
0.00789046	0.00802893	0.00541434
0.00778953	0.0080505	0.0054182
0.0076886	0.00806887	0.00542356
0.00758786	0.00808394	0.00542776
0.00631141	0.00662358	0.00333114
0.00635627	0.00670027	0.00334903
0.00635775	0.00680638	0.00339499
0.00631885	0.00692896	0.00347476
0.00632196	0.00701995	0.00353412
0.00632563	0.00710704	0.00359624
0.00632958	0.00718849	0.00365809
0.00633259	0.00726504	0.00372069
0.0063358	0.00734038	0.00378566
0.00633885	0.00741177	0.00384929
0.00634144	0.00747749	0.00391091
0.0063449	0.00754138	0.00397586
0.00634923	0.00760275	0.00404322
0.00635319	0.0076583	0.00410937
0.00635654	0.00771088	0.0041784
0.00635949	0.0077626	0.00425278
0.00636393	0.00780987	0.00432751
0.0063679	0.00785049	0.00439934
0.00637105	0.00788765	0.00447202
0.00613583	0.00662358	0.00336734
0.00614225	0.00672758	0.00341144
0.00615038	0.00683195	0.00346832
0.00615936	0.00692898	0.00353021
0.0061687	0.00701994	0.00359481
0.00617783	0.00710719	0.00365997
0.00618734	0.00718836	0.00372277
0.00619744	0.00726533	0.00378523
0.00620732	0.00734126	0.00384846
0.00621628	0.00741265	0.00390918
0.00622539	0.00747983	0.0039691
0.00623545	0.00754636	0.00403332
0.00624651	0.00760954	0.00409908
0.00625789	0.00766684	0.00416368
0.00626769	0.00772158	0.00423289
0.00627701	0.00777425	0.00430714
0.00628753	0.00782127	0.00438053
0.00629798	0.00786243	0.00445221
0.00630878	0.00790082	0.00452648
0.00596451	0.00662282	0.00341753
0.00597697	0.00672758	0.0034679
0.00599025	0.00683193	0.00352888
0.00600519	0.00692908	0.0035936
0.00602004	0.00702045	0.00366069
0.00603455	0.00710754	0.00372667
0.00604948	0.00718867	0.00378879
0.00606528	0.00726615	0.00384998
0.00608051	0.00734252	0.0039111
0.00609597	0.00741453	0.00396897
0.00611179	0.00748328	0.0040271
0.0061277	0.00755193	0.00409022
0.00614495	0.00761693	0.00415462
0.00616256	0.00767584	0.00421861
0.00617883	0.00773245	0.00428801
0.00619472	0.00778582	0.00436132
0.00621154	0.00783248	0.00443259
0.00622895	0.00787419	0.004504
0.00624726	0.0079137	0.00457975
0.0058357	0.00659699	0.0034521
0.0058509	0.00670135	0.00350113
0.00583387	0.00683306	0.00359789
0.00585411	0.00693068	0.00366453
0.00587458	0.00702187	0.00373052
0.00589497	0.00710825	0.00379451
0.00591503	0.00718966	0.0038549
0.00593585	0.00726751	0.00391406
0.00595631	0.00734461	0.00397316
0.00597736	0.00741872	0.00402982
0.00599938	0.00748926	0.0040864
0.00602135	0.007559	0.00414772
0.00604362	0.00762531	0.0042112
0.00606729	0.00768585	0.00427464
0.00609074	0.00774367	0.00434299
0.00611342	0.00779754	0.00441506
0.00613681	0.00784433	0.00448535
0.00616058	0.00788601	0.00455635
0.0061859	0.00792584	0.00463242
0.0056672	0.00659652	0.00351621
0.0056874	0.00670199	0.00356527
0.00568022	0.00683454	0.00366729
0.00570541	0.00693298	0.00373714
0.00573077	0.00702384	0.00380228
0.00575677	0.00710971	0.00386357
0.00578235	0.00719229	0.00392242
0.00580825	0.00727126	0.00397968
0.00583451	0.00734839	0.00403572
0.00586029	0.0074242	0.00409153
0.00588755	0.00749696	0.00414749
0.00591555	0.00756742	0.00420659
0.0059435	0.00763508	0.00426898
0.00597336	0.00769768	0.00433183
0.00600326	0.00775574	0.00439797
0.00603282	0.00780939	0.00446839
0.00606318	0.00785642	0.00453844
0.00609311	0.00789797	0.00460925
0.00612495	0.00793734	0.004685
0.00550255	0.00659677	0.00357989
0.00552714	0.0067029	0.00363125
0.00552786	0.00683668	0.00373721
0.00555908	0.00693559	0.00380782
0.00558942	0.0070268	0.00387277
0.00562078	0.00711331	0.00393264
0.00565153	0.00719711	0.00399043
0.00568216	0.00727734	0.00404654
0.00571344	0.00735426	0.00410003
0.00574419	0.00743044	0.00415374
0.00577638	0.00750528	0.00420895
0.00581029	0.00757679	0.0042663
0.00584457	0.00764517	0.00432685
0.00587947	0.00770913	0.00438891
0.00591509	0.0077678	0.00445358
0.00595173	0.00782139	0.00452265
0.00598859	0.00786813	0.0045922
0.00602533	0.00790919	0.00466235
0.00606427	0.00794759	0.00473723
0.00534295	0.00659674	0.00365685
0.00536941	0.0067055	0.00370811
0.00537649	0.00684073	0.00381225
0.00541489	0.0069402	0.00388178
0.00545161	0.00703247	0.00394549
0.00548721	0.00711947	0.00400379
0.00552212	0.00720342	0.00405938
0.00555723	0.00728451	0.00411366
0.0055928	0.00736237	0.00416582
0.00562905	0.00743916	0.00421745
0.00566676	0.0075153	0.00427126
0.00570608	0.0075878	0.00432724
0.005746	0.00765618	0.00438562
0.00578633	0.00772033	0.004446
0.00582792	0.0077797	0.00450972
0.00587067	0.00783313	0.00457752
0.00591342	0.00787887	0.00464578
0.00595721	0.00791891	0.00471499
0.0060037	0.007956	0.00478881
0.00518394	0.00659776	0.0037327
0.00521472	0.00670902	0.00378701
0.00522934	0.00684605	0.00389215
0.00527365	0.00694718	0.00396012
0.00531519	0.00704083	0.00402184
0.00535429	0.00712814	0.00407774
0.00539356	0.00721204	0.00413026
0.00543346	0.00729347	0.00418169
0.00547356	0.00737262	0.00423247
0.00551498	0.00745063	0.00428287
0.00555795	0.00752718	0.00433498
0.00560236	0.00760014	0.00438952
0.00564754	0.00766893	0.00444656
0.00569358	0.00773309	0.00450547
0.00574138	0.00779203	0.00456742
0.00578993	0.00784459	0.00463362
0.00583867	0.00788862	0.00470019
0.00588933	0.00792675	0.00476796
0.00594301	0.00796199	0.0048404
0.00503015	0.00659833	0.00381893
0.00506631	0.00671295	0.00387293
0.00508498	0.00685205	0.00397487
0.00513293	0.00695493	0.00404005
0.00517773	0.00704988	0.00409904
0.00522146	0.00713829	0.00415249
0.00526531	0.00722297	0.00420301
0.00531001	0.00730461	0.00425203
0.00535517	0.00738467	0.00430097
0.00540134	0.0074639	0.00435022
0.00544908	0.00754089	0.00440099
0.00549871	0.00761378	0.00445386
0.00554891	0.00768241	0.00450978
0.00560044	0.00774664	0.00456874
0.00565487	0.00780429	0.00462907
0.00570971	0.00785483	0.00469308
0.00576428	0.00789689	0.00475874
0.00582153	0.00793238	0.00482399
0.00588183	0.00796507	0.0048927
0.00487811	0.00660039	0.00391001
0.00491582	0.00671623	0.00395917
0.00493926	0.00685808	0.00405991
0.0049912	0.00696297	0.00412211
0.00503982	0.00705933	0.00417799
0.00508845	0.00714963	0.00422995
0.00513718	0.00723598	0.00427918
0.00518642	0.00731901	0.00432659
0.00523677	0.00739976	0.00437329
0.00528799	0.00747912	0.00442079
0.00534086	0.00755633	0.00447057
0.00539594	0.00762895	0.0045225
0.00545192	0.0076958	0.00457669
0.00550943	0.00775793	0.00463468
0.00556968	0.00781339	0.00469399
0.00563076	0.00786144	0.00475562
0.00569129	0.0079017	0.00482018
0.00575425	0.00793518	0.00488285
0.00582032	0.00796542	0.00494581
0.00472658	0.00660122	0.00400529
0.00476701	0.00671863	0.0040521
0.00481851	0.00683578	0.00411313
0.0048731	0.00694498	0.00417422
0.00490355	0.00707041	0.00426318
0.0049573	0.00716313	0.00431315
0.00501054	0.00725145	0.00436042
0.0050644	0.00733645	0.00440657
0.00511981	0.00741756	0.00445192
0.00517662	0.00749519	0.00449729
0.00523491	0.00757035	0.00454535
0.00529551	0.00764155	0.00459671
0.00535819	0.00770598	0.00464948
0.00542138	0.00776407	0.00470516
0.00548655	0.00781603	0.00476209
0.00555385	0.0078621	0.00482036
0.00562107	0.00790161	0.00488192
0.00568927	0.00793443	0.0049417
0.00575942	0.00796327	0.00499931
0.00458125	0.00660422	0.00411882
0.00462785	0.0067247	0.00416489
0.00467875	0.00684213	0.0042153
0.00473294	0.00695263	0.00426964
0.00477174	0.00708206	0.0043582
0.0048292	0.00717702	0.0044052
0.00488681	0.00726614	0.00444976
0.00494636	0.00735158	0.00449418
0.00500747	0.00743229	0.00453888
0.00506995	0.00750769	0.00458323
0.00513314	0.00757906	0.00462898
0.00519904	0.00764677	0.00467844
0.00526806	0.00770859	0.0047298
0.00533703	0.00776349	0.00478267
0.00540678	0.0078124	0.00483614
0.00547942	0.00785673	0.00488944
0.00555337	0.00789615	0.00494488
0.00562655	0.00792953	0.00499971
0.00569975	0.00795837	0.00505214
0.00444545	0.00660125	0.00425011
0.0044904	0.00672467	0.00428896
0.00454083	0.00684529	0.00433172
0.00458138	0.00698539	0.00442187
0.00464534	0.00709044	0.00446689
0.00470674	0.00718638	0.00451111
0.00477085	0.00727571	0.00455299
0.00483663	0.00735933	0.00459384
0.00490286	0.00743792	0.00463654
0.0049702	0.00751167	0.00468021
0.00503875	0.00758043	0.00472382
0.00510982	0.00764443	0.00476926
0.00518343	0.00770323	0.00481667
0.00525758	0.00775619	0.00486482
0.00533198	0.00780363	0.00491357
0.00540816	0.0078467	0.00496139
0.00548643	0.00788605	0.00500939
0.00556412	0.00792055	0.00505777
0.0056402	0.00795015	0.00510459
0.00432082	0.00660258	0.0043936
0.00436402	0.00672439	0.00442814
0.00441864	0.00684698	0.00446738
0.00447635	0.00696223	0.00450755
0.00454153	0.00706913	0.00454776
0.00459861	0.00718815	0.0046322
0.00466859	0.00727708	0.00467235
0.00473866	0.00735854	0.00470942
0.00480914	0.00743462	0.00474777
0.0048809	0.00750659	0.00478743
0.00495419	0.00757378	0.00482712
0.00502884	0.00763535	0.0048672
0.00510494	0.00769157	0.00490797
0.00518286	0.00774319	0.00494924
0.0052615	0.00779047	0.00499141
0.00534031	0.00783331	0.00503299
0.00542059	0.00787251	0.00507396
0.00550137	0.00790789	0.0051161
0.00558064	0.00793874	0.00515739
0.00420783	0.00663241	0.00460577
0.00426216	0.00672437	0.00458215
0.00431401	0.00684636	0.00461468
0.00437568	0.00696114	0.00465169
0.00444394	0.00706779	0.00468895
0.00450938	0.0071818	0.00476873
0.00458201	0.00726861	0.00480277
0.00465474	0.00734867	0.00483597
0.00472866	0.00742369	0.00486987
0.00480353	0.00749425	0.004903
0.00487877	0.00755944	0.00493533
0.00495504	0.00761972	0.0049688
0.00503317	0.00767537	0.00500262
0.00511354	0.00772662	0.00503634
0.00519454	0.00777403	0.00507113
0.00527543	0.00781726	0.00510563
0.00535681	0.00785651	0.00513951
0.00543956	0.00789273	0.00517471
0.00552231	0.0079253	0.00521002
0.00413934	0.00659886	0.00473235
0.00417779	0.00672252	0.00475315
0.0042365	0.00684631	0.0047842
0.00429754	0.00695457	0.00481227
0.0043656	0.00705589	0.00484246
0.00443819	0.00716794	0.00491479
0.0045124	0.0072539	0.00494116
0.00458632	0.00733229	0.00496723
0.00466114	0.00740558	0.00499463
0.00473692	0.00747494	0.00502171
0.00481288	0.00753941	0.00504728
0.00488971	0.00759962	0.00507275
0.00496901	0.00765612	0.00509909
0.00505023	0.00770782	0.00512587
0.00513187	0.00775499	0.00515284
0.00521374	0.0077985	0.00518
0.00529602	0.00783852	0.00520695
0.00537971	0.00787576	0.00523446
0.00546463	0.00791	0.00526307
0.00407801	0.00660138	0.00491173
0.00411936	0.00671375	0.00493023
0.00418041	0.00683406	0.00495499
0.00424336	0.00694391	0.00497799
0.0043099	0.00704294	0.00500029
0.00438509	0.007151	0.00506367
0.00445819	0.00723512	0.00508359
0.00453185	0.00731239	0.00510314
0.00460581	0.00738363	0.00512142
0.0046805	0.00745113	0.00514017
0.00475658	0.00751596	0.00516017
0.00483338	0.0075769	0.00517908
0.00491166	0.0076337	0.00519734
0.00499243	0.00768626	0.00521688
0.00507417	0.00773394	0.00523649
0.00515598	0.00777782	0.0052563
0.00523852	0.00781891	0.00527652
0.0053219	0.00785713	0.00529701
0.0054069	0.00789275	0.00531817
0.00404297	0.00659936	0.00511169
0.00407986	0.00670954	0.00512251
0.00413766	0.00682257	0.00513323
0.00420459	0.00692908	0.00514725
0.00427374	0.00702917	0.00516235
0.00434929	0.00713407	0.00521823
0.00441798	0.00721409	0.00522965
0.00448982	0.00728987	0.00524189
0.00456293	0.00736068	0.00525318
0.00463523	0.00742664	0.0052634
0.0047091	0.00749061	0.00527548
0.00478463	0.0075521	0.00528795
0.00486098	0.00760911	0.00529882
0.00494005	0.00766229	0.0053105
0.00502092	0.00771122	0.00532304
0.00510183	0.00775596	0.00533516
0.00518356	0.007798	0.00534791
0.00526617	0.00783732	0.00536097
0.00534982	0.00787394	0.00537384
0.00402635	0.00659662	0.00531123
0.00406633	0.00670892	0.00531706
0.00411921	0.00681688	0.00532013
0.00419569	0.00693765	0.00536761
0.00426272	0.00703245	0.00537157
0.00432738	0.00711812	0.00537538
0.00439206	0.00719478	0.00537842
0.00445962	0.00726749	0.00538189
0.00453037	0.00733779	0.00538619
0.00460058	0.0074032	0.00538973
0.00467078	0.00746551	0.00539325
0.00474338	0.00752671	0.00539779
0.0048175	0.00758428	0.00540132
0.00489321	0.00763735	0.00540504
0.00497183	0.00768735	0.00540975
0.00505151	0.00773343	0.00541372
0.00513125	0.00777601	0.00541784
0.00521214	0.00781625	0.00542256
0.0052939	0.00785355	0.00542671
0.00402407	0.0065961	0.00550395
0.00406049	0.0067054	0.00550337
0.00411508	0.00681398	0.00550038
0.00417668	0.00691093	0.00549705
0.00424377	0.00700643	0.00549409
0.00432777	0.00711769	0.00552814
0.00439243	0.0071944	0.00552432
0.00445978	0.00726724	0.00552038
0.00453019	0.00733785	0.00551607
0.00460014	0.00740369	0.00551274
0.00467022	0.00746652	0.00550985
0.00474259	0.007528	0.00550587
0.00481647	0.00758568	0.00550214
0.0048923	0.00763895	0.00549842
0.00497102	0.00768913	0.00549403
0.00505069	0.00773537	0.00549026
0.00513042	0.00777807	0.00548656
0.00521136	0.00781824	0.00548243
0.0052932	0.00785535	0.00547889
0.00403906	0.00660179	0.00569435
0.00407418	0.00671294	0.00568549
0.00412817	0.00682035	0.00567374
0.00419277	0.00692184	0.00566201
0.00426229	0.0070208	0.00565181
0.004351	0.00713354	0.00567919
0.00441894	0.0072133	0.00566699
0.00449026	0.00728962	0.00565469
0.00456271	0.00736165	0.00564316
0.00463395	0.00742858	0.00563306
0.00470704	0.00749364	0.00562316
0.00478214	0.00755611	0.00561259
0.00485818	0.00761366	0.0056009
0.00493731	0.00766724	0.00558838
0.00501831	0.00771669	0.00557648
0.00509923	0.00776196	0.00556506
0.00518105	0.0078042	0.00555319
0.00526389	0.00784325	0.00554142
0.005348	0.00787927	0.00552986
0.00406315	0.00660154	0.00588567
0.00409787	0.00671493	0.00587119
0.00415625	0.00682908	0.0058498
0.00422396	0.00693751	0.00582902
0.00429464	0.00703817	0.00581595
0.00438677	0.00715196	0.0058354
0.00445764	0.00723541	0.00581294
0.00453076	0.00731384	0.00579238
0.00460438	0.0073868	0.00577483
0.00467757	0.00745532	0.00575729
0.00475226	0.00752127	0.00573979
0.00482899	0.00758411	0.00572203
0.00490708	0.00764205	0.0057011
0.00498752	0.00769502	0.00567972
0.00506958	0.00774354	0.00566015
0.00515175	0.00778811	0.00564039
0.00523461	0.00782913	0.00562049
0.00531853	0.00786669	0.00560087
0.00540434	0.0079013	0.00558116
0.00409933	0.00660072	0.0060809
0.00413789	0.00672115	0.00605945
0.00419516	0.00684049	0.00602954
0.00426109	0.00694868	0.0060021
0.00433278	0.00705049	0.00598142
0.00440253	0.00714369	0.00595908
0.00447584	0.00723216	0.00593055
0.00458101	0.00733736	0.00593495
0.00465591	0.00741185	0.00590958
0.00473093	0.00748218	0.00588443
0.00480616	0.00754836	0.00585962
0.00488329	0.00761111	0.00583279
0.00496251	0.00766908	0.00580325
0.0050433	0.00772111	0.00577465
0.00512547	0.00776886	0.00574644
0.00520815	0.0078127	0.00571739
0.00529111	0.00785225	0.00568865
0.00537576	0.00788853	0.00566059
0.00546155	0.00792115	0.00563297
0.00415451	0.00660117	0.0062742
0.00419308	0.00672474	0.00624674
0.00425072	0.00684957	0.00620962
0.00431725	0.00696414	0.00617711
0.00439078	0.0070708	0.00614533
0.00446197	0.00716524	0.0061146
0.00453462	0.00725285	0.00608097
0.0046435	0.00735983	0.00607455
0.00471856	0.007436	0.0060407
0.00479365	0.00750712	0.00600868
0.00486913	0.00757396	0.00597618
0.00494602	0.0076367	0.00594086
0.00502476	0.00769371	0.00590591
0.00510538	0.00774523	0.00587143
0.00518698	0.0077925	0.00583463
0.00526852	0.00783514	0.00579633
0.00535099	0.00787355	0.00575814
0.0054351	0.00790819	0.00572132
0.00551899	0.00793815	0.00568576
0.00422881	0.00660419	0.00645864
0.00426874	0.00673332	0.00642584
0.0043262	0.00686148	0.00638588
0.00439014	0.00697654	0.00634702
0.00446081	0.00708452	0.00630563
0.00453342	0.00718211	0.00626642
0.00460813	0.00727264	0.00622479
0.00471928	0.00737992	0.0062074
0.0047927	0.00745674	0.00616663
0.00486632	0.00752842	0.00612688
0.0049409	0.00759599	0.00608644
0.00501696	0.00765879	0.00604538
0.00509397	0.00771524	0.00600466
0.00517268	0.00776636	0.00596338
0.00525279	0.0078131	0.00592007
0.00533291	0.00785506	0.00587443
0.00541429	0.00789246	0.00582904
0.00549598	0.00792478	0.00578461
0.00557682	0.00795203	0.00573992
0.00436891	0.00663785	0.00665709
0.00436839	0.00673719	0.00659292
0.0044228	0.00686778	0.00655054
0.00448662	0.00698647	0.00650354
0.00455367	0.00709544	0.00645275
0.00462243	0.00719334	0.00640741
0.00469498	0.00728591	0.00635984
0.00480782	0.00739405	0.00633222
0.00487891	0.00747196	0.00628573
0.00494937	0.00754442	0.006239
0.00502123	0.00761254	0.00619271
0.00509533	0.00767565	0.00614622
0.00516997	0.00773243	0.00609843
0.005245	0.00778309	0.00605024
0.00532226	0.00782952	0.00600078
0.0054012	0.00787159	0.00594992
0.00547994	0.0079076	0.00589985
0.00555789	0.00793771	0.0058485
0.00563601	0.00796307	0.00579526
0.00445794	0.00660456	0.00677474
0.00449444	0.00673705	0.00673777
0.00454618	0.00686867	0.00668978
0.00460669	0.00698847	0.00663926
0.00466927	0.00710111	0.00658314
0.00477815	0.00722307	0.00654982
0.00484311	0.00731549	0.00649719
0.00490925	0.00740092	0.00644647
0.00497635	0.00747949	0.00639663
0.00504294	0.00755303	0.00634511
0.00511123	0.00762267	0.0062936
0.00518189	0.00768719	0.00624137
0.00525275	0.00774455	0.00618814
0.00532388	0.00779559	0.00613396
0.00539718	0.0078423	0.00607813
0.00547227	0.00788372	0.00602291
0.00554663	0.00791838	0.00596779
0.0056207	0.00794726	0.00591022
0.00569653	0.00797144	0.00585171
0.00460763	0.00660435	0.00688755
0.00464348	0.0067317	0.00684798
0.00469459	0.00686364	0.00679936
0.00474613	0.00698171	0.00674929
0.00479892	0.00709294	0.00669429
0.00490299	0.00721489	0.00665562
0.0049614	0.00730994	0.00660249
0.0050216	0.00739675	0.00655074
0.00508318	0.00747753	0.00649789
0.00514563	0.00755374	0.00644294
0.00520974	0.00762534	0.00638702
0.00527519	0.00769119	0.00633005
0.00534111	0.00774974	0.00627246
0.00540839	0.00780251	0.00621301
0.00547702	0.00784987	0.00615279
0.00554546	0.00789048	0.00609349
0.00561425	0.00792502	0.00603211
0.005685	0.0079542	0.00596925
0.00575768	0.00797785	0.00590753
0.00476566	0.00660506	0.00698614
0.00480068	0.00672917	0.00694451
0.00489726	0.00687859	0.00689997
0.00489502	0.00696804	0.00684024
0.00494269	0.00707591	0.00678839
0.00504037	0.00719981	0.006744
0.00509239	0.00729561	0.00669225
0.00514541	0.00738446	0.00664029
0.00519984	0.00746872	0.00658554
0.00525669	0.00754753	0.00652942
0.00531444	0.00761993	0.00647205
0.00537234	0.00768642	0.00641207
0.0054331	0.00774693	0.00635068
0.00549664	0.00780197	0.00628774
0.00555998	0.00785042	0.00622453
0.00562168	0.00789176	0.00616084
0.00568476	0.00792777	0.00609367
0.00575136	0.00795836	0.00602604
0.00581923	0.0079823	0.00596136
0.00493376	0.00660217	0.00706388
0.00496433	0.0067222	0.00702315
0.00500504	0.00684099	0.00697187
0.00504862	0.00695409	0.00691688
0.00513801	0.00708272	0.00687054
0.00518252	0.00718304	0.00681932
0.00522908	0.00727831	0.00676796
0.00527567	0.00736831	0.00671585
0.00532324	0.00745377	0.00666141
0.00537301	0.00753377	0.00660556
0.00542346	0.00760734	0.00654778
0.00547422	0.00767533	0.00648648
0.00552909	0.00773788	0.00642291
0.00558757	0.00779499	0.00635745
0.0056447	0.00784549	0.00629085
0.00570024	0.00788866	0.00622384
0.00575782	0.00792663	0.00615314
0.00581899	0.00795892	0.00608196
0.00588089	0.00798383	0.00601435
0.00509976	0.00660065	0.00713635
0.00512756	0.00671599	0.00709548
0.00516333	0.00683157	0.00704305
0.00520212	0.00694271	0.00698574
0.0052856	0.00706946	0.0069381
0.00532383	0.00716701	0.00688831
0.00536383	0.00726099	0.00683677
0.00540537	0.00735069	0.0067841
0.00544753	0.00743557	0.00672986
0.00549107	0.00751569	0.00667407
0.00553521	0.00759093	0.00661539
0.00557998	0.00766086	0.00655336
0.00562877	0.00772463	0.00648959
0.00568055	0.00778376	0.00642175
0.00573129	0.00783651	0.00635233
0.00578092	0.00788127	0.00628376
0.00583219	0.0079212	0.00621057
0.00588639	0.0079553	0.00613685
0.00594141	0.00798183	0.006067
0.00526602	0.00659959	0.00720215
0.00529064	0.00671257	0.00716105
0.0053664	0.00685092	0.00711086
0.0053978	0.0069565	0.0070553
0.00543079	0.00705702	0.00700357
0.00546397	0.00715296	0.006954
0.00549803	0.00724582	0.00690239
0.00553415	0.00733496	0.0068487
0.00557149	0.00741905	0.00679374
0.00561001	0.00749858	0.00673753
0.00564893	0.00757449	0.00667805
0.00568831	0.00764481	0.00661626
0.00573013	0.00770911	0.0065524
0.00577443	0.00776998	0.00648275
0.00581946	0.00782401	0.0064121
0.00586327	0.00787036	0.00634164
0.00590741	0.00791235	0.00626624
0.0059538	0.00794825	0.00619113
0.00600115	0.00797684	0.00611938
0.00543121	0.00659795	0.00726143
0.00545169	0.00670831	0.00722271
0.00547664	0.0068197	0.00717317
0.00554853	0.00694765	0.00712209
0.00557549	0.00704612	0.00706852
0.00560402	0.00714088	0.00701784
0.00563361	0.0072327	0.0069662
0.00566419	0.00732084	0.00691165
0.00569591	0.00740404	0.00685571
0.00572879	0.0074831	0.00679864
0.00576289	0.00755891	0.00673876
0.00579721	0.00762952	0.00667651
0.00583179	0.0076947	0.00661107
0.00586859	0.00775587	0.00654084
0.00590757	0.00780993	0.00647019
0.00594537	0.00785753	0.00639813
0.00598254	0.0079012	0.00632154
0.00602181	0.00793892	0.00624531
0.00606235	0.00796977	0.00617166
0.00559417	0.00659717	0.00732414
0.0056119	0.00670459	0.00728616
0.00563282	0.00681434	0.00723749
0.00569942	0.00694115	0.00718579
0.00572169	0.00703826	0.00713223
0.00574556	0.00713148	0.00708103
0.00577071	0.00722183	0.00702866
0.00579589	0.00730865	0.0069729
0.00582124	0.00739103	0.00691582
0.0058481	0.00746949	0.00685814
0.00587637	0.0075455	0.00679705
0.00590496	0.00761684	0.00673334
0.00593408	0.00768229	0.00666713
0.00596433	0.00774244	0.00659724
0.00599609	0.00779577	0.00652657
0.00602748	0.00784396	0.00645363
0.00605791	0.00788887	0.00637611
0.00608979	0.00792813	0.00629891
0.00612369	0.00796084	0.00622449
0.00580025	0.00662308	0.0073942
0.00581456	0.00672999	0.00735335
0.00583246	0.00683646	0.00730143
0.00585059	0.00693716	0.00724768
0.00586898	0.00703321	0.00719517
0.0058878	0.00712523	0.00714294
0.00590772	0.00721374	0.007089
0.00592756	0.0072995	0.00703171
0.00594734	0.00738082	0.00697416
0.00596854	0.00745814	0.00691589
0.00599057	0.00753378	0.00685349
0.00601345	0.00760409	0.0067901
0.0060375	0.00766891	0.00672421
0.00606163	0.00772938	0.00665309
0.00608547	0.00778253	0.00658148
0.00611016	0.0078307	0.00650825
0.00613439	0.00787633	0.00643019
0.00615845	0.00791656	0.00635238
0.00618435	0.00795045	0.00627753
0.00596615	0.00662289	0.00745629
0.00597665	0.00672829	0.00741748
0.00599015	0.00683403	0.00736566
0.00600421	0.00693418	0.0073112
0.00601736	0.00703029	0.00725661
0.00603076	0.00712166	0.00720238
0.00604492	0.00720832	0.00714719
0.00605929	0.00729247	0.00708938
0.00607418	0.00737212	0.00703194
0.00609002	0.00744812	0.00697274
0.00610659	0.00752243	0.00691
0.00612318	0.007591	0.00684719
0.00614007	0.007655	0.0067809
0.00615838	0.00771635	0.00670828
0.00617572	0.00777015	0.00663559
0.00619288	0.00781759	0.00656296
0.0062111	0.00786323	0.00648519
0.00622847	0.00790451	0.00640595
0.00624608	0.00793946	0.00632945
0.00613776	0.0066219	0.00751836
0.00614416	0.00672601	0.00748161
0.0061515	0.00683083	0.00743095
0.00616019	0.00693081	0.00737499
0.00616817	0.00702777	0.00731738
0.00617666	0.00711891	0.007262
0.00618604	0.00720434	0.00720635
0.00619476	0.0072868	0.0071479
0.00620355	0.00736437	0.00708985
0.0062133	0.00743873	0.00702998
0.00622366	0.00751212	0.00696641
0.00623328	0.00757974	0.00690243
0.00624285	0.00764222	0.00683594
0.0062546	0.00770325	0.00676315
0.0062662	0.00775785	0.00668943
0.00627614	0.00780464	0.00661733
0.00628715	0.00784932	0.00654058
0.00629856	0.00789151	0.00645985
0.00630881	0.00792777	0.00638138
0.00626702	0.0065965	0.00757086
0.00627061	0.00669786	0.00753803
0.00627408	0.00680365	0.00749044
0.00631939	0.00692809	0.00743658
0.00632245	0.00702563	0.00737829
0.00632573	0.00711665	0.00732202
0.00632867	0.00720064	0.00726585
0.00633252	0.00728175	0.00720666
0.00633548	0.00735918	0.00714618
0.00633749	0.00743191	0.00708519
0.0063414	0.00750327	0.00702138
0.00634478	0.0075705	0.00695584
0.00634743	0.00763185	0.00688916
0.00635193	0.00769134	0.00681714
0.00635688	0.0077457	0.00674304
0.00636036	0.00779207	0.00667087
0.00636411	0.00783551	0.00659523
0.00636867	0.00787773	0.00651467
0.00637272	0.00791531	0.00643543
0.00937041	0.00662559	0.00551248
0.00929877	0.00678166	0.00551128
0.00921976	0.00694741	0.0055119
0.00912655	0.00710689	0.00551308
0.0090445	0.00724119	0.00551254
0.00895576	0.00736988	0.00551443
0.00885901	0.00748936	0.00551507
0.00873779	0.00761051	0.00555377
0.00863759	0.00769379	0.00554867
0.00852754	0.00777067	0.00554297
0.00841867	0.00783562	0.00553643
0.00831368	0.00788861	0.00552939
0.0082059	0.0079346	0.0055224
0.00809997	0.00797284	0.00551534
0.00799471	0.00800473	0.00550908
0.00789129	0.00803049	0.00550232
0.00779003	0.00805158	0.00549707
0.00768906	0.00806954	0.00549055
0.00758755	0.0080838	0.00548527
0.00934146	0.00663203	0.00577895
0.00927014	0.00679529	0.00576717
0.00919064	0.0069588	0.0057463
0.00910081	0.00712145	0.00572975
0.00901924	0.00725895	0.005719
0.00893261	0.00738391	0.00570494
0.00882947	0.00750849	0.00569523
0.00873299	0.00760807	0.00568716
0.00863266	0.00769342	0.00567663
0.00847862	0.00779693	0.0056976
0.00836589	0.00786066	0.00568108
0.00825825	0.00791156	0.00566328
0.00814881	0.00795519	0.00564402
0.00804055	0.0079914	0.0056249
0.0079342	0.00802037	0.00560626
0.00782952	0.00804379	0.00558919
0.00772634	0.00806311	0.00557257
0.00762428	0.00807907	0.00555652
0.00752293	0.0080905	0.00554089
0.00929873	0.00662316	0.006055
0.00924026	0.00678698	0.0060293
0.00915492	0.00696168	0.00599853
0.00906046	0.00713048	0.00596921
0.00897214	0.0072794	0.00593819
0.00888438	0.00740563	0.00591558
0.00878105	0.00753085	0.00588822
0.00867892	0.00763489	0.00586234
0.00856925	0.00772446	0.00584118
0.00841489	0.0078207	0.00584903
0.00830215	0.00788094	0.00582234
0.00819235	0.00793051	0.00579479
0.00808245	0.00797239	0.00576446
0.00797371	0.00800663	0.00573264
0.00786832	0.00803342	0.0057028
0.00776371	0.00805515	0.00567544
0.00766028	0.00807282	0.00564826
0.00755892	0.00808643	0.00562239
0.00745811	0.00809606	0.00559692
0.00921639	0.00662189	0.00630971
0.0091584	0.00679652	0.00627698
0.00908087	0.00697556	0.00623245
0.00899956	0.0071364	0.00619171
0.00891123	0.00728439	0.00615813
0.00881483	0.00742046	0.00612971
0.00871051	0.00754797	0.0060881
0.00860715	0.00765409	0.00604512
0.0085006	0.00774226	0.00600502
0.00833985	0.00783521	0.00599863
0.00822631	0.00789483	0.00595966
0.00811662	0.00794396	0.005921
0.00800769	0.00798472	0.00588014
0.00790157	0.00801733	0.00583774
0.0077982	0.0080431	0.00579817
0.00769493	0.00806388	0.0057605
0.00759263	0.00807996	0.00572343
0.00749211	0.00809153	0.00568695
0.00739159	0.00809984	0.00565224
0.00910541	0.00662486	0.00653009
0.00905694	0.00680122	0.00648836
0.00898994	0.00697913	0.00644806
0.00890358	0.00714654	0.00640674
0.00880802	0.00730718	0.00636075
0.00871709	0.00744074	0.00631621
0.00861931	0.00755802	0.00627293
0.00851816	0.00766115	0.00622309
0.00840692	0.00775367	0.00616619
0.00824834	0.00784292	0.00614221
0.00813918	0.00790221	0.00608987
0.00803242	0.00795155	0.00603901
0.00792768	0.00799111	0.00599069
0.00782469	0.00802312	0.00594073
0.00772326	0.00804916	0.00588998
0.00762193	0.00806955	0.00584338
0.00752206	0.00808447	0.00579664
0.00742296	0.00809476	0.00574984
0.00732412	0.00810177	0.00570658
0.00897173	0.00662782	0.00673125
0.0089268	0.00680242	0.00669164
0.00885443	0.00698833	0.00665266
0.0087756	0.00715291	0.00660653
0.0086905	0.00730747	0.00655431
0.0086049	0.00743922	0.00650136
0.00851	0.00755742	0.006446
0.00840641	0.00766188	0.00638979
0.00830316	0.00775237	0.00632383
0.00814663	0.00784104	0.00628074
0.00804268	0.00790228	0.00621379
0.00794096	0.0079525	0.00615268
0.00784043	0.00799203	0.00609826
0.00774038	0.008025	0.00603777
0.00764153	0.00805212	0.00597709
0.0075446	0.0080725	0.0059234
0.00744806	0.008087	0.00586743
0.0073517	0.00809642	0.00581155
0.00725702	0.00810225	0.0057605
0.00880953	0.00662254	0.0069275
0.00876493	0.0067976	0.00688771
0.00870564	0.00697168	0.00684468
0.00863503	0.00713997	0.00678907
0.00855779	0.00730021	0.00672188
0.00847335	0.00743752	0.00665872
0.00838171	0.00755765	0.00659218
0.00828533	0.00765891	0.00653078
0.00818551	0.00774669	0.00646279
0.00803556	0.00783374	0.00640676
0.00793789	0.00789606	0.00633197
0.00784207	0.00794733	0.00626293
0.00774448	0.00798882	0.0061982
0.00764798	0.00802378	0.00612766
0.00755474	0.00805188	0.0060614
0.0074641	0.00807299	0.00600053
0.00737182	0.00808755	0.00593593
0.00727971	0.00809629	0.00587245
0.00719062	0.00810129	0.00581401
0.00862842	0.00662871	0.00708559
0.00859526	0.00680278	0.00703981
0.00854379	0.00696934	0.00699124
0.00847725	0.0071418	0.00693028
0.00840416	0.00729088	0.00687066
0.00832628	0.0074252	0.00680315
0.00824327	0.00754244	0.00673336
0.00815419	0.00764626	0.00666049
0.00806106	0.00773699	0.00658325
0.00791645	0.007823	0.00651911
0.00782641	0.007885	0.00644128
0.00773711	0.00793745	0.00636557
0.00764546	0.00798146	0.00629063
0.00755526	0.00801804	0.00621488
0.00746865	0.00804724	0.00614388
0.00738236	0.00806975	0.00607569
0.00729542	0.00808519	0.00600416
0.00720967	0.00809409	0.00593348
0.00712705	0.00809892	0.00586793
0.00839787	0.0066685	0.00723559
0.0084188	0.00680079	0.0071701
0.0083683	0.00697077	0.00711945
0.00830789	0.00713298	0.00706203
0.00824227	0.00727577	0.00700112
0.00817375	0.00740605	0.0069315
0.00809773	0.00752271	0.00685847
0.00801717	0.00762469	0.00678289
0.00792992	0.00771917	0.00669639
0.00779305	0.00780737	0.00662137
0.00771035	0.00786993	0.00654016
0.00762725	0.00792393	0.00645875
0.00754416	0.00796932	0.00637884
0.00746393	0.00800697	0.00629939
0.00738422	0.00803754	0.00622302
0.00730234	0.00806153	0.00614952
0.00722158	0.00807895	0.00607255
0.00714333	0.00808955	0.00599517
0.00706699	0.00809514	0.0059229
0.00826231	0.00661766	0.00733196
0.00822811	0.00678072	0.00729252
0.00818448	0.00695347	0.0072378
0.00813425	0.00711187	0.00717737
0.00807669	0.00725354	0.00711255
0.0080117	0.00738134	0.0070441
0.00794011	0.00750404	0.00696369
0.0078682	0.00760465	0.00688627
0.00779066	0.00769774	0.00679822
0.00766505	0.00778671	0.00671552
0.00759052	0.00785114	0.0066294
0.00751391	0.00790696	0.00654333
0.00743832	0.00795313	0.00646066
0.00736646	0.00799204	0.00637735
0.0072945	0.00802395	0.00629664
0.00722077	0.00804914	0.00621952
0.00714778	0.0080687	0.00613871
0.00707637	0.00808196	0.00605638
0.00700607	0.00808954	0.00597859
0.00807311	0.00661977	0.00742342
0.00804381	0.0067802	0.00738099
0.00800508	0.00694386	0.00732836
0.00795872	0.00709881	0.00726721
0.00790063	0.00723244	0.00720804
0.00784282	0.00736392	0.00713265
0.00778127	0.00748449	0.00705121
0.00772183	0.00758433	0.00697144
0.00765453	0.00767441	0.00688582
0.00753331	0.00776256	0.00680034
0.00746688	0.00782916	0.00671051
0.0073991	0.00788541	0.0066232
0.00733	0.00793283	0.00653733
0.00726334	0.00797386	0.00644923
0.00719881	0.00800773	0.00636396
0.00713426	0.00803398	0.00628426
0.00706942	0.00805503	0.00620174
0.0070046	0.00807107	0.0061159
0.00694095	0.00808147	0.00603406
0.00782721	0.006658	0.00750542
0.00785525	0.00677429	0.0074601
0.00781712	0.00692804	0.0074111
0.0077749	0.00707658	0.00735057
0.00772672	0.00720832	0.00728943
0.0076769	0.00733346	0.00721735
0.00762355	0.00745124	0.00713685
0.00757153	0.00755468	0.0070535
0.00751305	0.00764601	0.00696645
0.00740065	0.0077368	0.00687344
0.00734127	0.0078038	0.00678386
0.00728279	0.00786008	0.00669698
0.00722167	0.00790942	0.0066076
0.00716029	0.00795257	0.00651518
0.00710225	0.00798813	0.00642679
0.00704553	0.00801566	0.00634497
0.00698854	0.00803798	0.00626135
0.00693097	0.00805646	0.00617385
0.00687387	0.00807006	0.00608892
0.00768397	0.00661546	0.00756099
0.00766237	0.0067617	0.00752664
0.00762908	0.00690894	0.00747705
0.00759223	0.00704932	0.00742074
0.00755159	0.00718072	0.00735772
0.00751136	0.00730704	0.00728396
0.00746699	0.00742385	0.00720386
0.00736868	0.00754134	0.00711565
0.00731895	0.0076292	0.00702843
0.00726773	0.00770666	0.00693893
0.00721551	0.00777367	0.00684987
0.00716462	0.00783208	0.00676044
0.00711326	0.00788361	0.00666891
0.00705952	0.00792784	0.00657644
0.00700664	0.00796471	0.00648645
0.00695697	0.00799419	0.00640167
0.006908	0.00801805	0.00631752
0.00685864	0.00803863	0.00623019
0.00680893	0.00805551	0.00614296
0.00748779	0.00661218	0.0076047
0.00746811	0.00675219	0.00757093
0.00743982	0.0068947	0.00752618
0.00740816	0.00703045	0.00747031
0.00737683	0.00716071	0.00740626
0.00734448	0.00728435	0.00733338
0.00730697	0.00739659	0.00725626
0.00721763	0.00750832	0.00716939
0.0071758	0.00759468	0.00708428
0.00713316	0.00767161	0.00699689
0.00708906	0.00773988	0.00690739
0.00704512	0.00780022	0.00681637
0.00700273	0.00785328	0.00672533
0.00695824	0.00789865	0.00663482
0.00691215	0.00793796	0.00654255
0.00686899	0.00797022	0.00645469
0.00682776	0.00799607	0.0063707
0.00678681	0.00801882	0.00628373
0.00674604	0.00803871	0.00619568
0.00724145	0.00664078	0.0076387
0.00727606	0.00674229	0.00760789
0.00725541	0.00688073	0.00756229
0.00723201	0.00701279	0.00750598
0.0072058	0.00714077	0.00744078
0.00717753	0.00725664	0.00737271
0.00714615	0.00736374	0.00729879
0.00706593	0.00747406	0.00720896
0.00703257	0.00755886	0.00712676
0.00699819	0.00763579	0.00704163
0.00696242	0.00770491	0.00695389
0.00692605	0.0077655	0.00686509
0.00689089	0.00781907	0.00677621
0.00685511	0.00786597	0.00668651
0.00681743	0.00790762	0.00659383
0.00678159	0.0079432	0.00650442
0.00674798	0.00797215	0.00641991
0.00671483	0.00799722	0.00633413
0.00668226	0.00801978	0.00624709
0.00705085	0.00663694	0.00765617
0.00708675	0.00673432	0.00762723
0.00707282	0.00686763	0.00758151
0.00705529	0.0069945	0.00752636
0.00703344	0.00711436	0.00746462
0.00700878	0.00722335	0.00740014
0.00698349	0.00732826	0.0073274
0.00691368	0.00743721	0.00723568
0.00688892	0.00752125	0.0071563
0.00686334	0.00759772	0.00707459
0.00683606	0.00766706	0.00699049
0.00680847	0.0077284	0.00690511
0.00678083	0.00778299	0.00681786
0.00675242	0.00783077	0.00673
0.00672278	0.00787341	0.00664083
0.00669487	0.00791243	0.00655157
0.00666895	0.00794562	0.00646607
0.00664326	0.00797344	0.00638249
0.00661775	0.00799846	0.00629766
0.00686423	0.00663211	0.00766076
0.00690192	0.00672342	0.00763649
0.0068899	0.00685105	0.00759041
0.00687697	0.00697399	0.00753513
0.00686073	0.00708709	0.00747547
0.00679776	0.00720642	0.00739644
0.00678123	0.00730414	0.00732555
0.00676386	0.00739491	0.00725131
0.00674589	0.007478	0.00717552
0.00672886	0.00755397	0.00709846
0.00671006	0.00762314	0.00701957
0.00669101	0.00768597	0.00693848
0.00667143	0.00774269	0.00685386
0.00665022	0.00779226	0.00676866
0.00662857	0.00783585	0.00668442
0.00660833	0.00787736	0.00659779
0.00659025	0.00791534	0.00651159
0.00657257	0.00794701	0.00642943
0.00655445	0.00797445	0.0063478
0.00667788	0.00662921	0.00764915
0.00671934	0.00671531	0.00762967
0.00670956	0.00683498	0.00758286
0.00670008	0.00694965	0.00752864
0.00668949	0.00705676	0.00747079
0.00663674	0.00717075	0.00738926
0.00662692	0.00726244	0.00732274
0.00661555	0.00734798	0.00725403
0.00660546	0.00743034	0.00718232
0.00659629	0.0075061	0.00711088
0.00658568	0.00757519	0.00703847
0.00657445	0.00763946	0.00696295
0.00656265	0.0076984	0.00688355
0.00654968	0.00775121	0.0068023
0.00653661	0.00779709	0.00672299
0.00652476	0.00784045	0.00664118
0.00651418	0.00788188	0.00655655
0.00650402	0.00791774	0.00647501
0.00649413	0.00794862	0.00639601
0.00644541	0.00659723	0.00762021
0.00644471	0.00669893	0.00758763
0.00644441	0.00680627	0.00754213
0.00648515	0.00694124	0.00748465
0.00648207	0.00704123	0.00742618
0.00647992	0.00713479	0.00736649
0.0064756	0.00722001	0.00730663
0.00647158	0.00730172	0.00724366
0.00646899	0.00738212	0.00717756
0.00646596	0.00745586	0.00711285
0.00646265	0.0075252	0.00704644
0.00645917	0.00759128	0.00697705
0.00645556	0.00765197	0.00690564
0.00645108	0.00770809	0.00683086
0.00644732	0.00775875	0.00675537
0.00644432	0.00780421	0.00667951
0.00644107	0.00784683	0.00660059
0.00643761	0.00788665	0.00651995
0.00643508	0.00792211	0.00644148
0.0091056	0.00662286	0.00437444
0.00908732	0.00670352	0.00438956
0.00902175	0.00671037	0.00428969
0.00921968	0.00662017	0.00459779
0.00919642	0.0067002	0.0046092
0.00914536	0.00669846	0.0044968
0.00930914	0.0066312	0.00484625
0.00928105	0.00671061	0.00485559
0.00923971	0.0067103	0.0047268
0.00937231	0.00662353	0.00512014
0.0093405	0.00669894	0.00512793
0.00931965	0.00670279	0.00499453
0.00937579	0.00662433	0.00537877
0.00934355	0.00669752	0.00538083
0.0093441	0.00669794	0.00525342
0.00415702	0.00665842	0.00474259
0.00412377	0.0066568	0.00482809
0.00410708	0.00659972	0.00482005
0.00409509	0.00665634	0.00491834
0.00407356	0.00665491	0.00501542
0.00405659	0.00660146	0.00500898
0.00405983	0.0066528	0.00511762
0.00405014	0.00665148	0.00521803
0.00403291	0.00659781	0.00521247
0.00404457	0.00665051	0.00531609
0.00404122	0.00664934	0.00541109
0.00402334	0.00659599	0.00540856
0.00404033	0.00664861	0.00550419
0.00404521	0.006651	0.00559762
0.00402933	0.00659801	0.00559957
0.0040557	0.00665627	0.00569025
0.00406673	0.00665819	0.00578413
0.0040503	0.00660291	0.00578948
0.00407817	0.00665672	0.00587916
0.00409469	0.00665689	0.00597562
0.00407962	0.00660078	0.00598301
0.00411573	0.00665837	0.00607196
0.00414142	0.00665953	0.00616685
0.0041244	0.00660058	0.00617752
0.00935902	0.00662804	0.00564601
0.00932677	0.00670269	0.00564059
0.00933832	0.00669868	0.00551007
0.00932149	0.00663023	0.00591502
0.00929099	0.0067077	0.00590619
0.00930882	0.00670934	0.00577174
0.00926342	0.00662018	0.00618717
0.00923912	0.00669642	0.00617643
0.00927287	0.00669817	0.00604469
0.0091637	0.00662333	0.00642399
0.00914029	0.00670435	0.00640973
0.00919144	0.00670155	0.00629784
0.00904433	0.00662523	0.00662956
0.0090247	0.00670907	0.00660915
0.00908529	0.0067057	0.00651221
0.00891682	0.00681193	0.00420605
0.0088891	0.00689717	0.00422148
0.0088119	0.00689378	0.00412842
0.008858	0.00698161	0.00424221
0.00882022	0.00706651	0.00426346
0.0087475	0.00706238	0.00417472
0.0090602	0.00680053	0.00440518
0.00902717	0.00689688	0.00442353
0.00896118	0.00689772	0.00432114
0.00899042	0.00698851	0.00444399
0.00895319	0.00707356	0.00446531
0.00888769	0.00707324	0.00436169
0.00916917	0.00679918	0.00462356
0.00913766	0.0068932	0.00464108
0.00908766	0.0068942	0.00453017
0.00910275	0.00697881	0.00465969
0.00906285	0.00706348	0.00467958
0.00901426	0.00706772	0.0045716
0.00924561	0.0068021	0.00486549
0.00920791	0.00689044	0.0048771
0.00917639	0.0068942	0.00475563
0.00916958	0.00697345	0.00489123
0.0091276	0.00705625	0.00490396
0.00909873	0.00706115	0.00478971
0.00920809	0.00678786	0.00615524
0.0091691	0.00687862	0.00613631
0.00920015	0.00687632	0.00601315
0.0091246	0.00696569	0.00611916
0.0090791	0.00705073	0.00610178
0.00910837	0.00704627	0.00598351
0.00910823	0.0068008	0.00638765
0.00907276	0.00689416	0.00636448
0.00912099	0.00688872	0.00625486
0.00903581	0.00698034	0.00634212
0.00899706	0.00706218	0.00632111
0.00904063	0.00705772	0.00621152
0.00899721	0.00680241	0.00658788
0.0089646	0.00689284	0.0065706
0.00902474	0.0068936	0.00646636
0.00892896	0.00698159	0.00655237
0.00888915	0.00706726	0.00653118
0.00894957	0.00706315	0.00642871
0.00884703	0.00680056	0.00679478
0.0088188	0.00688995	0.00677309
0.00889356	0.00689263	0.00667529
0.0087801	0.00698491	0.00674985
0.00874201	0.00707107	0.00672638
0.00881548	0.00707489	0.00662941
0.0085804	0.00679627	0.00386568
0.00855671	0.00688176	0.00388707
0.00846827	0.00687881	0.00382143
0.00852967	0.00696804	0.00391353
0.00850105	0.00705111	0.00394246
0.00841316	0.00704549	0.0038768
0.00875448	0.00680056	0.00402287
0.00873093	0.00688769	0.00404303
0.00864572	0.00688368	0.00396257
0.00870214	0.00697507	0.004067
0.00866881	0.00706089	0.00409398
0.00858634	0.00705717	0.00401636
0.00929377	0.00678697	0.00513071
0.00924937	0.0068747	0.00513616
0.00923242	0.00688181	0.00500635
0.00921021	0.00695889	0.00514259
0.00916526	0.00704238	0.00514669
0.0091494	0.00704945	0.00502288
0.0093028	0.00678108	0.00538553
0.00926232	0.00686518	0.00538934
0.00925903	0.006869	0.00526479
0.00922395	0.00694761	0.0053924
0.00918032	0.00702816	0.00539523
0.00917592	0.00703463	0.00527377
0.00928787	0.00678654	0.00563817
0.00924769	0.00687039	0.00563429
0.00925861	0.00686534	0.00551195
0.00920828	0.00695191	0.00562953
0.00916423	0.00703297	0.00562562
0.00917593	0.00702773	0.00551288
0.00925445	0.0067953	0.00589794
0.00921451	0.00688104	0.00588565
0.00923035	0.00687875	0.00575892
0.00917275	0.00696232	0.00587055
0.00912886	0.00704426	0.00585663
0.00914745	0.00703964	0.00573697
0.00868122	0.00679791	0.00696908
0.00865633	0.00688403	0.00694781
0.00873881	0.00688483	0.00686635
0.00862623	0.00696664	0.00692547
0.00859353	0.0070511	0.00689832
0.00867075	0.00705637	0.00681964
0.00850793	0.00680436	0.00710658
0.00848706	0.00688775	0.00708191
0.00857369	0.00688716	0.00701602
0.00845779	0.00697092	0.0070557
0.0084269	0.00705538	0.00702655
0.00851122	0.00705444	0.00696283
0.00877742	0.00715214	0.00428766
0.00873717	0.00723325	0.00431597
0.0086651	0.00723161	0.00423207
0.00870006	0.00730887	0.0043476
0.00865657	0.00738162	0.00437723
0.00858786	0.00737795	0.00429493
0.00891437	0.00715317	0.00448689
0.00887185	0.00723022	0.00450714
0.00880904	0.00723035	0.0044067
0.00882627	0.00730403	0.00452594
0.00877861	0.00737431	0.00454588
0.0087219	0.00737536	0.00445586
0.00901753	0.00714812	0.00470106
0.00896845	0.00723109	0.00472112
0.0089238	0.00723256	0.00461478
0.00891864	0.00730904	0.00473954
0.00887144	0.0073769	0.00475515
0.00882652	0.00737947	0.00464851
0.00908138	0.0071398	0.00491647
0.00903504	0.00721744	0.00493121
0.00900661	0.00722516	0.00482689
0.00899025	0.00728744	0.00494932
0.00894328	0.00735437	0.00496329
0.00891162	0.00736649	0.00486162
0.00903312	0.0071333	0.0060843
0.00898717	0.00721209	0.00606633
0.00901454	0.0072088	0.00595424
0.00894305	0.00728447	0.00604871
0.00889839	0.00735138	0.0060353
0.00892943	0.00734436	0.00592544
0.00895598	0.00714105	0.00629988
0.00891202	0.00721788	0.0062804
0.00895603	0.00721243	0.00617395
0.00886604	0.00729184	0.00626292
0.00881922	0.00736197	0.00624494
0.00886464	0.00735309	0.00614417
0.00884352	0.00715037	0.00650883
0.00879613	0.00723306	0.00648404
0.00885562	0.00722854	0.00638407
0.00874931	0.0073125	0.00645806
0.00870486	0.00738262	0.00643294
0.00876226	0.00737753	0.0063383
0.00870531	0.00714926	0.00670095
0.00866694	0.00722702	0.00667238
0.00873346	0.0072308	0.00658165
0.00862638	0.00730318	0.00664264
0.00858503	0.00737301	0.0066137
0.00864799	0.00737662	0.00652798
0.0084707	0.00713106	0.00397369
0.00843571	0.00720917	0.00400392
0.00835395	0.00720261	0.00394021
0.008398	0.00728411	0.0040333
0.00835884	0.007355	0.00406425
0.00828078	0.00734666	0.00400125
0.00863051	0.00714515	0.00412329
0.00859261	0.00722375	0.00415201
0.00851568	0.00721595	0.00407533
0.00855594	0.00729485	0.00417922
0.00851579	0.00736473	0.00420835
0.00843886	0.00735716	0.00413116
0.00911442	0.00712494	0.00514937
0.0090687	0.00719853	0.00515464
0.00905374	0.00720865	0.00503655
0.00902855	0.00726301	0.00516283
0.0089855	0.0073268	0.00517042
0.0089669	0.00734051	0.00506173
0.00913058	0.0071075	0.00539969
0.00908577	0.00717915	0.00540199
0.00908029	0.00718771	0.00528258
0.00904713	0.00724222	0.0054045
0.00900672	0.00730401	0.00540705
0.00899904	0.00731443	0.00529074
0.00855901	0.00713773	0.00686509
0.00852202	0.00722049	0.00683072
0.00859713	0.00722215	0.0067557
0.00848351	0.00729643	0.00679752
0.00844316	0.00736699	0.00676516
0.00851653	0.00737189	0.00668993
0.00839365	0.00714048	0.00699552
0.00835872	0.00721668	0.00696655
0.00844146	0.00722121	0.00689906
0.00832321	0.00728378	0.00693909
0.00828769	0.00735007	0.00690678
0.0083657	0.00735838	0.0068394
0.00832387	0.00679208	0.00723302
0.0083022	0.00687754	0.00720875
0.00839572	0.00688518	0.0071465
0.00827653	0.00696465	0.00718055
0.00824953	0.00704644	0.00715211
0.00833916	0.00705343	0.00709124
0.00813467	0.00677719	0.00734176
0.00811648	0.006861	0.00731676
0.00820821	0.00686589	0.00726794
0.00809464	0.00694684	0.00728653
0.00807121	0.00702797	0.00725603
0.00816007	0.00703561	0.00720748
0.0082417	0.00662338	0.00360151
0.00822986	0.00670091	0.0036171
0.00813533	0.00669803	0.00357052
0.00821589	0.00678606	0.00363775
0.00819772	0.00686975	0.00366136
0.0081045	0.00686414	0.00361517
0.00817553	0.00695	0.00368711
0.00814957	0.00702655	0.00371312
0.00806033	0.00701631	0.003665
0.00843151	0.00662423	0.00370653
0.00841746	0.00670358	0.00372319
0.00832461	0.00670148	0.00366918
0.00840169	0.00678944	0.00374245
0.00838007	0.00687463	0.00376511
0.00828965	0.00687154	0.00371188
0.00835216	0.00695812	0.00379093
0.0083238	0.00704022	0.00381951
0.00823594	0.0070341	0.00376516
0.00911575	0.0071131	0.00562252
0.00907196	0.00718558	0.00561962
0.00908227	0.00717841	0.00551372
0.009034	0.0072489	0.00561696
0.00899242	0.00731221	0.00561325
0.00900326	0.00730408	0.00551401
0.00908235	0.00712737	0.00584627
0.00903867	0.00720276	0.00583641
0.0090578	0.00719486	0.00572414
0.00899868	0.00726917	0.00582716
0.0089575	0.00733195	0.00581695
0.00897858	0.00732087	0.00571245
0.00416489	0.00678246	0.00604484
0.00419074	0.00678626	0.00613708
0.00416376	0.00672367	0.00615282
0.00422698	0.00689565	0.006015
0.00425227	0.00690176	0.00610423
0.00422067	0.0068455	0.00612003
0.00417163	0.00666049	0.00626197
0.00420657	0.00666316	0.00635524
0.00418914	0.00660241	0.00636834
0.00421981	0.00678817	0.0062292
0.00425476	0.00679247	0.00631882
0.00422811	0.00672803	0.0063382
0.00428318	0.00690815	0.00619227
0.00431822	0.00691443	0.00627967
0.0042859	0.00685496	0.00629827
0.00424617	0.0066665	0.0064443
0.00429243	0.0066684	0.00652817
0.00427435	0.00660409	0.00654408
0.00429563	0.00679879	0.00640605
0.00434189	0.00680233	0.00649141
0.00431527	0.00673643	0.00651033
0.00435757	0.00692052	0.00636646
0.00440293	0.00692554	0.00644942
0.0043719	0.00686577	0.00647047
0.00439351	0.00680306	0.00657379
0.00445199	0.00680375	0.0066486
0.00442875	0.00673739	0.0066703
0.00445381	0.00692889	0.00652744
0.00451147	0.00693054	0.00659937
0.00448079	0.00686886	0.00662387
0.00428633	0.00678541	0.00459751
0.00424258	0.00678525	0.00467961
0.00421771	0.00672373	0.00466694
0.0043436	0.00690502	0.00463286
0.00430154	0.00690374	0.00471285
0.00427127	0.00684619	0.00469638
0.00420485	0.00678544	0.00476707
0.0041737	0.00678146	0.00485465
0.00414525	0.00671902	0.00484018
0.0042672	0.00690248	0.0047989
0.00423735	0.0068982	0.00488423
0.00420642	0.00684215	0.0048705
0.00812	0.00709902	0.00373923
0.00809091	0.0071705	0.00376794
0.00800334	0.00715932	0.00371967
0.00806373	0.00724097	0.00379984
0.00803644	0.00730886	0.00383408
0.00794958	0.00730065	0.00378827
0.00829621	0.0071207	0.00385096
0.00826821	0.00719564	0.00388182
0.00817952	0.00718464	0.00382383
0.00823889	0.00726436	0.00391113
0.00820435	0.00733202	0.00394177
0.00812292	0.00731903	0.00388598
0.00822069	0.00712309	0.00712327
0.00819079	0.00719648	0.0070919
0.00827498	0.00720721	0.00703226
0.00815987	0.00726557	0.00705903
0.00812795	0.00733104	0.00702538
0.00820893	0.00734178	0.0069677
0.0080473	0.00710416	0.00722477
0.00802018	0.00717605	0.00719321
0.00810632	0.00718498	0.00714539
0.00799024	0.00724276	0.00716186
0.0079592	0.00730716	0.00712879
0.00804544	0.00731854	0.00707921
0.00860731	0.00745067	0.00440542
0.00855873	0.0075123	0.00443365
0.00849228	0.00750954	0.00435341
0.00851231	0.00756565	0.00446147
0.00846251	0.00761667	0.00448981
0.00839897	0.00761528	0.0044123
0.00872901	0.00744192	0.00457003
0.00867981	0.00750409	0.00459749
0.00862195	0.00750911	0.00451378
0.00863167	0.00755951	0.00462584
0.00857943	0.00761154	0.0046511
0.00852414	0.0076154	0.00457129
0.00882465	0.00743679	0.00476835
0.0087742	0.00749473	0.00478244
0.00873134	0.00749905	0.00468713
0.00872139	0.00754972	0.00479813
0.00866696	0.00760096	0.00481539
0.00862693	0.0076055	0.00472952
0.0041486	0.00677376	0.00494283
0.00412611	0.00676859	0.00503376
0.00409744	0.00671041	0.00502456
0.00421188	0.00689086	0.00496685
0.00418945	0.00688336	0.00505187
0.00415738	0.00682733	0.00504269
0.00410654	0.00676677	0.00512781
0.00409531	0.0067658	0.00522278
0.00406963	0.00670932	0.00522018
0.00417031	0.00687664	0.00513978
0.00415677	0.00687094	0.00523006
0.00412515	0.00681937	0.00522626
0.00885165	0.00741462	0.00602454
0.00880103	0.00747854	0.00600812
0.00883415	0.00746843	0.00590338
0.00874834	0.00754066	0.00598875
0.00869683	0.00759646	0.00597027
0.00872966	0.00758637	0.00587473
0.00877007	0.00742924	0.00622642
0.00871848	0.00749414	0.00620554
0.00876272	0.00748631	0.0061104
0.00866733	0.00755387	0.00618298
0.00861669	0.00760868	0.00615983
0.00865903	0.00760377	0.00606644
0.00866152	0.00744412	0.00640865
0.00861545	0.00750294	0.00638443
0.00866882	0.00750126	0.00629463
0.00856658	0.00755888	0.00636139
0.00851674	0.00761173	0.00633653
0.00856965	0.00761101	0.00624982
0.00854206	0.00743704	0.00658463
0.00849602	0.00749902	0.00655358
0.00855854	0.00749983	0.00647365
0.00844822	0.00755728	0.00652266
0.00839853	0.0076112	0.00649332
0.00845924	0.00761129	0.00641891
0.00795073	0.00677954	0.00742013
0.00793217	0.00685859	0.00739651
0.00802567	0.00686205	0.00735624
0.00791189	0.00693771	0.00736993
0.00789055	0.00701491	0.00734065
0.00798245	0.00702301	0.00729868
0.00775827	0.00676811	0.00749631
0.00774252	0.00684243	0.00747393
0.00783725	0.00685061	0.00743765
0.00772296	0.00691816	0.00744711
0.00770339	0.00699167	0.00741834
0.00779649	0.00700367	0.00738186
0.00785464	0.00661403	0.00344723
0.00784413	0.00668472	0.00345921
0.00774941	0.00668318	0.00342827
0.00782951	0.00676281	0.00347575
0.00781252	0.00684123	0.00349614
0.00771794	0.00683589	0.00346377
0.00779466	0.00691689	0.00351948
0.00777672	0.00698794	0.00354383
0.00768257	0.00697928	0.00350972
0.00804998	0.00661862	0.00351461
0.00803954	0.00669287	0.00352949
0.00794186	0.00668816	0.00349261
0.0080251	0.0067744	0.00355028
0.00800865	0.00685459	0.00357319
0.00791041	0.00684665	0.00353349
0.00799023	0.00693098	0.00359702
0.00796778	0.0070046	0.00362145
0.00787286	0.00699511	0.0035812
0.00889255	0.00741916	0.00497312
0.00883829	0.00748183	0.00498414
0.00880864	0.00749023	0.00488275
0.00878342	0.00754	0.00499682
0.0087314	0.00759048	0.00500977
0.00870028	0.00759799	0.00491043
0.00893641	0.00739312	0.00517948
0.00888341	0.00745803	0.00518919
0.00886383	0.00746962	0.00508699
0.00883191	0.00751582	0.00519983
0.00878246	0.00756625	0.00521075
0.00875986	0.00757855	0.00511098
0.00446601	0.00666149	0.00426876
0.00440127	0.00666075	0.00433729
0.00438181	0.0066007	0.00432005
0.00451539	0.00678623	0.00431
0.00445066	0.00678596	0.00437596
0.0044251	0.00672395	0.00435602
0.00456767	0.0069022	0.00435422
0.00450435	0.00690361	0.00441834
0.00447731	0.00684589	0.00439692
0.00433973	0.00666229	0.00440987
0.00428567	0.00666311	0.00448592
0.00426633	0.0066029	0.00447025
0.00439047	0.00678627	0.00444746
0.0043356	0.00678616	0.00452126
0.00430965	0.0067247	0.00450333
0.0044469	0.00690552	0.00448734
0.00439315	0.00690604	0.00455879
0.00436399	0.0068472	0.00454007
0.00409881	0.00676805	0.00568001
0.00411063	0.00677123	0.00577015
0.0040855	0.00671528	0.00577784
0.00415931	0.00687114	0.00566779
0.0041726	0.00687697	0.00575317
0.00414066	0.00682451	0.00576163
0.00412455	0.00677301	0.00586134
0.00414248	0.00677686	0.005953
0.00411526	0.00671683	0.00596548
0.00418942	0.00688368	0.00583895
0.00420742	0.00688997	0.00592621
0.00417427	0.00683442	0.00593944
0.00831767	0.00742206	0.00409733
0.00827635	0.00748557	0.00413263
0.00820028	0.00747662	0.00407027
0.00823648	0.00754326	0.00416816
0.00819515	0.00759481	0.00420133
0.00812305	0.00758658	0.00414159
0.00847103	0.00743527	0.00424113
0.00842386	0.00750119	0.00427442
0.00835194	0.00749296	0.00420076
0.00837743	0.00755935	0.00430643
0.00833326	0.00761085	0.0043384
0.00826475	0.00760368	0.00426746
0.00447552	0.00666891	0.00675716
0.00454693	0.0066678	0.00681586
0.00453042	0.00660487	0.00683373
0.00451784	0.006804	0.00671522
0.00459046	0.00680203	0.00677374
0.00456641	0.00673502	0.00679644
0.00457605	0.00693004	0.00666478
0.00464627	0.006928	0.00672303
0.00461825	0.00686681	0.00674833
0.0046234	0.00666634	0.00686867
0.00470116	0.0066658	0.0069191
0.00468567	0.0066046	0.00693813
0.00466772	0.00679818	0.00682466
0.00474475	0.00679494	0.00687292
0.00472164	0.00672997	0.00689732
0.00472072	0.00692462	0.00677451
0.00479578	0.00691981	0.0068219
0.00477027	0.00685949	0.00684712
0.00840097	0.00743352	0.00673176
0.00835731	0.00749606	0.00669664
0.00842789	0.00749985	0.00662569
0.00831291	0.00755279	0.00666239
0.00826769	0.00760489	0.00662986
0.00833451	0.00761039	0.0065613
0.00825065	0.00741612	0.00686959
0.0082116	0.00747717	0.00683331
0.00828516	0.00748727	0.006767
0.00817154	0.00753192	0.00679937
0.0081306	0.00758467	0.00676299
0.00819972	0.00759494	0.00669875
0.00775811	0.00705576	0.00356992
0.00773819	0.00712688	0.00360094
0.00764997	0.00711483	0.00356732
0.00771788	0.00719981	0.00363625
0.00769537	0.00726777	0.00367187
0.00761155	0.00725159	0.00363637
0.00794224	0.00707707	0.00364773
0.00791575	0.00715063	0.00367811
0.0078272	0.00713975	0.00363863
0.00788952	0.00722351	0.003712
0.00786333	0.00729286	0.00374783
0.00777833	0.00728189	0.00370915
0.00894501	0.00737763	0.00560981
0.00889514	0.00744104	0.00560692
0.00890588	0.00743373	0.00551586
0.0088462	0.00749862	0.00560486
0.00879992	0.00754923	0.00560281
0.00881417	0.00753854	0.00551375
0.00891246	0.00739342	0.00580737
0.00886169	0.0074568	0.0057981
0.00888163	0.0074477	0.00569958
0.00880803	0.00751924	0.00578987
0.0087573	0.00757408	0.00578145
0.00878071	0.00756136	0.00569124
0.00786745	0.00708971	0.00730921
0.00784108	0.00715813	0.00727946
0.00793118	0.00716872	0.00723704
0.00781217	0.00722088	0.00725075
0.00778521	0.00728516	0.0072158
0.00787078	0.00729701	0.00717388
0.00768333	0.00706278	0.00738796
0.00766211	0.0071305	0.00735698
0.00775137	0.00714477	0.00731986
0.00763999	0.00719458	0.00732539
0.00761766	0.00725677	0.00729154
0.00770224	0.00727108	0.00725541
0.00435371	0.00701862	0.00616149
0.00438795	0.00702656	0.00624478
0.00435191	0.00697116	0.00626302
0.00442668	0.00711953	0.00613003
0.00446092	0.0071288	0.00620872
0.00442485	0.00707941	0.00622606
0.00442509	0.00703157	0.00632652
0.00446908	0.00703684	0.00640439
0.00443513	0.00698176	0.00642759
0.0044967	0.00713452	0.00628609
0.00453857	0.00713995	0.0063598
0.00450363	0.00708974	0.00638154
0.00409167	0.00676505	0.00531829
0.00408852	0.00676292	0.00541171
0.00406328	0.00670739	0.00541135
0.00414868	0.00686645	0.00532225
0.00414427	0.00686276	0.00541226
0.00411569	0.00681432	0.00541205
0.00408624	0.00676141	0.00550224
0.00408969	0.00676363	0.00559089
0.00406417	0.00670755	0.00559461
0.00414482	0.00686304	0.0054987
0.00415026	0.00686684	0.0055831
0.00411933	0.00681661	0.00558713
0.00756501	0.00675639	0.00755114
0.00755098	0.00682877	0.00752921
0.00764724	0.00683514	0.00750417
0.00753418	0.00690121	0.00750312
0.00751693	0.00697082	0.00747624
0.00761065	0.0069803	0.00744924
0.00737153	0.00674762	0.00759014
0.00736031	0.00681773	0.00756978
0.00745496	0.00682348	0.00755019
0.00734693	0.00688797	0.00754613
0.00733339	0.00695588	0.00751945
0.00742394	0.00696351	0.00749964
0.00745585	0.00674813	0.00336981
0.00744238	0.00681779	0.00338843
0.00735158	0.00681259	0.00336869
0.00742725	0.0068885	0.00341106
0.00741208	0.00695616	0.00343494
0.00732253	0.00694885	0.00341646
0.00764107	0.00675724	0.00341793
0.00762538	0.00682996	0.00343629
0.00753335	0.00682364	0.00341127
0.00760813	0.00690126	0.00345663
0.00759112	0.00696949	0.00347974
0.00750108	0.00696188	0.00345512
0.00800663	0.00737478	0.00387065
0.00797168	0.00743772	0.0039074
0.00789105	0.00742646	0.00386189
0.00793429	0.00749487	0.00394279
0.00789854	0.00754895	0.00398047
0.00782254	0.0075343	0.00393309
0.00816523	0.00739979	0.00397591
0.00812462	0.00746509	0.00401272
0.00804883	0.00745166	0.00395838
0.00808528	0.00752494	0.00405009
0.00804815	0.00757812	0.00408694
0.00797298	0.00756543	0.0040332
0.00809374	0.00739421	0.00698995
0.00805732	0.00745569	0.00695201
0.00813608	0.00746685	0.00689471
0.0080199	0.00751326	0.00691364
0.00798255	0.00756529	0.00687655
0.00805864	0.00757473	0.00682222
0.00792771	0.00737156	0.00709134
0.00789448	0.00743568	0.00704985
0.00797591	0.00744418	0.00700479
0.00786054	0.00749529	0.00700847
0.00782749	0.00754759	0.0069698
0.00790443	0.00755683	0.00692524
0.00474537	0.00665925	0.00402685
0.00467347	0.00666112	0.00408074
0.00465324	0.00660227	0.004059
0.00479145	0.00677782	0.0040812
0.0047218	0.00678078	0.00413346
0.00469659	0.00672124	0.004106
0.00460282	0.00666385	0.00414011
0.00453338	0.00666403	0.00420319
0.00451187	0.00660394	0.00418281
0.00465339	0.00678442	0.00418982
0.00458398	0.00678639	0.00424893
0.00455888	0.00672597	0.00422618
0.00450855	0.00701738	0.00452831
0.00445649	0.00701731	0.00459668
0.00442356	0.00696257	0.00457752
0.00457392	0.00711838	0.0045674
0.00452302	0.00711797	0.00463388
0.00449009	0.0070691	0.00461555
0.00440976	0.00701583	0.00467073
0.00436779	0.00701187	0.00474795
0.00433363	0.00695841	0.00473014
0.00447745	0.0071163	0.00470593
0.00443633	0.00711135	0.0047811
0.00440236	0.00706319	0.00476518
0.00433085	0.00700608	0.00482727
0.00430054	0.00700032	0.0049077
0.00426756	0.00694988	0.00489552
0.00439996	0.00710366	0.00485711
0.00436871	0.00709581	0.00493369
0.00433474	0.00704904	0.00492106
0.00425982	0.00698952	0.00582157
0.00427757	0.00699567	0.00590548
0.00424181	0.00694376	0.00591465
0.00432709	0.00708321	0.0058091
0.00434617	0.00709061	0.00589066
0.00431282	0.00704461	0.00589856
0.00429709	0.0070007	0.005991
0.00432235	0.0070085	0.00607664
0.00428612	0.00695546	0.00609015
0.00436747	0.0070977	0.00597162
0.00439437	0.00710762	0.00605136
0.00435875	0.00705935	0.0060643
0.00452045	0.00704231	0.00647806
0.00457714	0.00704569	0.0065473
0.00454387	0.00698886	0.00657437
0.00458733	0.00714544	0.00642982
0.00464162	0.00714998	0.00649615
0.00460942	0.00709965	0.00652036
0.00463825	0.00704592	0.0066114
0.00470336	0.00704351	0.00666929
0.00467458	0.00698613	0.00669748
0.00470009	0.00715222	0.00655822
0.00476157	0.00715042	0.00661608
0.00473231	0.00709898	0.00664095
0.0086209	0.00662613	0.00383027
0.00860117	0.00671003	0.00384762
0.00850959	0.00670783	0.00378083
0.00879511	0.00662484	0.00398547
0.0087749	0.0067115	0.00400469
0.00869075	0.00670795	0.00392368
0.00872239	0.00662404	0.00700995
0.00870185	0.00670841	0.00699049
0.00878805	0.00670817	0.00690772
0.00854158	0.00662895	0.00715394
0.00852376	0.00671659	0.00713124
0.00860992	0.00671464	0.00706459
0.00749977	0.00703852	0.00744811
0.00748195	0.00710481	0.00741752
0.00757219	0.0071163	0.00739026
0.0074632	0.00716943	0.00738462
0.0074454	0.00723334	0.00734875
0.0075312	0.00724406	0.0073226
0.00731924	0.00702225	0.0074896
0.00730515	0.00708789	0.00745778
0.00739227	0.00709629	0.00743915
0.00729119	0.00715179	0.0074248
0.00727684	0.00721287	0.00739054
0.00736102	0.00722366	0.00737097
0.00739713	0.0070211	0.00346047
0.00738192	0.0070862	0.00348955
0.00729492	0.00707641	0.00347001
0.00736656	0.00715009	0.00352126
0.00735034	0.0072104	0.00355356
0.00726512	0.0071977	0.00353293
0.0075758	0.00703648	0.00350702
0.0075608	0.00710454	0.003538
0.00747087	0.00709507	0.00351216
0.00754496	0.00717188	0.00357108
0.00752562	0.00723529	0.00360411
0.00743798	0.0072216	0.00357659
0.00860927	0.00764956	0.00483734
0.00854867	0.00769554	0.00486194
0.00850623	0.00770123	0.00477745
0.00848943	0.00773713	0.00488631
0.00843401	0.00777378	0.00490951
0.00839164	0.00777936	0.00482829
0.00867928	0.00763499	0.00502453
0.00862201	0.00767844	0.00504172
0.00858701	0.00768842	0.00495098
0.00856324	0.00772013	0.00506084
0.00850919	0.00775669	0.00507724
0.00847231	0.00776684	0.00499397
0.00856493	0.007659	0.00613539
0.00851117	0.00770582	0.00610989
0.00855382	0.00770046	0.00602423
0.00845785	0.00774797	0.00608602
0.00840483	0.00778626	0.00606464
0.00844629	0.00778071	0.00598813
0.00846475	0.00766185	0.00630873
0.00841018	0.00771027	0.0062772
0.00846277	0.00770922	0.00619441
0.00835498	0.00775509	0.00624618
0.0083021	0.00779425	0.00621844
0.00835424	0.00779236	0.00614141
0.00834659	0.00766123	0.00646333
0.00829505	0.00770762	0.00643046
0.0083538	0.00770945	0.00635704
0.00824624	0.00774932	0.0063967
0.00819748	0.00778761	0.00636394
0.00825162	0.0077913	0.00629332
0.00775892	0.0073511	0.00717473
0.00773086	0.00741302	0.00713373
0.00781264	0.0074276	0.00709063
0.00770185	0.00746905	0.00709469
0.00767492	0.00752109	0.00705493
0.00775147	0.00753595	0.00701251
0.00759459	0.00731847	0.00725412
0.00757057	0.00737907	0.00721396
0.00765021	0.0073943	0.00717715
0.00754549	0.00743599	0.0071736
0.00752067	0.00748951	0.00713272
0.00759781	0.00750447	0.00709608
0.00718047	0.00673792	0.00762012
0.00717284	0.00680618	0.00759891
0.00726629	0.00681159	0.00758711
0.00716394	0.00687413	0.00757384
0.00715431	0.00693947	0.00754709
0.0072439	0.00694751	0.00753538
0.00699382	0.00672935	0.00763296
0.00698801	0.00679468	0.00761159
0.00708017	0.00680128	0.0076059
0.00698135	0.00685986	0.00758727
0.00697427	0.00692332	0.00756078
0.00706453	0.00693194	0.00755501
0.00708074	0.00672853	0.00331276
0.00707199	0.00679267	0.00333142
0.00698017	0.00678517	0.00332432
0.00706343	0.00685686	0.00335334
0.00705471	0.00691927	0.00337721
0.00696647	0.006909	0.00336984
0.00727144	0.00673974	0.00333298
0.00725909	0.00680719	0.00335249
0.00716536	0.00680028	0.00334025
0.00724529	0.00687452	0.00337567
0.00723219	0.00693943	0.00339993
0.0071428	0.00692931	0.00338688
0.00767007	0.0073293	0.00370694
0.00764401	0.00738825	0.00374362
0.00756367	0.00737102	0.0037077
0.0076185	0.00744359	0.00378074
0.00759339	0.00749481	0.00381765
0.00751606	0.0074794	0.00378377
0.00783692	0.00735741	0.00378492
0.00780703	0.0074169	0.0038209
0.00772436	0.00740431	0.00378176
0.00777549	0.00747104	0.00385556
0.00774515	0.00752226	0.00389176
0.00766896	0.00750931	0.00385364
0.00828758	0.00765785	0.004372
0.00823656	0.00770408	0.00440918
0.0081745	0.00769678	0.0043409
0.00818418	0.00774767	0.00444712
0.0081351	0.00778546	0.00448162
0.00807618	0.00778082	0.00441965
0.00840832	0.00766658	0.00452116
0.00835228	0.00771227	0.00455224
0.00829501	0.00771015	0.00448058
0.00829823	0.00775233	0.00458203
0.00824679	0.00778791	0.00461119
0.00819294	0.00778751	0.00454552
0.00852127	0.0076604	0.00467432
0.00845948	0.00770611	0.00469842
0.00840784	0.00771027	0.00462416
0.00839978	0.00774734	0.00472414
0.0083452	0.00778392	0.00475182
0.00829681	0.00778689	0.00467963
0.00427649	0.00699484	0.00498937
0.00425652	0.00698823	0.00507175
0.00422237	0.00693675	0.00506186
0.00434298	0.00708868	0.00501101
0.00432238	0.00708157	0.00508927
0.00428985	0.00703643	0.00508086
0.00423993	0.00698055	0.0051551
0.00422685	0.00697287	0.00523989
0.00419108	0.00692197	0.00523485
0.00430628	0.00707452	0.00516902
0.00429359	0.00706721	0.00525036
0.00426079	0.00702148	0.00524526
0.00478062	0.00666591	0.00696716
0.00486334	0.0066643	0.007009
0.00484889	0.0066042	0.00702782
0.00482252	0.00679209	0.00691957
0.00490319	0.00678765	0.00696139
0.00488211	0.00672647	0.0069862
0.00494718	0.0066613	0.00704522
0.00502999	0.00665871	0.00708101
0.00501711	0.00660096	0.00709963
0.004984	0.00678255	0.00699839
0.00506462	0.00677792	0.00703452
0.00504621	0.00671851	0.00705922
0.00870818	0.00762158	0.00577368
0.00865643	0.00766665	0.00576592
0.00868357	0.00765189	0.00568272
0.00860355	0.00770891	0.00575802
0.00854991	0.00774866	0.00574956
0.00857902	0.00773369	0.00567032
0.0086452	0.00764595	0.00595377
0.00859077	0.00769262	0.00593791
0.00862479	0.007681	0.0058516
0.00853515	0.0077358	0.00592404
0.00848048	0.00777473	0.00591033
0.00851519	0.00776373	0.0058303
0.00873313	0.00761048	0.0052202
0.00868154	0.00765236	0.00522901
0.00865376	0.00766606	0.00513454
0.00862819	0.00769258	0.00523731
0.00857423	0.00773071	0.00524435
0.0085441	0.00774381	0.0051594
0.00876834	0.00758459	0.00541659
0.0087216	0.00762661	0.00541594
0.00870416	0.00763908	0.00532406
0.00867231	0.00766709	0.00541772
0.0086202	0.00770669	0.00541875
0.00859947	0.00771841	0.00533228
0.00822074	0.00765391	0.00659636
0.00817198	0.00770062	0.00656017
0.00823462	0.00770465	0.00649762
0.00812359	0.0077429	0.0065244
0.00807745	0.00778014	0.00649065
0.00813823	0.0077843	0.00642967
0.00808669	0.00763615	0.00672315
0.00804134	0.00768505	0.00668103
0.00810723	0.00769438	0.00662093
0.00799663	0.00772888	0.00664074
0.0079528	0.00776793	0.00660266
0.00801601	0.00777459	0.00654809
0.00801122	0.00762653	0.00412542
0.00797173	0.00767249	0.00416568
0.00790105	0.00766234	0.00411492
0.00793075	0.00771565	0.0042066
0.00788836	0.00775592	0.00424731
0.00782133	0.00774582	0.00419585
0.00815218	0.00764249	0.00423656
0.00810767	0.0076894	0.00427715
0.00804009	0.00768137	0.00421914
0.00806255	0.00773378	0.00431967
0.00801661	0.00777357	0.0043596
0.00795388	0.00776508	0.00430195
0.00484646	0.00689197	0.00414518
0.004776	0.00689537	0.00419257
0.00474844	0.00683885	0.00416274
0.00489886	0.00699534	0.00420122
0.00482987	0.00700015	0.00424688
0.00480308	0.00694907	0.00422063
0.00470544	0.00689848	0.00424254
0.00463546	0.00690079	0.00429624
0.00460864	0.00684444	0.00427181
0.00476124	0.00700465	0.00429541
0.00469471	0.00700903	0.0043475
0.00466395	0.00695544	0.00432218
0.00714391	0.00700351	0.00751809
0.00713236	0.00706683	0.00748661
0.00721906	0.00707785	0.00747394
0.00711968	0.00712804	0.00745405
0.00710641	0.00718527	0.00742178
0.00719202	0.00720023	0.00740733
0.0069662	0.0069851	0.00753219
0.00695703	0.00704471	0.00750218
0.00704473	0.00705591	0.00749573
0.00694693	0.00710109	0.00747194
0.00693636	0.00715435	0.00744146
0.00702126	0.00716974	0.00743325
0.00704543	0.00698003	0.00340295
0.00703544	0.00704003	0.00343081
0.00694966	0.00702822	0.00342385
0.00702477	0.00709828	0.00346019
0.0070132	0.00715449	0.00349089
0.00692992	0.00714116	0.00348415
0.00722053	0.00700257	0.00342561
0.00720839	0.00706493	0.00345369
0.00712189	0.00705232	0.00344061
0.00719531	0.00712521	0.00348364
0.0071813	0.00718285	0.0035149
0.00709718	0.00716806	0.00350083
0.0050468	0.00665495	0.00384393
0.00497186	0.0066564	0.00388886
0.00495443	0.00659909	0.00386472
0.00508723	0.00676976	0.00390453
0.00501338	0.00677206	0.00394687
0.00499184	0.00671481	0.00391652
0.00489572	0.00665789	0.00393268
0.00481949	0.00665872	0.00397792
0.0048018	0.00660109	0.00395641
0.0049383	0.0067739	0.00398875
0.00486344	0.00677577	0.00403298
0.00483995	0.00671734	0.00400354
0.00816741	0.00661789	0.00737988
0.00815165	0.00669581	0.00736162
0.00824565	0.00669848	0.00731237
0.00797874	0.00662057	0.00746258
0.00796673	0.00669949	0.00744221
0.00805939	0.00669863	0.00740336
0.00733314	0.00726756	0.00358707
0.00731476	0.00732405	0.00362326
0.00723392	0.00730981	0.00360275
0.0072961	0.00737863	0.00366102
0.00727663	0.00743061	0.00369959
0.00719973	0.00741404	0.00367821
0.00750383	0.00729523	0.00363824
0.00748111	0.00735427	0.00367529
0.0073976	0.00733854	0.00364716
0.00745883	0.00741076	0.00371384
0.00743612	0.00746352	0.00375253
0.00735544	0.00744717	0.00372435
0.00477248	0.00703838	0.00672165
0.00484466	0.00703065	0.00677026
0.00481988	0.0069756	0.00679679
0.00482636	0.00714438	0.00666953
0.00489529	0.00713641	0.00671853
0.00486988	0.0070846	0.0067438
0.00491864	0.00702219	0.00681473
0.00499338	0.00701426	0.00685463
0.00497185	0.00696054	0.00687991
0.00496709	0.00712807	0.00676288
0.00503976	0.00711997	0.00680289
0.00501631	0.00706778	0.00682863
0.00742756	0.00729616	0.00730994
0.00740808	0.00735615	0.00726997
0.00748964	0.00736773	0.00724373
0.00738704	0.00741139	0.00723083
0.00736502	0.00746209	0.00719261
0.00744334	0.00747638	0.00716397
0.00726145	0.00727153	0.0073543
0.00724488	0.00732782	0.00731673
0.00732643	0.00734285	0.0072943
0.00722691	0.00738059	0.00727925
0.0072084	0.00742994	0.00724176
0.00728654	0.00744634	0.0072188
0.00681033	0.00671912	0.00763533
0.00680469	0.00678087	0.00761399
0.00689603	0.00678725	0.00761506
0.00679883	0.00684299	0.00758887
0.00679328	0.0069036	0.00756188
0.00688357	0.00691358	0.00756359
0.0066274	0.00671027	0.00762023
0.00662471	0.00676806	0.00759918
0.00671437	0.00677515	0.00760832
0.0066211	0.00682575	0.00757394
0.00661744	0.00688168	0.00754747
0.00670493	0.00689348	0.00755592
0.00421068	0.0069592	0.00549581
0.00421754	0.0069652	0.00557539
0.00418286	0.00691581	0.00557924
0.004276	0.00705177	0.00549289
0.00428378	0.00705866	0.00556925
0.0042512	0.00701303	0.00557217
0.00422819	0.00697244	0.00565674
0.00424265	0.00698112	0.00573902
0.0042067	0.00692931	0.00574565
0.00429498	0.00706635	0.00564749
0.00430948	0.0070748	0.00572778
0.00427706	0.0070297	0.00573385
0.0079434	0.007614	0.00683761
0.00790182	0.00766246	0.00679398
0.00797319	0.00767378	0.00673951
0.00786018	0.00770834	0.00674976
0.00782028	0.0077498	0.00670698
0.00788743	0.00775958	0.00665589
0.00779447	0.00759554	0.00692984
0.00775936	0.0076424	0.0068865
0.00782949	0.00765221	0.00684292
0.00772254	0.00768693	0.00684279
0.00768618	0.00772722	0.00680092
0.00775287	0.00773912	0.00675508
0.00671332	0.00671249	0.00330468
0.00670968	0.00677087	0.00332402
0.00662157	0.00676735	0.00333124
0.00670556	0.00682809	0.00334632
0.00670082	0.00688369	0.00337052
0.00661489	0.00687694	0.0033781
0.0068948	0.00671795	0.00330139
0.00688913	0.00677902	0.00332006
0.00679888	0.00677437	0.00332001
0.00688347	0.00683992	0.00334194
0.00687726	0.00689949	0.00336592
0.00678818	0.0068909	0.00336619
0.00771535	0.00757253	0.00393235
0.00768315	0.00762228	0.00397667
0.00761216	0.00760823	0.00393807
0.00765007	0.00766848	0.00402075
0.00761739	0.00771014	0.00406334
0.00754932	0.00769671	0.00402542
0.0078643	0.00760104	0.00402228
0.0078281	0.00765011	0.00406551
0.00775502	0.00763634	0.00401907
0.00779076	0.00769432	0.00410704
0.00775332	0.00773464	0.00414786
0.0076854	0.00772263	0.00410384
0.00511221	0.00665755	0.00711755
0.00519497	0.00665673	0.00715215
0.00518287	0.00660044	0.00717063
0.0051451	0.00677453	0.00707037
0.00522525	0.00677201	0.00710388
0.00520941	0.0067143	0.00712958
0.00527731	0.00665545	0.00718411
0.00535915	0.0066538	0.00721389
0.00534883	0.00659865	0.00723169
0.00530509	0.00676981	0.00713549
0.00538465	0.00676744	0.00716652
0.00537137	0.00671055	0.00719132
0.00457132	0.00722829	0.00624551
0.00461295	0.00723504	0.0063158
0.004575	0.00718796	0.00633853
0.00464425	0.00731495	0.00620481
0.0046856	0.00732319	0.00627208
0.00464972	0.00728015	0.00629363
0.00465918	0.0072405	0.00638354
0.00471035	0.00724511	0.00644784
0.00467522	0.00719786	0.00647285
0.0047302	0.00732932	0.00633676
0.00477919	0.00733449	0.00639779
0.00474497	0.00729071	0.00642288
0.00535481	0.00665058	0.00367999
0.00527583	0.00665185	0.00371875
0.00526332	0.0065972	0.00369526
0.00538642	0.00676073	0.00374077
0.00530924	0.00676288	0.0037797
0.00529118	0.00670727	0.0037471
0.00519781	0.00665294	0.00375767
0.00512162	0.00665399	0.00379919
0.00510622	0.00659805	0.00377358
0.0052338	0.00676491	0.00381982
0.00516023	0.00676725	0.00386165
0.00513991	0.00671092	0.00382905
0.00443931	0.0071889	0.00594483
0.00446716	0.00719931	0.00602168
0.00443009	0.00715395	0.00603727
0.00451224	0.00727345	0.00591704
0.00453947	0.00728396	0.00599117
0.00450354	0.00724258	0.00600622
0.00449852	0.00720977	0.00609793
0.00453327	0.00721991	0.0061728
0.0044965	0.00717496	0.00619161
0.00457045	0.00729434	0.00606446
0.00460561	0.00730504	0.00613569
0.00456958	0.00726322	0.00615422
0.0050273	0.00689867	0.00694357
0.00510535	0.00689293	0.00697915
0.00508446	0.00683582	0.00700782
0.00506908	0.00700769	0.00689153
0.00514548	0.00700167	0.00692601
0.00512587	0.00694821	0.00695179
0.00518283	0.00688788	0.00701383
0.0052592	0.00688357	0.00704726
0.00524186	0.00682832	0.00707658
0.0052209	0.0069959	0.00695937
0.00529521	0.00699044	0.00699166
0.00527726	0.00693775	0.0070187
0.00764742	0.00757014	0.00701319
0.00761735	0.00761688	0.0069699
0.00768908	0.00763081	0.00692848
0.00758465	0.00766039	0.0069274
0.00755072	0.00770053	0.00688555
0.00761903	0.00771423	0.00684455
0.00749523	0.0075402	0.00708989
0.0074681	0.007588	0.00704571
0.00754317	0.00760238	0.00700936
0.0074398	0.00763186	0.00700237
0.00741093	0.00767298	0.00695842
0.00748107	0.00768659	0.00692378
0.00896336	0.00663077	0.00417218
0.00894332	0.00672022	0.0041931
0.00885705	0.00672062	0.00409389
0.00889163	0.00662687	0.0068328
0.00886966	0.00671365	0.00681297
0.00895272	0.00671385	0.00670791
0.00709279	0.00724022	0.00738805
0.00707879	0.00729415	0.00735204
0.0071621	0.00731158	0.00733606
0.0070642	0.00734611	0.00731483
0.00704997	0.00739612	0.00727638
0.00712944	0.00741324	0.00726084
0.0069254	0.00720688	0.00740868
0.00691442	0.00725917	0.00737344
0.006996	0.00727667	0.00736443
0.0069033	0.00730991	0.00733687
0.00689244	0.00735872	0.00729921
0.00697094	0.00737807	0.00728909
0.00678769	0.00696223	0.00753375
0.00678139	0.0070188	0.00750444
0.00686905	0.00703237	0.00750522
0.00677442	0.00707227	0.00747503
0.00676748	0.0071225	0.00744571
0.00685161	0.00713883	0.00744547
0.00661377	0.00693604	0.00752045
0.0066103	0.00698939	0.00749212
0.00669497	0.0070046	0.00749989
0.00660616	0.00704078	0.00746286
0.00660235	0.00709012	0.00743291
0.00668412	0.00710626	0.00744147
0.00669619	0.00693811	0.00339637
0.00669106	0.00699203	0.00342447
0.00660735	0.00698071	0.00343163
0.00668596	0.00704418	0.00345349
0.00668087	0.00709501	0.00348351
0.00659974	0.00707945	0.00348986
0.00687078	0.00695806	0.00339198
0.00686335	0.00701624	0.00342039
0.0067765	0.00700372	0.00342061
0.00685552	0.00707237	0.0034499
0.00684682	0.0071266	0.00348067
0.00676336	0.00711062	0.00348035
0.00741265	0.00751343	0.00379318
0.0073877	0.00756179	0.00383658
0.00731065	0.00754523	0.00380847
0.00736245	0.00760684	0.00387974
0.00733655	0.00764848	0.00392242
0.00726375	0.00763156	0.00389434
0.0075671	0.00754438	0.00385769
0.00753899	0.00759363	0.00390189
0.00746405	0.00757794	0.0038678
0.00751007	0.0076397	0.00394606
0.00747984	0.00768162	0.00398885
0.00740884	0.00766519	0.00395401
0.0065344	0.00670613	0.00332137
0.00653336	0.00676259	0.0033414
0.00644493	0.00675672	0.00335454
0.00653149	0.00681704	0.00336404
0.00652901	0.00686938	0.00338873
0.00644348	0.00686096	0.00340246
0.00700175	0.00720918	0.00352402
0.0069898	0.00726317	0.00356003
0.00690928	0.0072469	0.00355209
0.00697771	0.00731395	0.00359667
0.00696578	0.00736184	0.00363417
0.00688789	0.00734399	0.00362606
0.00716715	0.00723902	0.00354864
0.00715272	0.00729473	0.00358526
0.00707103	0.00727893	0.00357097
0.00713829	0.00734757	0.0036226
0.00712244	0.00739715	0.00366037
0.00704433	0.00737951	0.00364559
0.00635698	0.00675403	0.00337081
0.00627085	0.00675452	0.0033899
0.00626893	0.00670074	0.00336585
0.00635836	0.00685697	0.0034211
0.00627492	0.00685747	0.00344425
0.00627276	0.00680672	0.00341612
0.00584311	0.00664849	0.00347455
0.00575948	0.0066485	0.00350642
0.00575114	0.00659667	0.00348454
0.00585925	0.00675521	0.00353166
0.00577938	0.00675597	0.0035652
0.00576869	0.00670165	0.00353341
0.00567641	0.00664861	0.00353781
0.00559441	0.00664887	0.00356858
0.00558429	0.00659665	0.00354699
0.00570002	0.00675633	0.00359821
0.00562132	0.00675648	0.00363064
0.00560667	0.0067022	0.00359669
0.00551344	0.00664925	0.00360271
0.00543392	0.00664978	0.00364073
0.00542246	0.00659662	0.00361698
0.00554289	0.00675729	0.00366537
0.0054645	0.00675882	0.00370254
0.00544807	0.00670399	0.00366927
0.00544071	0.00665248	0.00724405
0.00552209	0.0066512	0.00727507
0.00551307	0.00659756	0.00729226
0.00546392	0.00676494	0.00719853
0.00554297	0.00676233	0.00723071
0.00553214	0.00670621	0.00725445
0.00549016	0.00687282	0.00714649
0.00556757	0.00686932	0.00717959
0.00555488	0.00681681	0.00720569
0.00560263	0.00665015	0.00730674
0.0056824	0.00664937	0.00733867
0.005675	0.00659704	0.00735578
0.00562193	0.00676039	0.00726242
0.00570025	0.00675887	0.00729367
0.00569096	0.00670341	0.00731798
0.00564478	0.00686649	0.00721146
0.00572148	0.00686432	0.00724181
0.00571047	0.00681252	0.00726828
0.00626897	0.00664605	0.00755664
0.0063552	0.00664536	0.00758328
0.00635461	0.0065965	0.00759782
0.00627225	0.00675165	0.00751501
0.00635689	0.00675032	0.00754234
0.00635603	0.00669682	0.00756481
0.00627615	0.00685399	0.00746423
0.00635856	0.00685281	0.00749315
0.00635782	0.00680234	0.00751848
0.0064451	0.0066468	0.00760579
0.00653677	0.00665055	0.00762346
0.00653756	0.00659888	0.00763783
0.00644472	0.00675316	0.0075658
0.00653465	0.0067605	0.00758496
0.00653582	0.00670436	0.00760622
0.00644387	0.00685785	0.00751694
0.0065304	0.00686959	0.0075347
0.00653293	0.00681566	0.00756079
0.00758609	0.00661366	0.00758481
0.00757646	0.00668496	0.00756863
0.00767409	0.00668907	0.00754435
0.00739051	0.00661081	0.00762315
0.00738178	0.00667896	0.00760762
0.00747848	0.00668229	0.00758885

