0.00644606	0.00564333	0.00328344
0.00644607	0.00569889	0.00328344
0.00644607	0.00581001	0.00328344
0.00644607	0.00592112	0.00328344
0.00644607	0.00603225	0.00328341
0.00644607	0.00614339	0.00328341
0.00644608	0.00625457	0.0032834
0.00644612	0.00636584	0.00328331
0.00644606	0.00647899	0.00328489
0.00662945	0.00558776	0.00326493
0.00662945	0.00569889	0.00326492
0.00662945	0.00581001	0.00326492
0.00662945	0.00592113	0.00326492
0.00662943	0.00603225	0.00326493
0.00662944	0.0061434	0.00326492
0.00662944	0.00625458	0.00326492
0.00662937	0.00636584	0.00326492
0.00662921	0.00647898	0.00326627
0.00681523	0.00558775	0.00325799
0.00681523	0.00569889	0.00325799
0.00681523	0.00581001	0.00325799
0.00681524	0.00592112	0.00325798
0.00681523	0.00603225	0.00325798
0.00681523	0.0061434	0.00325798
0.00681524	0.00625459	0.00325797
0.00681518	0.00636587	0.00325798
0.00681498	0.00647905	0.00325912
0.00700321	0.00558776	0.00326211
0.00700322	0.00569889	0.00326211
0.00700322	0.00581001	0.00326211
0.00700322	0.00592113	0.00326211
0.0070032	0.00603226	0.0032621
0.00700321	0.0061434	0.0032621
0.00700324	0.00625458	0.00326208
0.00700322	0.00636585	0.00326202
0.00700318	0.00647896	0.00326299
0.00719215	0.00558775	0.00327858
0.00719216	0.00569889	0.00327858
0.00719216	0.00581001	0.00327858
0.00719218	0.00592112	0.00327857
0.00719216	0.00603225	0.00327855
0.00719216	0.0061434	0.00327855
0.00719218	0.00625461	0.00327854
0.00719202	0.00636591	0.00327857
0.00719209	0.00647914	0.00327947
0.00738184	0.00558776	0.00331056
0.00738184	0.00569889	0.00331055
0.00738184	0.00581001	0.00331055
0.00738184	0.00592113	0.00331056
0.0073818	0.00603226	0.0033106
0.00738182	0.0061434	0.00331059
0.00738186	0.00625457	0.0033106
0.00738179	0.0063658	0.00331083
0.00738192	0.0064787	0.00331141
0.00757439	0.00558776	0.00334688
0.00757441	0.00569889	0.00334687
0.00757441	0.00581001	0.00334687
0.00757441	0.00592113	0.00334687
0.00757435	0.00603226	0.00334689
0.00757439	0.00614341	0.00334682
0.00757444	0.00625462	0.00334681
0.00757417	0.00636595	0.00334687
0.00757387	0.00647911	0.00334763
0.00776607	0.00558777	0.00340213
0.00776607	0.0056989	0.00340213
0.0077661	0.00581001	0.00340213
0.00776611	0.00592113	0.00340212
0.0077661	0.00603226	0.00340213
0.00776605	0.00614341	0.00340216
0.00776608	0.00625458	0.00340218
0.00776601	0.00636581	0.00340238
0.00776578	0.00647858	0.00340289
0.00796026	0.00558776	0.00346439
0.00796029	0.00569889	0.00346439
0.00796034	0.00581	0.00346436
0.00796036	0.00592112	0.00346435
0.00796036	0.00603225	0.00346435
0.00796028	0.00614341	0.00346436
0.00796029	0.0062546	0.00346436
0.00795997	0.0063659	0.00346442
0.00795961	0.00647876	0.00346496
0.00815863	0.00558777	0.00353944
0.00815862	0.00569889	0.00353944
0.00815859	0.00581001	0.00353942
0.0081586	0.00592113	0.00353942
0.0081586	0.00603227	0.00353942
0.00815858	0.00614342	0.00353941
0.00815855	0.00625461	0.00353937
0.00815879	0.00636591	0.0035393
0.00815849	0.00647867	0.00353972
0.00835268	0.00558776	0.00363171
0.0083527	0.00569889	0.00363171
0.0083526	0.00581001	0.0036317
0.00835257	0.00592113	0.0036317
0.00835257	0.00603226	0.0036317
0.00835264	0.00614342	0.00363171
0.00840405	0.00628262	0.0036604
0.00835116	0.00636584	0.00363151
0.00835178	0.00647872	0.00363218
0.00854889	0.00558777	0.00374531
0.00854889	0.0056989	0.00374531
0.00854889	0.00581001	0.00374531
0.00854889	0.00592114	0.00374531
0.00854889	0.00603227	0.00374531
0.00854897	0.00614341	0.00374532
0.00855368	0.0062543	0.00374616
0.00855097	0.00636625	0.00374548
0.00854936	0.00647831	0.00374526
0.00873376	0.00558775	0.00388601
0.00873378	0.00569888	0.00388602
0.00873378	0.00581	0.00388602
0.00873378	0.00592112	0.00388602
0.00873378	0.00603225	0.00388602
0.0087338	0.0061434	0.00388603
0.00873327	0.00625463	0.00388573
0.00873313	0.00636588	0.00388565
0.00873279	0.00647814	0.00388573
0.00890296	0.00558776	0.00405181
0.00890297	0.00569889	0.00405181
0.00890297	0.00581001	0.00405181
0.00890297	0.00592113	0.00405181
0.00890297	0.00603226	0.00405181
0.00890297	0.00614342	0.0040518
0.00890297	0.00625463	0.00405179
0.00890297	0.00636595	0.00405178
0.00890254	0.00647837	0.00405183
0.00905732	0.00558776	0.00424781
0.0090573	0.00569889	0.00424779
0.0090573	0.00581001	0.00424779
0.0090573	0.00592113	0.00424779
0.0090573	0.00603226	0.00424779
0.00905731	0.00614342	0.00424778
0.00905731	0.00625461	0.00424777
0.0090573	0.00636591	0.00424775
0.00905682	0.00647829	0.00424758
0.00919675	0.00558776	0.0044659
0.00919676	0.00569889	0.0044659
0.00919676	0.00581001	0.0044659
0.00919676	0.00592114	0.0044659
0.00919676	0.00603228	0.0044659
0.00919677	0.00614345	0.0044659
0.00919678	0.00625469	0.00446589
0.00919677	0.00636608	0.00446588
0.00919616	0.00647896	0.0044659
0.0093069	0.00558776	0.00470684
0.00930689	0.0056989	0.00470683
0.00930689	0.00581001	0.00470683
0.0093069	0.00592114	0.00470683
0.0093069	0.00603228	0.00470683
0.0093069	0.00614345	0.00470682
0.00930691	0.00625469	0.00470681
0.00930689	0.00636607	0.00470679
0.00930615	0.00647916	0.00470676
0.00938374	0.00558775	0.00496772
0.00938374	0.0056989	0.00496772
0.00938374	0.00581002	0.00496772
0.00938374	0.00592115	0.00496772
0.00938375	0.0060323	0.00496772
0.00938375	0.00614348	0.00496772
0.00938376	0.00625473	0.00496771
0.00938375	0.00636617	0.00496769
0.00938295	0.00647933	0.00496759
0.00941721	0.00558776	0.00524037
0.00941721	0.0056989	0.00524035
0.00941721	0.00581002	0.00524035
0.00941721	0.00592114	0.00524035
0.00941722	0.00603228	0.00524035
0.00941722	0.00614345	0.00524034
0.00941723	0.00625467	0.00524033
0.00941722	0.00636602	0.0052403
0.00941652	0.006479	0.00524019
0.00635465	0.00558776	0.00329786
0.00635465	0.00569889	0.00329786
0.00635465	0.00581001	0.00329786
0.00635466	0.00592112	0.00329786
0.00635463	0.00603225	0.00329789
0.00635464	0.00614339	0.00329788
0.00635466	0.00625455	0.00329787
0.00635458	0.0063658	0.00329797
0.00635465	0.00647889	0.00329949
0.0061756	0.00558776	0.00332959
0.0061756	0.00569889	0.00332959
0.0061756	0.00581	0.00332958
0.00617561	0.00592112	0.00332958
0.00613149	0.00605998	0.00333734
0.00617585	0.00614333	0.0033294
0.00617563	0.00625454	0.00332958
0.00613149	0.00639393	0.00333709
0.00613235	0.0065115	0.00334272
0.00595605	0.00561557	0.0033791
0.00595591	0.00572657	0.00337869
0.00599923	0.00580995	0.0033647
0.005999	0.00592113	0.00336485
0.00599823	0.00603218	0.00336529
0.00595581	0.00617136	0.00337878
0.00595574	0.00628226	0.00337874
0.00599827	0.00636575	0.003365
0.00599828	0.00647901	0.0033676
0.00582593	0.00558774	0.00342172
0.0058259	0.00569888	0.00342177
0.00582654	0.00581007	0.00342073
0.00582673	0.00592112	0.00342045
0.00582672	0.00603224	0.00342046
0.00582608	0.00614329	0.00342147
0.00582586	0.00625454	0.00342183
0.00582655	0.00636589	0.00342074
0.00582753	0.00647882	0.00342329
0.00565949	0.00558777	0.00348823
0.00565949	0.00569889	0.00348823
0.00565945	0.00581	0.00348835
0.00565943	0.00592112	0.00348838
0.00565943	0.00603224	0.00348838
0.00565948	0.00614337	0.00348828
0.0056595	0.0062545	0.00348826
0.00565953	0.0063657	0.00348832
0.00566011	0.00647844	0.00349071
0.00549338	0.00558777	0.00355428
0.00549338	0.00569889	0.00355427
0.00549338	0.00581001	0.00355426
0.00549337	0.00592112	0.00355427
0.00549337	0.00603224	0.00355427
0.00549337	0.00614337	0.00355427
0.00549336	0.00625452	0.00355426
0.00549337	0.00636572	0.00355423
0.00549403	0.00647844	0.0035563
0.00533059	0.00558776	0.00362576
0.00533059	0.00569889	0.00362577
0.00533061	0.00581	0.00362575
0.0053306	0.00592112	0.00362577
0.00533059	0.00603224	0.00362578
0.00533059	0.00614337	0.00362578
0.00533058	0.00625451	0.00362579
0.00533062	0.00636571	0.00362579
0.00533149	0.00647825	0.00362804
0.00516984	0.00558777	0.00370368
0.00516984	0.00569889	0.00370368
0.00516984	0.00581	0.00370368
0.00516986	0.00592112	0.00370369
0.00516985	0.00603224	0.00370369
0.00516984	0.00614337	0.00370369
0.00516984	0.00625451	0.00370369
0.00516989	0.0063657	0.00370371
0.00517092	0.0064782	0.00370591
0.00501106	0.00558776	0.00378587
0.00501105	0.00569889	0.00378588
0.00501105	0.00581	0.00378588
0.00501108	0.00592112	0.00378586
0.00501106	0.00603224	0.00378585
0.00501105	0.00614337	0.00378586
0.00501104	0.00625451	0.00378585
0.00501109	0.0063657	0.00378582
0.00501222	0.0064781	0.00378771
0.00485612	0.00558777	0.00388015
0.00485612	0.00569889	0.00388015
0.00485612	0.00581001	0.00388015
0.00485613	0.00592112	0.00388015
0.00485616	0.00603224	0.00388018
0.00485614	0.00614337	0.00388019
0.00485614	0.00625451	0.00388018
0.00485619	0.00636569	0.00388022
0.00485749	0.00647807	0.00388199
0.00470205	0.00558776	0.00397771
0.00470204	0.00569889	0.00397772
0.00470204	0.00581	0.00397772
0.00470204	0.00592112	0.00397772
0.00470207	0.00603224	0.0039777
0.00470204	0.00614337	0.00397767
0.00470202	0.00625452	0.00397767
0.00470207	0.00636571	0.00397766
0.00470307	0.00647796	0.00397872
0.00455434	0.00558778	0.00409297
0.00455434	0.00569889	0.00409297
0.00455434	0.00581001	0.00409297
0.00455434	0.00592113	0.00409297
0.00455434	0.00603225	0.00409297
0.00455433	0.00614338	0.00409294
0.00455433	0.00625454	0.00409294
0.00455433	0.00636575	0.00409294
0.00455536	0.00647807	0.00409383
0.00442008	0.00558776	0.00422605
0.00442007	0.00569888	0.00422606
0.00442007	0.00581	0.00422606
0.00442007	0.00592111	0.00422606
0.00442007	0.00603223	0.00422606
0.0044201	0.00614336	0.00422602
0.00442011	0.00625451	0.004226
0.00442011	0.00636568	0.004226
0.00442049	0.00647753	0.00422618
0.00430038	0.00558777	0.00437376
0.00430038	0.00569889	0.00437375
0.00430038	0.00581	0.00437375
0.00430038	0.00592112	0.00437375
0.00430038	0.00603224	0.00437375
0.00430038	0.00614337	0.00437375
0.00430037	0.00625452	0.00437375
0.00430038	0.0063657	0.00437374
0.00430068	0.00647743	0.00437385
0.00419638	0.00558777	0.004539
0.00419639	0.00569889	0.00453899
0.00419639	0.00581001	0.00453899
0.00419638	0.00592112	0.00453899
0.00419638	0.00603224	0.00453899
0.00419638	0.00614338	0.00453899
0.00419638	0.00625453	0.00453899
0.00419638	0.00636572	0.00453899
0.00419665	0.00647743	0.00453907
0.00411405	0.00558777	0.00471893
0.00411405	0.00569889	0.00471892
0.00411405	0.00581001	0.00471892
0.00411405	0.00592112	0.00471892
0.00411405	0.00603225	0.00471892
0.00411405	0.00614338	0.00471892
0.00411404	0.00625454	0.00471892
0.00411404	0.00636574	0.00471891
0.00411436	0.00647753	0.00471895
0.00405689	0.00558778	0.00490908
0.00405689	0.00569889	0.00490907
0.00405689	0.00581001	0.00490907
0.00405689	0.00592112	0.00490907
0.00405689	0.00603224	0.00490907
0.00405689	0.00614337	0.00490906
0.00405688	0.00625451	0.00490906
0.00405688	0.00636569	0.00490905
0.0040571	0.00647732	0.00490903
0.00401425	0.00558777	0.00510263
0.00401425	0.00569889	0.00510263
0.00401425	0.00581001	0.00510263
0.00401425	0.00592113	0.00510263
0.00401425	0.00603225	0.00510263
0.00401424	0.00614339	0.00510263
0.00401424	0.00625456	0.00510263
0.00401424	0.00636578	0.00510262
0.00401464	0.00647767	0.00510267
0.00399799	0.00558778	0.00530047
0.00399799	0.00569889	0.00530046
0.00399799	0.00581001	0.00530046
0.00399799	0.00592112	0.00530046
0.00399799	0.00603224	0.00530045
0.00399799	0.00614337	0.00530045
0.00399798	0.00625452	0.00530045
0.00399798	0.0063657	0.00530044
0.0039983	0.00647746	0.00530038
0.0039979	0.00558777	0.00549963
0.00399791	0.00569889	0.00549963
0.00399791	0.00581001	0.00549963
0.0039979	0.00592112	0.00549963
0.0039979	0.00603224	0.00549963
0.0039979	0.00614338	0.00549963
0.00399789	0.00625452	0.00549962
0.00399789	0.00636569	0.00549962
0.00399818	0.00647738	0.00549957
0.00400917	0.00558777	0.00569737
0.00400917	0.00569889	0.00569738
0.00400917	0.00581001	0.00569738
0.00400917	0.00592113	0.00569738
0.00400917	0.00603225	0.00569738
0.00400916	0.00614338	0.00569737
0.00400916	0.00625454	0.00569737
0.00400916	0.00636574	0.00569737
0.00403195	0.00654097	0.00579361
0.00404025	0.00558777	0.00589246
0.00404025	0.00569889	0.00589245
0.00404025	0.00581	0.00589245
0.00404025	0.00592112	0.00589245
0.00404025	0.00603224	0.00589245
0.00404025	0.00614336	0.00589245
0.00404025	0.0062545	0.00589245
0.00404024	0.00636565	0.00589244
0.00406588	0.00653978	0.00598837
0.00407701	0.00558777	0.00608954
0.004077	0.00569889	0.00608956
0.004077	0.00581001	0.00608956
0.004077	0.00592112	0.00608956
0.004077	0.00603225	0.00608956
0.004077	0.00614338	0.00608956
0.00407699	0.00625454	0.00608956
0.00407699	0.00636574	0.00608956
0.00410915	0.00653972	0.00618479
0.00413062	0.00558777	0.00628551
0.00413062	0.00569889	0.00628552
0.00413062	0.00581001	0.00628552
0.00413062	0.00592112	0.00628552
0.00413061	0.00603225	0.00628552
0.00413061	0.00614339	0.00628552
0.0041306	0.00625455	0.00628552
0.0041306	0.00636577	0.00628552
0.00417411	0.00653985	0.00637716
0.004209	0.00558777	0.00647303
0.004209	0.00569889	0.00647304
0.004209	0.00581001	0.00647303
0.004209	0.00592112	0.00647303
0.004209	0.00603225	0.00647303
0.00420899	0.00614338	0.00647303
0.00420899	0.00625454	0.00647304
0.00420898	0.00636575	0.00647303
0.00426159	0.00654007	0.00655637
0.004308	0.00558777	0.00664726
0.00430801	0.00569889	0.00664728
0.00430801	0.00581001	0.00664728
0.004308	0.00592113	0.00664728
0.004308	0.00603225	0.00664728
0.004308	0.0061434	0.00664728
0.004308	0.00625457	0.00664729
0.004308	0.00636582	0.00664729
0.00437373	0.00653967	0.00672058
0.00443422	0.00558778	0.00679514
0.00443421	0.0056989	0.00679511
0.00443421	0.00581002	0.00679511
0.0044342	0.00592114	0.00679511
0.0044342	0.00603227	0.00679511
0.0044342	0.00614342	0.00679511
0.00443419	0.0062546	0.00679512
0.00443421	0.00636587	0.00679525
0.0045163	0.00654107	0.00685006
0.00458954	0.00558777	0.0069149
0.00458954	0.00569889	0.0069149
0.00458954	0.00581001	0.0069149
0.00458954	0.00592113	0.0069149
0.00458954	0.00603226	0.0069149
0.00458953	0.0061434	0.0069149
0.00458952	0.00625457	0.00691491
0.00458953	0.00636582	0.00691493
0.00467534	0.00654102	0.00695524
0.00475085	0.00558778	0.00700927
0.00475083	0.0056989	0.00700926
0.00475083	0.00581001	0.00700926
0.00475083	0.00592113	0.00700926
0.0047509	0.00603226	0.00700928
0.00475091	0.0061434	0.00700928
0.0047509	0.00625458	0.00700928
0.00475105	0.0063658	0.00700932
0.00483952	0.00654114	0.00704237
0.00492026	0.00558776	0.0070896
0.00492026	0.00569889	0.0070896
0.00492026	0.00581001	0.0070896
0.00492026	0.00592112	0.0070896
0.00492029	0.00603225	0.00708959
0.00492028	0.00614339	0.0070896
0.00492027	0.00625455	0.00708959
0.00492036	0.00636577	0.00708957
0.00500849	0.00654006	0.00711597
0.00508681	0.00558777	0.00716053
0.0050868	0.0056989	0.00716052
0.0050868	0.00581001	0.00716052
0.00508685	0.00592113	0.00716054
0.00508681	0.00603226	0.00716054
0.00508685	0.00614339	0.00716056
0.00508683	0.00625456	0.00716056
0.00508693	0.0063658	0.00716062
0.00517504	0.00654033	0.00718414
0.00525561	0.00558776	0.00722142
0.00525561	0.00569889	0.00722142
0.00525561	0.00581	0.00722142
0.00525564	0.00592112	0.00722138
0.00525563	0.00603224	0.00722137
0.00525566	0.00614338	0.00722134
0.00525565	0.00625452	0.00722132
0.00525577	0.00636574	0.00722117
0.00534225	0.00653959	0.00724373
0.0054209	0.00558776	0.00728242
0.0054209	0.00569889	0.00728242
0.00542089	0.00581001	0.00728242
0.00542085	0.00592112	0.0072824
0.00542089	0.00603224	0.00728238
0.00542086	0.00614337	0.00728237
0.00542083	0.00625451	0.00728235
0.00542095	0.0063657	0.00728225
0.0055067	0.00653937	0.00730569
0.00558486	0.00558776	0.00734758
0.00558486	0.00569889	0.00734758
0.00558484	0.00581	0.00734756
0.00558483	0.00592112	0.00734754
0.00558482	0.00603224	0.00734755
0.00558482	0.00614338	0.00734755
0.00558482	0.00625454	0.00734756
0.00558482	0.00636577	0.00734759
0.00567009	0.00653951	0.00736918
0.00575068	0.00558776	0.00740783
0.00575068	0.00569889	0.00740784
0.00575068	0.00581002	0.00740789
0.00575067	0.00592112	0.00740795
0.00575066	0.00603224	0.0074079
0.00575067	0.00614337	0.00740791
0.00575068	0.00625453	0.0074079
0.00575065	0.00636575	0.00740765
0.00583549	0.00653969	0.00742974
0.00591863	0.00558776	0.00746839
0.00591864	0.00569888	0.00746841
0.00591867	0.00580999	0.00746853
0.00591871	0.00592112	0.00746859
0.00591869	0.00603224	0.00746859
0.00591869	0.00614337	0.00746859
0.00591871	0.00625452	0.00746863
0.00591862	0.00636574	0.00746859
0.00600436	0.00654	0.00749009
0.00609035	0.00558776	0.00752567
0.00609035	0.00569889	0.00752568
0.00609028	0.00581002	0.00752561
0.00609026	0.00592112	0.00752562
0.00609024	0.00603224	0.00752553
0.00609025	0.00614337	0.00752556
0.00609026	0.00625452	0.00752556
0.00609025	0.00636572	0.00752531
0.00617816	0.0065398	0.00754977
0.00626457	0.00558776	0.0075856
0.00626458	0.00569889	0.00758563
0.0062646	0.00581	0.00758578
0.00626462	0.00592112	0.00758582
0.0062646	0.00603225	0.00758577
0.00626459	0.00614338	0.00758584
0.00626461	0.00625455	0.00758589
0.00626449	0.00636579	0.0075859
0.00635442	0.00654013	0.00760819
0.00941757	0.00558775	0.00552001
0.00941757	0.0056989	0.00552001
0.00941757	0.00581002	0.00552001
0.00941757	0.00592114	0.00552001
0.00941757	0.00603228	0.00552001
0.00941758	0.00614345	0.00552
0.00941759	0.00625467	0.00551999
0.00941758	0.00636603	0.00551996
0.00941671	0.00647919	0.00551993
0.00939046	0.00558775	0.0057946
0.00939046	0.0056989	0.0057946
0.00939046	0.00581001	0.0057946
0.00939046	0.00592114	0.0057946
0.00939046	0.00603228	0.0057946
0.00939047	0.00614345	0.00579459
0.00939048	0.00625467	0.00579459
0.00939047	0.00636602	0.00579456
0.00937245	0.00655303	0.00578981
0.00933741	0.00558775	0.00606168
0.00933741	0.0056989	0.0060617
0.00933741	0.00581002	0.0060617
0.00933741	0.00592115	0.0060617
0.00933741	0.00603229	0.0060617
0.00933742	0.00614347	0.0060617
0.00933743	0.00625472	0.0060617
0.00933742	0.00636613	0.00606169
0.00932355	0.00654968	0.00605921
0.0092488	0.00558776	0.00631336
0.0092488	0.00569889	0.00631335
0.00924881	0.00581001	0.00631335
0.00924881	0.00592114	0.00631335
0.00924881	0.00603228	0.00631335
0.00924882	0.00614344	0.00631335
0.00924883	0.00625466	0.00631335
0.00924883	0.00636601	0.00631333
0.00923733	0.00654824	0.00631243
0.00913117	0.00558776	0.00654748
0.00913117	0.00569889	0.00654749
0.00913117	0.00581001	0.00654749
0.00913117	0.00592114	0.00654749
0.00913117	0.00603227	0.00654749
0.00913118	0.00614344	0.00654749
0.00913119	0.00625466	0.00654749
0.0091312	0.00636601	0.00654748
0.00912202	0.00654889	0.00654188
0.00898919	0.00558776	0.00675864
0.00898919	0.00569889	0.00675864
0.00898919	0.00581001	0.00675864
0.0089892	0.00592113	0.00675864
0.0089892	0.00603226	0.00675864
0.0089892	0.00614342	0.00675864
0.00898922	0.00625462	0.00675864
0.00898923	0.00636592	0.00675863
0.00898497	0.00654741	0.00675025
0.00883281	0.00558776	0.00694593
0.0088328	0.00569889	0.00694594
0.0088328	0.00581001	0.00694594
0.0088328	0.00592113	0.00694594
0.0088328	0.00603226	0.00694594
0.00883282	0.00614342	0.00694593
0.00883283	0.00625464	0.00694593
0.00883284	0.00636597	0.00694593
0.00882646	0.00654516	0.00694091
0.00865986	0.00558778	0.00710248
0.00865989	0.0056989	0.00710246
0.00865989	0.00581002	0.00710246
0.00865989	0.00592114	0.00710246
0.00865994	0.00603226	0.00710243
0.0086591	0.00614338	0.00710299
0.00865898	0.00625457	0.00710307
0.00865899	0.00636582	0.00710306
0.0086485	0.00654761	0.00709888
0.00847097	0.00558776	0.00724152
0.00847097	0.00569889	0.00724153
0.00847097	0.00581001	0.00724153
0.00847097	0.00592113	0.00724153
0.00847108	0.00603229	0.00724148
0.00847206	0.00614348	0.00724096
0.00847244	0.00625467	0.00724075
0.00847227	0.006366	0.00724089
0.00846868	0.00654539	0.00723437
0.00828089	0.00558778	0.00735142
0.00828092	0.0056989	0.00735141
0.00828092	0.00581002	0.00735141
0.00828092	0.00592114	0.00735141
0.00828093	0.00603226	0.00735141
0.00828021	0.0061434	0.00735159
0.00827999	0.0062546	0.00735164
0.00828001	0.00636588	0.00735164
0.00827487	0.00654358	0.00734599
0.00808382	0.00558777	0.00744468
0.00808381	0.00569889	0.00744469
0.00808381	0.00581001	0.00744469
0.00808381	0.00592113	0.00744469
0.00808388	0.00603228	0.00744468
0.0080845	0.00614345	0.00744454
0.00808478	0.00625465	0.00744447
0.00808457	0.00636597	0.00744457
0.00808155	0.00654496	0.0074381
0.00788745	0.00558777	0.00751669
0.00788747	0.0056989	0.00751668
0.00788748	0.00581001	0.00751668
0.00788748	0.00592113	0.00751668
0.00788748	0.00603226	0.00751667
0.00788682	0.00614339	0.00751663
0.00788664	0.00625459	0.00751662
0.00788663	0.00636585	0.00751659
0.00788606	0.00654514	0.0075113
0.00769017	0.00558777	0.00757741
0.00769016	0.00569889	0.00757741
0.00769016	0.00581001	0.00757741
0.00769016	0.00592113	0.00757741
0.00769021	0.00603227	0.00757741
0.00769072	0.00614343	0.00757738
0.00769096	0.00625463	0.00757735
0.00769076	0.00636593	0.00757746
0.00768982	0.0065437	0.00757276
0.00749467	0.00558777	0.00762047
0.0074947	0.0056989	0.00762048
0.0074947	0.00581001	0.00762048
0.0074947	0.00592113	0.00762048
0.0074947	0.00603225	0.00762046
0.00749412	0.00614339	0.00762025
0.00749397	0.00625458	0.0076202
0.00749393	0.00636583	0.00762011
0.00749277	0.00654285	0.00761539
0.00730021	0.00558776	0.00765705
0.0073002	0.00569889	0.00765705
0.0073002	0.00581001	0.00765705
0.0073002	0.00592113	0.00765705
0.00730025	0.00603226	0.00765705
0.00730058	0.00614342	0.00765706
0.00730075	0.00625462	0.00765706
0.00730056	0.00636591	0.0076572
0.00729871	0.00654225	0.00765183
0.00710784	0.00558776	0.00767844
0.00710786	0.00569889	0.00767844
0.00710786	0.00581001	0.00767844
0.00710786	0.00592113	0.00767844
0.00710787	0.00603226	0.00767844
0.00710747	0.0061434	0.00767831
0.00710739	0.0062546	0.00767828
0.00710736	0.00636589	0.00767828
0.0071052	0.00654175	0.00767284
0.00691571	0.00558776	0.00768522
0.00691571	0.00569889	0.00768522
0.00691571	0.00581001	0.00768522
0.00691571	0.00592113	0.00768522
0.00691575	0.00603226	0.00768524
0.00691597	0.00614341	0.00768533
0.00691609	0.0062546	0.00768539
0.006916	0.00636587	0.00768538
0.00691522	0.0065413	0.00767992
0.00672615	0.00558776	0.0076808
0.00672616	0.00569889	0.0076808
0.00672606	0.00581001	0.0076808
0.00672605	0.00592113	0.00768079
0.00672605	0.00603226	0.00768079
0.00672585	0.00614341	0.00768079
0.00672583	0.00625461	0.00768079
0.00672578	0.00636593	0.00768095
0.00672646	0.00654207	0.00767347
0.00644671	0.00558776	0.00763633
0.00644671	0.00569889	0.00763633
0.00644671	0.00581001	0.00763633
0.00644672	0.00592113	0.00763633
0.00644672	0.00603226	0.00763634
0.00644674	0.00614341	0.00763636
0.00644676	0.0062546	0.00763638
0.00644679	0.00636589	0.0076364
0.00644672	0.00647899	0.00763511
0.00864365	0.00625459	0.00381194
0.00864351	0.00631022	0.00381187
0.00855395	0.00631076	0.00374622
0.00864352	0.0063659	0.00381187
0.0086435	0.00642167	0.00381189
0.00854966	0.00642175	0.00374515
0.00864322	0.00647816	0.00381199
0.00863667	0.00654676	0.00381682
0.0085425	0.00654749	0.0037504
0.00881971	0.00558776	0.00396561
0.00881971	0.00564333	0.00396561
0.00873378	0.00564334	0.00388602
0.00881971	0.00569889	0.00396561
0.00881971	0.00575445	0.00396561
0.00873378	0.00575446	0.00388602
0.00881971	0.00581001	0.00396561
0.00881971	0.00586557	0.00396561
0.00873378	0.00586558	0.00388602
0.00881971	0.00592113	0.00396561
0.00881971	0.00597669	0.00396561
0.00873378	0.0059767	0.00388602
0.00881972	0.00603226	0.00396561
0.00881972	0.00608783	0.00396561
0.00873378	0.00608784	0.00388602
0.00881972	0.00614341	0.00396561
0.00881973	0.006199	0.00396562
0.00873364	0.00619905	0.00388594
0.00881974	0.00625461	0.00396562
0.00881976	0.00631024	0.00396562
0.00873312	0.00631021	0.00388565
0.00881976	0.00636591	0.00396563
0.00881974	0.00642168	0.00396565
0.00873309	0.00642163	0.00388565
0.0088194	0.00647822	0.00396571
0.00881271	0.0065457	0.00397129
0.00872596	0.00654565	0.00389094
0.00898237	0.00558776	0.00414586
0.00898236	0.00564333	0.00414584
0.00890297	0.00564333	0.00405181
0.00898236	0.00569889	0.00414584
0.00898236	0.00575445	0.00414584
0.00890297	0.00575445	0.00405181
0.00898236	0.00581001	0.00414584
0.00898236	0.00586557	0.00414584
0.00890297	0.00586557	0.00405181
0.00898236	0.00592113	0.00414584
0.00898236	0.0059767	0.00414584
0.00890297	0.0059767	0.00405181
0.00898236	0.00603227	0.00414584
0.00898237	0.00608785	0.00414584
0.00890297	0.00608784	0.00405181
0.00898237	0.00614343	0.00414584
0.00898238	0.00619903	0.00414584
0.00890297	0.00619901	0.0040518
0.00898238	0.00625465	0.00414584
0.00898239	0.00631029	0.00414584
0.00890298	0.00631026	0.00405179
0.00898239	0.00636599	0.00414585
0.00898237	0.0064218	0.00414588
0.00890293	0.00642174	0.00405179
0.00898193	0.0064784	0.00414581
0.00897714	0.00654869	0.00415361
0.00889578	0.00654729	0.00405715
0.00912891	0.00558776	0.00435452
0.00912892	0.00564333	0.00435453
0.0090573	0.00564333	0.00424779
0.00912892	0.00569889	0.00435453
0.00912892	0.00575445	0.00435453
0.0090573	0.00575445	0.00424779
0.00912892	0.00581001	0.00435453
0.00912892	0.00586557	0.00435453
0.0090573	0.00586557	0.00424779
0.00912892	0.00592113	0.00435453
0.00912892	0.0059767	0.00435453
0.0090573	0.0059767	0.00424779
0.00912892	0.00603227	0.00435453
0.00912892	0.00608784	0.00435453
0.00905731	0.00608784	0.00424779
0.00912893	0.00614343	0.00435453
0.00912893	0.00619902	0.00435453
0.00905731	0.00619901	0.00424778
0.00912894	0.00625463	0.00435453
0.00912895	0.00631026	0.00435454
0.00905731	0.00631024	0.00424776
0.00912895	0.00636594	0.00435455
0.00912893	0.00642172	0.00435458
0.00905727	0.00642167	0.00424775
0.00912858	0.0064784	0.0043546
0.00912043	0.00654822	0.00436076
0.00905167	0.00654852	0.00425579
0.00925628	0.00558776	0.00458351
0.00925628	0.00564333	0.0045835
0.00919676	0.00564333	0.0044659
0.00925628	0.0056989	0.0045835
0.00925628	0.00575445	0.0045835
0.00919676	0.00575445	0.0044659
0.00925628	0.00581002	0.0045835
0.00925628	0.00586558	0.0045835
0.00919676	0.00586558	0.0044659
0.00925628	0.00592114	0.0045835
0.00925628	0.00597671	0.0045835
0.00919676	0.00597671	0.0044659
0.00925628	0.00603229	0.0045835
0.00925629	0.00608787	0.0045835
0.00919677	0.00608786	0.0044659
0.00925629	0.00614346	0.0045835
0.0092563	0.00619907	0.0045835
0.00919677	0.00619906	0.00446589
0.0092563	0.0062547	0.0045835
0.00925631	0.00631037	0.0045835
0.00919678	0.00631035	0.00446588
0.0092563	0.00636611	0.00458351
0.00925624	0.00642199	0.00458354
0.00919671	0.00642195	0.00446589
0.00925564	0.00647914	0.00458361
0.00924332	0.00654819	0.00458851
0.00918551	0.00654713	0.00447104
0.00934954	0.00558776	0.00483506
0.00934954	0.00564333	0.00483507
0.00930689	0.00564333	0.00470683
0.00934954	0.0056989	0.00483507
0.00934954	0.00575446	0.00483507
0.00930689	0.00575445	0.00470683
0.00934954	0.00581002	0.00483507
0.00934954	0.00586558	0.00483507
0.0093069	0.00586558	0.00470683
0.00934954	0.00592114	0.00483507
0.00934955	0.00597671	0.00483507
0.0093069	0.00597671	0.00470683
0.00934955	0.00603229	0.00483507
0.00934955	0.00608787	0.00483507
0.0093069	0.00608786	0.00470683
0.00934955	0.00614346	0.00483507
0.00934956	0.00619907	0.00483507
0.00930691	0.00619906	0.00470682
0.00934957	0.0062547	0.00483507
0.00934957	0.00631036	0.00483508
0.00930691	0.00631035	0.00470681
0.00934956	0.00636609	0.00483509
0.00934949	0.00642198	0.00483512
0.00930682	0.00642195	0.00470678
0.00934883	0.00647918	0.0048351
0.00933456	0.00655264	0.00483795
0.00929202	0.00655156	0.00471048
0.0094064	0.00558775	0.00510312
0.0094064	0.00564333	0.0051031
0.00938374	0.00564333	0.00496772
0.0094064	0.0056989	0.0051031
0.0094064	0.00575446	0.0051031
0.00938374	0.00575446	0.00496772
0.0094064	0.00581002	0.0051031
0.0094064	0.00586558	0.0051031
0.00938374	0.00586558	0.00496772
0.0094064	0.00592115	0.0051031
0.0094064	0.00597672	0.0051031
0.00938375	0.00597672	0.00496772
0.00940641	0.0060323	0.0051031
0.00940641	0.00608788	0.0051031
0.00938375	0.00608788	0.00496772
0.00940641	0.00614348	0.0051031
0.00940642	0.0061991	0.0051031
0.00938376	0.00619909	0.00496771
0.00940643	0.00625474	0.0051031
0.00940643	0.00631042	0.00510311
0.00938377	0.00631042	0.0049677
0.00940641	0.00636617	0.00510311
0.00940632	0.0064221	0.00510313
0.00938366	0.0064221	0.00496769
0.00940566	0.00647926	0.00510309
0.0093942	0.00654947	0.00510876
0.00937129	0.0065508	0.00497297
0.009421	0.00558775	0.00537958
0.009421	0.00564333	0.00537958
0.00941721	0.00564333	0.00524035
0.009421	0.0056989	0.00537958
0.009421	0.00575446	0.00537958
0.00941721	0.00575445	0.00524035
0.009421	0.00581002	0.00537958
0.009421	0.00586558	0.00537958
0.00941721	0.00586558	0.00524035
0.009421	0.00592114	0.00537958
0.009421	0.00597671	0.00537958
0.00941721	0.00597671	0.00524035
0.009421	0.00603228	0.00537958
0.009421	0.00608786	0.00537958
0.00941722	0.00608786	0.00524035
0.00942101	0.00614345	0.00537959
0.00942101	0.00619906	0.00537959
0.00941723	0.00619905	0.00524034
0.00942102	0.00625468	0.0053796
0.00942102	0.00631033	0.00537961
0.00941723	0.00631032	0.00524032
0.009421	0.00636603	0.00537962
0.00942093	0.00642188	0.00537966
0.00941715	0.00642187	0.00524028
0.00942018	0.00647913	0.00537986
0.00940454	0.00655012	0.00537955
0.00940259	0.00654943	0.00524287
0.00442007	0.00564334	0.00422606
0.00435865	0.00564333	0.00429765
0.00435865	0.00558777	0.00429766
0.00442007	0.00575446	0.00422606
0.00435865	0.00575445	0.00429765
0.00435865	0.00569889	0.00429765
0.00442007	0.00586557	0.00422606
0.00435865	0.00586556	0.00429765
0.00435865	0.00581	0.00429765
0.00442007	0.00597669	0.00422606
0.00435865	0.00597668	0.00429765
0.00435865	0.00592112	0.00429765
0.00442008	0.00608782	0.00422605
0.00435865	0.0060878	0.00429766
0.00435865	0.00603224	0.00429765
0.00442011	0.00619895	0.00422601
0.00435864	0.00619894	0.00429765
0.00435865	0.00614337	0.00429766
0.0044201	0.0063101	0.004226
0.00435864	0.00631009	0.00429765
0.00435864	0.00625451	0.00429765
0.00442013	0.00642134	0.004226
0.00435865	0.00642133	0.00429767
0.00435864	0.00636569	0.00429766
0.00442856	0.00653927	0.00423358
0.004366	0.00653897	0.00430496
0.00435895	0.00647745	0.00429783
0.00430038	0.00564333	0.00437375
0.00424609	0.00564333	0.00445419
0.00424609	0.00558777	0.0044542
0.00430038	0.00575445	0.00437375
0.00424609	0.00575445	0.00445419
0.00424609	0.00569889	0.00445419
0.00430038	0.00586556	0.00437375
0.00424609	0.00586556	0.00445419
0.00424609	0.00581001	0.00445419
0.00430038	0.00597668	0.00437375
0.00424609	0.00597668	0.00445419
0.00424609	0.00592112	0.00445419
0.00430038	0.0060878	0.00437375
0.00424609	0.00608781	0.00445419
0.00424609	0.00603224	0.00445419
0.00430038	0.00619894	0.00437375
0.00424608	0.00619895	0.00445419
0.00424609	0.00614337	0.00445419
0.00430037	0.0063101	0.00437374
0.00424608	0.00631011	0.00445419
0.00424608	0.00625452	0.00445419
0.0043004	0.00642133	0.00437375
0.00424609	0.00642136	0.00445421
0.00424608	0.00636571	0.0044542
0.00430679	0.00653973	0.00438007
0.00425233	0.00653963	0.00445884
0.00424631	0.0064774	0.00445434
0.00419639	0.00564333	0.00453899
0.00415221	0.00564333	0.00462732
0.0041522	0.00558777	0.00462733
0.00419639	0.00575445	0.00453899
0.00415221	0.00575445	0.00462732
0.00415221	0.00569889	0.00462732
0.00419639	0.00586556	0.00453899
0.00415221	0.00586556	0.00462732
0.00415221	0.00581001	0.00462732
0.00419638	0.00597668	0.00453899
0.00415221	0.00597668	0.00462732
0.00415221	0.00592112	0.00462732
0.00419638	0.00608781	0.00453899
0.0041522	0.00608781	0.00462732
0.0041522	0.00603225	0.00462732
0.00419638	0.00619895	0.00453899
0.0041522	0.00619895	0.00462732
0.0041522	0.00614338	0.00462732
0.00419638	0.00631012	0.00453899
0.00415219	0.00631013	0.00462732
0.00415219	0.00625454	0.00462732
0.0041964	0.00642137	0.00453899
0.00415221	0.00642139	0.00462735
0.00415219	0.00636574	0.00462733
0.00420284	0.00653897	0.00454275
0.004159	0.00653877	0.00463243
0.00415246	0.00647748	0.00462744
0.00411405	0.00564333	0.00471893
0.00408215	0.00564333	0.00481298
0.00408215	0.00558777	0.00481299
0.00411405	0.00575445	0.00471892
0.00408215	0.00575445	0.00481298
0.00408215	0.00569889	0.00481298
0.00411405	0.00586556	0.00471892
0.00408215	0.00586557	0.00481298
0.00408215	0.00581001	0.00481298
0.00411405	0.00597668	0.00471892
0.00408215	0.00597669	0.00481298
0.00408215	0.00592112	0.00481298
0.00411405	0.00608781	0.00471892
0.00408215	0.00608781	0.00481298
0.00408215	0.00603225	0.00481298
0.00411404	0.00619896	0.00471892
0.00408214	0.00619896	0.00481298
0.00408214	0.00614338	0.00481298
0.00411404	0.00631013	0.00471892
0.00408213	0.00631014	0.00481298
0.00408214	0.00625454	0.00481298
0.00411407	0.00642139	0.00471892
0.00408216	0.00642141	0.004813
0.00408213	0.00636575	0.00481299
0.00412252	0.00653882	0.00472317
0.00409087	0.00653943	0.00481511
0.00408243	0.00647753	0.00481306
0.00405689	0.00564333	0.00490907
0.00403414	0.00564333	0.00500575
0.00403414	0.00558777	0.00500575
0.00405689	0.00575445	0.00490907
0.00403414	0.00575445	0.00500575
0.00403414	0.00569889	0.00500575
0.00405689	0.00586556	0.00490907
0.00403414	0.00586556	0.00500575
0.00403414	0.00581001	0.00500575
0.00405689	0.00597668	0.00490907
0.00403414	0.00597668	0.00500576
0.00403414	0.00592112	0.00500575
0.00405689	0.0060878	0.00490906
0.00403414	0.00608781	0.00500576
0.00403414	0.00603224	0.00500576
0.00405688	0.00619894	0.00490906
0.00403413	0.00619894	0.00500576
0.00403414	0.00614337	0.00500576
0.00405688	0.00631009	0.00490905
0.00403413	0.0063101	0.00500576
0.00403413	0.00625452	0.00500576
0.0040569	0.00642131	0.00490904
0.00403414	0.00642133	0.00500579
0.00403413	0.0063657	0.00500577
0.00406416	0.00653996	0.00490968
0.004042	0.00654033	0.00500641
0.00403435	0.00647738	0.00500585
0.00401425	0.00564333	0.00510263
0.00400212	0.00564333	0.00520112
0.00400212	0.00558777	0.00520114
0.00401425	0.00575445	0.00510263
0.00400212	0.00575445	0.00520112
0.00400212	0.00569889	0.00520112
0.00401425	0.00586557	0.00510263
0.00400212	0.00586557	0.00520112
0.00400212	0.00581001	0.00520112
0.00401425	0.00597669	0.00510263
0.00400212	0.00597669	0.00520112
0.00400212	0.00592113	0.00520112
0.00401424	0.00608782	0.00510263
0.00400211	0.00608782	0.00520112
0.00400212	0.00603225	0.00520112
0.00401424	0.00619897	0.00510263
0.00400211	0.00619897	0.00520113
0.00400211	0.00614339	0.00520112
0.00401423	0.00631016	0.00510262
0.0040021	0.00631016	0.00520113
0.0040021	0.00625456	0.00520113
0.00401427	0.00642145	0.00510262
0.00400214	0.00642145	0.00520115
0.0040021	0.00636578	0.00520113
0.00402449	0.00653997	0.0051055
0.00401311	0.0065394	0.0052048
0.00400255	0.0064777	0.00520118
0.00399799	0.00564333	0.00530046
0.00399651	0.00564333	0.00540018
0.00399651	0.00558777	0.00540018
0.00399799	0.00575445	0.00530046
0.00399651	0.00575445	0.00540018
0.00399651	0.00569889	0.00540018
0.00399799	0.00586556	0.00530046
0.00399651	0.00586556	0.00540018
0.00399651	0.00581001	0.00540018
0.00399799	0.00597668	0.00530045
0.00399651	0.00597668	0.00540018
0.00399651	0.00592112	0.00540018
0.00399799	0.00608781	0.00530045
0.00399651	0.00608781	0.00540018
0.00399651	0.00603224	0.00540018
0.00399799	0.00619894	0.00530045
0.0039965	0.00619894	0.00540018
0.00399651	0.00614337	0.00540018
0.00399798	0.0063101	0.00530044
0.0039965	0.0063101	0.00540019
0.0039965	0.00625452	0.00540019
0.003998	0.00642133	0.00530043
0.00399652	0.00642132	0.00540022
0.0039965	0.00636569	0.0054002
0.00400802	0.00653888	0.00530401
0.00400593	0.00653852	0.00540307
0.00399679	0.00647739	0.00540024
0.00399791	0.00564333	0.00549963
0.00400221	0.00564333	0.00559893
0.00400221	0.00558778	0.00559892
0.00399791	0.00575445	0.00549963
0.00400221	0.00575445	0.00559893
0.00400221	0.00569889	0.00559893
0.00399791	0.00586556	0.00549963
0.00400221	0.00586556	0.00559893
0.00400221	0.00581001	0.00559893
0.0039979	0.00597668	0.00549963
0.00400221	0.00597668	0.00559893
0.00400221	0.00592112	0.00559893
0.0039979	0.00608781	0.00549963
0.00400221	0.00608781	0.00559893
0.00400221	0.00603224	0.00559893
0.0039979	0.00619895	0.00549963
0.00400221	0.00619894	0.00559894
0.00400221	0.00614337	0.00559893
0.00399789	0.0063101	0.00549962
0.0040022	0.0063101	0.00559894
0.0040022	0.00625452	0.00559894
0.00399791	0.00642132	0.00549961
0.00400222	0.00642132	0.00559897
0.0040022	0.00636569	0.00559895
0.00400707	0.00653854	0.00550118
0.00401175	0.00653922	0.0055995
0.00400251	0.00647741	0.00559901
0.00400917	0.00564333	0.00569738
0.00402193	0.00564333	0.00579549
0.00402193	0.00558777	0.0057955
0.00400917	0.00575445	0.00569738
0.00402193	0.00575445	0.00579549
0.00402193	0.00569889	0.00579549
0.00400917	0.00586557	0.00569738
0.00402193	0.00586557	0.00579549
0.00402193	0.00581001	0.00579549
0.00400917	0.00597669	0.00569738
0.00402193	0.00597669	0.00579549
0.00402193	0.00592112	0.00579549
0.00400917	0.00608782	0.00569738
0.00402193	0.00608781	0.00579549
0.00402193	0.00603225	0.00579549
0.00400916	0.00619896	0.00569737
0.00402192	0.00619896	0.0057955
0.00402192	0.00614338	0.0057955
0.00400916	0.00631013	0.00569737
0.00402192	0.00631013	0.00579551
0.00402192	0.00625454	0.0057955
0.00400919	0.00642139	0.00569737
0.00402195	0.00642139	0.00579552
0.00402192	0.00636574	0.00579551
0.00402226	0.00647756	0.00579555
0.00400953	0.00647756	0.00569735
0.0040198	0.00654058	0.00569679
0.00404025	0.00564333	0.00589245
0.00405872	0.00564333	0.00599062
0.00405872	0.00558778	0.00599059
0.00404025	0.00575445	0.00589245
0.00405872	0.00575445	0.00599062
0.00405872	0.00569889	0.00599062
0.00404025	0.00586556	0.00589245
0.00405872	0.00586556	0.00599062
0.00405872	0.00581	0.00599062
0.00404025	0.00597668	0.00589245
0.00405872	0.00597668	0.00599062
0.00405872	0.00592112	0.00599062
0.00404025	0.0060878	0.00589245
0.00405872	0.0060878	0.00599062
0.00405872	0.00603224	0.00599062
0.00404025	0.00619893	0.00589245
0.00405871	0.00619893	0.00599062
0.00405871	0.00614336	0.00599062
0.00404024	0.00631007	0.00589244
0.00405871	0.00631007	0.00599064
0.00405871	0.0062545	0.00599063
0.00404025	0.00642126	0.00589242
0.00405873	0.00642126	0.00599066
0.00405871	0.00636565	0.00599065
0.00405887	0.00647725	0.00599072
0.00404042	0.00647728	0.0058924
0.00404816	0.0065401	0.00589045
0.004077	0.00564333	0.00608956
0.00410109	0.00564333	0.006188
0.00410109	0.00558777	0.00618799
0.004077	0.00575445	0.00608956
0.00410109	0.00575445	0.006188
0.00410109	0.00569889	0.006188
0.004077	0.00586556	0.00608956
0.00410109	0.00586556	0.006188
0.00410109	0.00581001	0.006188
0.004077	0.00597669	0.00608956
0.00410109	0.00597668	0.006188
0.00410109	0.00592112	0.006188
0.004077	0.00608781	0.00608956
0.00410108	0.00608781	0.00618801
0.00410108	0.00603225	0.006188
0.004077	0.00619896	0.00608956
0.00410108	0.00619896	0.00618801
0.00410108	0.00614338	0.00618801
0.00407699	0.00631013	0.00608956
0.00410108	0.00631013	0.00618802
0.00410108	0.00625454	0.00618801
0.00407701	0.00642139	0.00608955
0.00410111	0.0064214	0.00618803
0.00410108	0.00636574	0.00618803
0.00410135	0.00647754	0.00618804
0.00407724	0.00647749	0.00608952
0.00408477	0.00653982	0.00608698
0.00413062	0.00564333	0.00628552
0.00416674	0.00564333	0.00638062
0.00416674	0.00558777	0.00638061
0.00413062	0.00575445	0.00628552
0.00416674	0.00575445	0.00638062
0.00416674	0.00569889	0.00638062
0.00413062	0.00586557	0.00628552
0.00416674	0.00586556	0.00638062
0.00416674	0.00581001	0.00638062
0.00413061	0.00597669	0.00628552
0.00416674	0.00597668	0.00638062
0.00416674	0.00592112	0.00638062
0.00413061	0.00608782	0.00628552
0.00416674	0.00608781	0.00638062
0.00416674	0.00603225	0.00638062
0.00413061	0.00619896	0.00628552
0.00416674	0.00619896	0.00638063
0.00416674	0.00614339	0.00638062
0.0041306	0.00631015	0.00628552
0.00416673	0.00631014	0.00638063
0.00416673	0.00625455	0.00638063
0.00413062	0.00642144	0.00628551
0.00416676	0.00642143	0.00638064
0.00416674	0.00636576	0.00638064
0.00416698	0.00647758	0.00638058
0.00413087	0.0064776	0.00628543
0.0041386	0.00653976	0.00628208
0.004209	0.00564333	0.00647303
0.00425627	0.00564333	0.00656191
0.00425626	0.00558778	0.00656189
0.004209	0.00575445	0.00647303
0.00425627	0.00575445	0.00656191
0.00425627	0.00569889	0.00656191
0.004209	0.00586556	0.00647303
0.00425627	0.00586556	0.00656191
0.00425627	0.00581001	0.00656191
0.004209	0.00597668	0.00647303
0.00425627	0.00597668	0.00656191
0.00425627	0.00592112	0.00656191
0.00420899	0.00608781	0.00647303
0.00425626	0.00608781	0.00656191
0.00425627	0.00603224	0.00656191
0.00420899	0.00619896	0.00647303
0.00425626	0.00619895	0.00656191
0.00425626	0.00614338	0.00656191
0.00420898	0.00631014	0.00647304
0.00425626	0.00631013	0.00656192
0.00425626	0.00625453	0.00656192
0.004209	0.00642141	0.00647302
0.00425628	0.00642139	0.00656192
0.00425626	0.00636574	0.00656192
0.00425645	0.0064775	0.00656188
0.00420916	0.00647752	0.00647292
0.00421532	0.00654034	0.0064687
0.00430801	0.00564333	0.00664728
0.00436714	0.00564334	0.00672492
0.00436716	0.00558776	0.00672494
0.00430801	0.00575445	0.00664728
0.00436714	0.00575446	0.00672492
0.00436714	0.00569888	0.00672492
0.00430801	0.00586557	0.00664728
0.00436714	0.00586558	0.00672492
0.00436714	0.00581	0.00672492
0.004308	0.00597669	0.00664728
0.00436714	0.0059767	0.00672492
0.00436714	0.00592112	0.00672492
0.004308	0.00608782	0.00664728
0.00436714	0.00608783	0.00672492
0.00436714	0.00603225	0.00672492
0.004308	0.00619898	0.00664729
0.00436714	0.006199	0.00672493
0.00436714	0.00614339	0.00672492
0.00430799	0.00631018	0.00664729
0.00436714	0.00631021	0.00672495
0.00436713	0.00625457	0.00672493
0.00430802	0.00642153	0.00664728
0.00436721	0.00642157	0.00672499
0.00436717	0.00636584	0.00672498
0.0043675	0.00647784	0.00672482
0.00430824	0.00647771	0.00664715
0.00431293	0.00653956	0.00664182
0.0094073	0.00558775	0.00565861
0.0094073	0.00564333	0.00565861
0.00941757	0.00564333	0.00552001
0.0094073	0.0056989	0.00565861
0.0094073	0.00575445	0.00565861
0.00941757	0.00575446	0.00552001
0.0094073	0.00581002	0.00565861
0.0094073	0.00586558	0.00565861
0.00941757	0.00586558	0.00552001
0.0094073	0.00592114	0.00565861
0.0094073	0.00597671	0.00565861
0.00941757	0.00597671	0.00552001
0.0094073	0.00603228	0.00565861
0.0094073	0.00608786	0.00565862
0.00941758	0.00608786	0.00552
0.00940731	0.00614345	0.00565862
0.00940731	0.00619905	0.00565862
0.00941758	0.00619905	0.00552
0.00940731	0.00625467	0.00565863
0.00940731	0.00631032	0.00565864
0.00941759	0.00631032	0.00551998
0.0094073	0.00636602	0.00565866
0.00940722	0.00642187	0.00565869
0.0094175	0.00642188	0.00551992
0.00940639	0.00647929	0.00565887
0.00938962	0.00655165	0.00565481
0.00940038	0.00655066	0.00551752
0.00936709	0.00558776	0.00592916
0.00936709	0.00564333	0.00592918
0.00939046	0.00564333	0.0057946
0.00936709	0.0056989	0.00592918
0.00936709	0.00575445	0.00592918
0.00939046	0.00575445	0.0057946
0.00936709	0.00581001	0.00592918
0.00936709	0.00586558	0.00592918
0.00939046	0.00586558	0.0057946
0.00936709	0.00592114	0.00592918
0.00936709	0.00597671	0.00592918
0.00939046	0.00597671	0.0057946
0.00936709	0.00603228	0.00592918
0.00936709	0.00608786	0.00592919
0.00939046	0.00608786	0.00579459
0.0093671	0.00614345	0.00592919
0.0093671	0.00619905	0.00592919
0.00939047	0.00619905	0.00579459
0.0093671	0.00625466	0.0059292
0.0093671	0.00631031	0.00592921
0.00939048	0.00631031	0.00579458
0.00936709	0.00636601	0.00592923
0.00936702	0.00642186	0.00592926
0.0093904	0.00642187	0.00579452
0.00938961	0.00647926	0.00579452
0.00936632	0.00647918	0.00592926
0.00935047	0.00655246	0.00592402
0.00929781	0.00558776	0.00618999
0.00929781	0.00564333	0.00618998
0.00933741	0.00564333	0.0060617
0.00929781	0.0056989	0.00618998
0.00929781	0.00575445	0.00618998
0.00933741	0.00575446	0.0060617
0.00929781	0.00581002	0.00618998
0.00929781	0.00586558	0.00618998
0.00933741	0.00586558	0.0060617
0.00929781	0.00592114	0.00618998
0.00929781	0.00597671	0.00618998
0.00933741	0.00597672	0.0060617
0.00929781	0.00603229	0.00618998
0.00929782	0.00608787	0.00618998
0.00933742	0.00608787	0.0060617
0.00929782	0.00614346	0.00618999
0.00929782	0.00619907	0.00618999
0.00933743	0.00619908	0.0060617
0.00929783	0.0062547	0.00618999
0.00929783	0.00631037	0.00619
0.00933744	0.00631039	0.00606169
0.00929782	0.0063661	0.00619001
0.00929775	0.00642199	0.00619001
0.00933735	0.00642204	0.00606166
0.00933671	0.00647926	0.00606154
0.00929726	0.00647899	0.00618984
0.0092855	0.00654812	0.00618941
0.00919312	0.00558776	0.00643264
0.00919311	0.00564333	0.00643266
0.0092488	0.00564333	0.00631335
0.00919311	0.00569889	0.00643266
0.00919311	0.00575445	0.00643266
0.00924881	0.00575445	0.00631335
0.00919311	0.00581001	0.00643266
0.00919311	0.00586557	0.00643266
0.00924881	0.00586558	0.00631335
0.00919311	0.00592114	0.00643266
0.00919311	0.0059767	0.00643266
0.00924881	0.00597671	0.00631335
0.00919311	0.00603227	0.00643266
0.00919311	0.00608785	0.00643266
0.00924881	0.00608786	0.00631335
0.00919312	0.00614344	0.00643266
0.00919312	0.00619903	0.00643267
0.00924882	0.00619904	0.00631335
0.00919312	0.00625465	0.00643267
0.00919312	0.00631029	0.00643268
0.00924884	0.00631031	0.00631334
0.00919311	0.00636599	0.00643269
0.00919306	0.00642179	0.0064327
0.00924879	0.00642183	0.00631331
0.00924844	0.00647866	0.00631313
0.00919266	0.00647855	0.00643273
0.00918268	0.0065484	0.00643014
0.00906301	0.00558776	0.00665623
0.00906301	0.00564333	0.00665623
0.00913117	0.00564333	0.00654749
0.00906301	0.00569889	0.00665623
0.00906301	0.00575445	0.00665623
0.00913117	0.00575445	0.00654749
0.00906301	0.00581001	0.00665623
0.00906301	0.00586557	0.00665623
0.00913117	0.00586557	0.00654749
0.00906301	0.00592113	0.00665623
0.00906302	0.0059767	0.00665623
0.00913117	0.0059767	0.00654749
0.00906302	0.00603227	0.00665623
0.00906302	0.00608785	0.00665624
0.00913118	0.00608785	0.00654749
0.00906302	0.00614343	0.00665624
0.00906302	0.00619903	0.00665624
0.00913119	0.00619904	0.00654749
0.00906302	0.00625464	0.00665625
0.00906303	0.00631029	0.00665626
0.0091312	0.00631031	0.00654749
0.00906302	0.00636598	0.00665626
0.00906298	0.00642179	0.00665625
0.00913117	0.00642183	0.00654745
0.00913081	0.00647857	0.00654738
0.00906248	0.00647852	0.00665638
0.00905668	0.00654835	0.00664769
0.00891231	0.00558776	0.00685516
0.0089123	0.00564333	0.00685518
0.00898919	0.00564333	0.00675864
0.0089123	0.00569889	0.00685517
0.0089123	0.00575445	0.00685517
0.00898919	0.00575445	0.00675864
0.0089123	0.00581001	0.00685517
0.0089123	0.00586557	0.00685518
0.0089892	0.00586557	0.00675864
0.0089123	0.00592113	0.00685518
0.0089123	0.00597669	0.00685518
0.0089892	0.0059767	0.00675864
0.0089123	0.00603226	0.00685518
0.0089123	0.00608783	0.00685518
0.0089892	0.00608784	0.00675864
0.0089123	0.00614341	0.00685518
0.0089123	0.006199	0.00685519
0.00898921	0.00619901	0.00675864
0.0089123	0.0062546	0.00685519
0.0089123	0.00631022	0.0068552
0.00898922	0.00631025	0.00675864
0.00891229	0.00636588	0.00685521
0.00891226	0.00642163	0.00685521
0.00898922	0.00642169	0.00675859
0.00898883	0.00647819	0.00675868
0.00891193	0.00647812	0.00685523
0.0089066	0.00654594	0.00684983
0.00874884	0.00558775	0.00702818
0.00874887	0.00564334	0.00702816
0.0088328	0.00564333	0.00694594
0.00874887	0.00569888	0.00702816
0.00874887	0.00575446	0.00702816
0.0088328	0.00575445	0.00694594
0.00874887	0.00581	0.00702816
0.00874887	0.00586558	0.00702816
0.0088328	0.00586557	0.00694594
0.00874887	0.00592112	0.00702816
0.00874887	0.00597671	0.00702817
0.0088328	0.0059767	0.00694594
0.00874889	0.00603225	0.00702815
0.00874872	0.00608789	0.00702825
0.00883281	0.00608784	0.00694594
0.00874833	0.00614345	0.00702848
0.00874819	0.00619901	0.00702856
0.00883283	0.00619902	0.00694593
0.0087482	0.00625462	0.00702856
0.0087482	0.00631026	0.00702857
0.00883284	0.00631028	0.00694593
0.0087482	0.00636594	0.00702857
0.00874816	0.00642174	0.00702856
0.00883281	0.00642178	0.00694591
0.00883244	0.00647835	0.00694586
0.00874785	0.00647835	0.00702843
0.00873972	0.00654598	0.00702424
0.00856723	0.00614335	0.00717389
0.00856746	0.00619901	0.00717379
0.00865896	0.00619898	0.00710308
0.00856744	0.00625457	0.00717381
0.00856741	0.00631024	0.00717383
0.00865899	0.00631018	0.00710307
0.00856732	0.00636586	0.00717387
0.00856726	0.00642163	0.0071739
0.00865899	0.00642153	0.00710304
0.00865877	0.00647802	0.00710294
0.00856695	0.00647813	0.00717384
0.00855931	0.00654696	0.00716859
0.00844953	0.00558777	0.00368528
0.00844954	0.00564333	0.00368529
0.0083527	0.00564334	0.00363171
0.00844954	0.00569889	0.00368529
0.00844954	0.00575445	0.00368529
0.00835267	0.00575446	0.00363171
0.00844954	0.00581001	0.00368529
0.00844954	0.00586557	0.00368529
0.00835257	0.00586557	0.0036317
0.00844954	0.00592113	0.00368529
0.00844954	0.0059767	0.00368529
0.00835257	0.0059767	0.0036317
0.00844954	0.00603227	0.00368529
0.00844954	0.00608784	0.00368528
0.00835257	0.00608784	0.00363169
0.00844964	0.00614344	0.00368531
0.00845114	0.0061992	0.00368569
0.00835139	0.00619918	0.00363151
0.00864431	0.00558778	0.00381261
0.00864433	0.00564333	0.00381263
0.00854889	0.00564333	0.00374531
0.00864433	0.0056989	0.00381263
0.00864433	0.00575444	0.00381263
0.00854889	0.00575445	0.00374531
0.00864433	0.00581002	0.00381263
0.00864433	0.00586556	0.00381263
0.00854889	0.00586557	0.00374531
0.00864433	0.00592114	0.00381263
0.00864433	0.00597669	0.00381263
0.00854889	0.0059767	0.00374531
0.00864434	0.00603228	0.00381263
0.00864434	0.00608784	0.00381263
0.00854889	0.00608785	0.00374531
0.0086444	0.00614343	0.00381264
0.00864415	0.00619901	0.00381235
0.00855036	0.00619875	0.00374549
0.00856666	0.00558777	0.00717406
0.00856664	0.00564333	0.00717407
0.00865989	0.00564333	0.00710246
0.00856665	0.0056989	0.00717407
0.00856665	0.00575445	0.00717407
0.00865989	0.00575444	0.00710246
0.00856665	0.00581001	0.00717407
0.00856665	0.00586557	0.00717407
0.00865989	0.00586556	0.00710246
0.00856665	0.00592113	0.00717407
0.00856664	0.0059767	0.00717408
0.00865989	0.00597669	0.00710246
0.00856673	0.00603224	0.00717403
0.00856689	0.00608777	0.007174
0.00865964	0.00608781	0.00710264
0.00837598	0.00558776	0.00730033
0.00837601	0.00564334	0.00730032
0.00847097	0.00564333	0.00724153
0.008376	0.00569889	0.00730032
0.008376	0.00575446	0.00730032
0.00847097	0.00575445	0.00724153
0.008376	0.00581	0.00730032
0.008376	0.00586558	0.00730032
0.00847097	0.00586557	0.00724153
0.008376	0.00592113	0.00730032
0.008376	0.0059767	0.00730032
0.00847096	0.0059767	0.00724154
0.00837604	0.00603228	0.0073003
0.00837593	0.00608789	0.00730031
0.00847141	0.00608787	0.00724132
0.0082551	0.00636617	0.00358327
0.00825621	0.00642163	0.0035835
0.00815886	0.00642169	0.00353931
0.00825581	0.00647866	0.00358398
0.0082514	0.00654799	0.00358977
0.00815507	0.00654728	0.00354486
0.00845207	0.00636592	0.00368592
0.00845095	0.00642171	0.00368568
0.0083523	0.00642164	0.00363172
0.00845044	0.00647857	0.00368587
0.00844459	0.00654761	0.00369255
0.00834707	0.00654804	0.00363911
0.00837567	0.00636595	0.00730027
0.00837564	0.00642174	0.00730027
0.00847224	0.0064218	0.00724088
0.00847173	0.00647865	0.00724064
0.00837517	0.00647872	0.00729972
0.00837192	0.00654442	0.00729415
0.00818333	0.00636591	0.00739975
0.00818326	0.00642168	0.00739976
0.00827999	0.00642163	0.00735163
0.00827958	0.00647851	0.00735108
0.00818284	0.00647858	0.00739924
0.00817811	0.00654361	0.00739419
0.00443424	0.0064216	0.00679525
0.0045088	0.00642165	0.00685897
0.00450876	0.00636589	0.00685899
0.00450958	0.00647837	0.00685815
0.00443481	0.00647812	0.00679488
0.00444204	0.00654054	0.00678873
0.00458955	0.00642154	0.0069149
0.00467024	0.00642149	0.0069647
0.00467019	0.00636578	0.00696471
0.00467082	0.00647813	0.00696384
0.0045902	0.00647819	0.006914
0.00459567	0.00654082	0.00690504
0.00837579	0.00614349	0.00730025
0.00837575	0.00619904	0.00730019
0.00847246	0.00619903	0.00724073
0.00837573	0.00625463	0.00730019
0.0083757	0.00631026	0.00730024
0.00847238	0.00631029	0.00724081
0.00818331	0.00614338	0.00739973
0.00818343	0.00619901	0.00739971
0.00828002	0.00619899	0.00735163
0.00818344	0.00625461	0.00739972
0.00818341	0.00631027	0.00739973
0.00828	0.00631023	0.00735164
0.00470203	0.00619895	0.00397767
0.00462717	0.00619896	0.00403172
0.00462718	0.00614339	0.00403172
0.00470204	0.00631012	0.00397766
0.00462716	0.00631014	0.00403171
0.00462717	0.00625454	0.00403172
0.00470211	0.0064214	0.00397767
0.0046272	0.00642146	0.00403175
0.00462717	0.00636576	0.00403172
0.00471078	0.00653969	0.00398736
0.00463625	0.00654018	0.00404145
0.00462819	0.00647809	0.00403282
0.00455433	0.00619896	0.00409294
0.00448501	0.00619895	0.00415822
0.004485	0.00614338	0.00415823
0.00455432	0.00631013	0.00409293
0.004485	0.00631011	0.00415822
0.00448501	0.00625454	0.00415822
0.00455437	0.00642144	0.00409295
0.00448502	0.00642138	0.00415822
0.004485	0.00636573	0.00415822
0.00456368	0.00654084	0.004102
0.0044941	0.00654057	0.0041664
0.00448573	0.00647781	0.00415866
0.0044342	0.00564333	0.00679511
0.0045088	0.00564333	0.0068589
0.0045088	0.00558778	0.00685891
0.00443421	0.00575444	0.00679511
0.0045088	0.00575445	0.0068589
0.0045088	0.00569889	0.0068589
0.0044342	0.00586556	0.00679511
0.0045088	0.00586557	0.0068589
0.0045088	0.00581001	0.0068589
0.0044342	0.00597668	0.00679511
0.0045088	0.00597669	0.0068589
0.0045088	0.00592113	0.0068589
0.0044342	0.00608782	0.00679511
0.00450879	0.00608783	0.0068589
0.0045088	0.00603226	0.0068589
0.0044342	0.00619899	0.00679511
0.00450879	0.006199	0.00685891
0.00450879	0.00614342	0.0068589
0.00443419	0.00631021	0.00679518
0.00450877	0.00631023	0.00685896
0.00450879	0.00625461	0.00685892
0.00458954	0.00564333	0.0069149
0.00467	0.00564334	0.00696466
0.00467002	0.00558776	0.00696466
0.00458954	0.00575445	0.0069149
0.00467	0.00575446	0.00696466
0.00467	0.00569889	0.00696466
0.00458954	0.00586557	0.0069149
0.00467	0.00586557	0.00696466
0.00467	0.00581	0.00696466
0.00458954	0.00597669	0.0069149
0.00467002	0.0059767	0.00696466
0.00467	0.00592112	0.00696466
0.00458953	0.00608782	0.0069149
0.00467007	0.00608782	0.00696466
0.00467005	0.00603225	0.00696466
0.00458953	0.00619898	0.00691491
0.00467006	0.00619897	0.00696467
0.00467006	0.00614339	0.00696467
0.00458952	0.00631019	0.00691492
0.00467009	0.00631017	0.00696469
0.00467005	0.00625455	0.00696467
0.00470204	0.00564334	0.00397772
0.00462719	0.00564333	0.00403176
0.00462718	0.00558777	0.00403177
0.00470204	0.00575445	0.00397772
0.00462719	0.00575445	0.00403176
0.00462719	0.00569889	0.00403176
0.00470204	0.00586557	0.00397772
0.00462719	0.00586556	0.00403176
0.00462719	0.00581001	0.00403176
0.00470205	0.00597669	0.00397771
0.00462719	0.00597668	0.00403176
0.00462719	0.00592112	0.00403176
0.00470207	0.00608781	0.00397768
0.00462718	0.00608782	0.00403174
0.00462718	0.00603225	0.00403176
0.00455434	0.00564333	0.00409297
0.00448497	0.00564333	0.00415831
0.00448499	0.00558778	0.00415828
0.00455434	0.00575445	0.00409297
0.00448497	0.00575444	0.00415831
0.00448497	0.0056989	0.00415831
0.00455434	0.00586556	0.00409297
0.00448497	0.00586556	0.00415831
0.00448497	0.00581001	0.00415831
0.00455434	0.00597668	0.00409297
0.00448497	0.00597668	0.00415831
0.00448497	0.00592113	0.00415831
0.00455433	0.00608781	0.00409296
0.00448498	0.0060878	0.00415828
0.00448497	0.00603225	0.0041583
0.00786227	0.00636578	0.00343365
0.00786215	0.00642146	0.00343366
0.00776607	0.00642154	0.00340237
0.00786194	0.0064785	0.00343418
0.00786018	0.00654475	0.00343843
0.00776462	0.00654417	0.00340713
0.00805859	0.00581001	0.00349939
0.00805859	0.00586557	0.00349939
0.00796036	0.00586557	0.00346435
0.00805859	0.00592113	0.00349939
0.00805859	0.0059767	0.00349939
0.00796036	0.0059767	0.00346435
0.00805859	0.00603226	0.00349939
0.00805859	0.00608784	0.00349939
0.00796033	0.00608784	0.00346435
0.0080586	0.00614342	0.00349939
0.0080586	0.00619901	0.00349939
0.00796025	0.006199	0.00346436
0.0080587	0.00625463	0.00349939
0.0080589	0.00631027	0.00349939
0.00796018	0.00631026	0.00346437
0.00805919	0.00636596	0.0034994
0.00805935	0.0064217	0.00349941
0.00795986	0.00642159	0.00346442
0.00805895	0.00647882	0.00349986
0.00805676	0.00654634	0.00350472
0.00795778	0.00654544	0.00346942
0.00825712	0.00581001	0.00358369
0.0082571	0.00586557	0.00358368
0.0081586	0.00586557	0.00353942
0.0082571	0.00592114	0.00358368
0.0082571	0.00597669	0.00358368
0.0081586	0.0059767	0.00353942
0.0082571	0.00603227	0.00358368
0.0082571	0.00608784	0.00358368
0.0081586	0.00608784	0.00353941
0.00825712	0.00614343	0.00358368
0.00825578	0.00619876	0.00358344
0.00815854	0.006199	0.0035394
0.008253	0.00625433	0.00358299
0.00825279	0.00631055	0.00358292
0.00815864	0.00631024	0.00353933
0.00818303	0.00558777	0.00739975
0.00818302	0.00564333	0.00739975
0.00828092	0.00564333	0.00735141
0.00818302	0.00569889	0.00739975
0.00818302	0.00575445	0.00739975
0.00828092	0.00575445	0.00735141
0.00818302	0.00581001	0.00739975
0.00818302	0.00586557	0.00739975
0.00828092	0.00586557	0.00735141
0.00818302	0.00592113	0.00739975
0.00818302	0.0059767	0.00739975
0.00828091	0.00597669	0.00735141
0.00818306	0.00603225	0.00739974
0.00818313	0.00608779	0.00739974
0.00828065	0.00608781	0.00735148
0.0079855	0.00558776	0.00748347
0.00798552	0.00564334	0.00748347
0.00808381	0.00564333	0.00744469
0.00798552	0.00569889	0.00748347
0.00798552	0.00575446	0.00748347
0.00808381	0.00575445	0.00744469
0.00798552	0.00581	0.00748347
0.00798552	0.00586557	0.00748347
0.00808381	0.00586557	0.00744469
0.00798552	0.00592113	0.00748347
0.00798552	0.0059767	0.00748347
0.00808381	0.0059767	0.00744469
0.00798554	0.00603227	0.00748346
0.00798544	0.00608788	0.00748345
0.00808407	0.00608786	0.00744464
0.00798514	0.00636592	0.00748342
0.00798512	0.00642169	0.00748342
0.00808455	0.00642176	0.00744457
0.00808406	0.00647892	0.00744396
0.00798478	0.00647901	0.00748267
0.00798405	0.00654569	0.00747699
0.00778879	0.00636587	0.00754804
0.00778873	0.0064216	0.00754805
0.00788661	0.00642157	0.00751659
0.00788649	0.00647884	0.00751586
0.00778856	0.0064788	0.00754741
0.00778763	0.00654419	0.00754352
0.00805861	0.00558777	0.00349941
0.00805861	0.00564333	0.00349941
0.00796028	0.00564334	0.00346439
0.00805862	0.00569889	0.00349941
0.00805861	0.00575445	0.0034994
0.00796031	0.00575445	0.00346437
0.00825724	0.00558778	0.00358372
0.00825726	0.00564333	0.00358372
0.00815863	0.00564333	0.00353944
0.00825726	0.0056989	0.00358372
0.0082572	0.00575444	0.00358371
0.00815861	0.00575444	0.00353943
0.00798529	0.00614347	0.00748338
0.00798525	0.00619902	0.00748333
0.00808476	0.00619903	0.00744446
0.00798523	0.00625462	0.00748333
0.00798518	0.00631024	0.00748338
0.0080847	0.00631029	0.00744452
0.0077888	0.00614338	0.00754806
0.0077889	0.006199	0.00754806
0.00788666	0.00619899	0.00751662
0.00778892	0.00625459	0.00754806
0.00778889	0.00631024	0.00754805
0.00788664	0.00631021	0.00751661
0.00747748	0.00636582	0.00332878
0.00747738	0.00642152	0.00332881
0.00738183	0.0064215	0.00331081
0.00747736	0.00647879	0.00332949
0.00747726	0.00654269	0.00333274
0.00738277	0.00654238	0.00331438
0.00767059	0.00636596	0.0033713
0.00767071	0.00642171	0.0033713
0.00757408	0.00642168	0.0033469
0.00767035	0.00647902	0.00337193
0.0076694	0.00654405	0.0033761
0.00757254	0.00654334	0.00335131
0.00759206	0.0063659	0.00760129
0.00759205	0.00642164	0.00760129
0.00769075	0.00642169	0.00757746
0.00769049	0.00647907	0.00757677
0.00759188	0.00647909	0.00760048
0.00759088	0.00654322	0.00759658
0.00739696	0.00636584	0.00763886
0.00739692	0.00642156	0.00763887
0.00749391	0.00642153	0.00762012
0.00749374	0.00647884	0.00761931
0.00739667	0.00647882	0.00763804
0.00739542	0.00654251	0.00763391
0.00767016	0.00614342	0.00337133
0.00767016	0.00619901	0.00337133
0.00757441	0.00619901	0.00334681
0.00767023	0.00625463	0.00337133
0.00767038	0.00631027	0.00337131
0.00757435	0.00631029	0.00334682
0.00786307	0.0061434	0.00343339
0.00786304	0.00619898	0.00343339
0.00776604	0.00619899	0.00340216
0.00786305	0.00625458	0.00343341
0.00786274	0.00631018	0.00343353
0.00776602	0.00631016	0.00340229
0.00501114	0.0064214	0.00378581
0.00493333	0.0064214	0.00383104
0.0049333	0.00636571	0.00383104
0.00501773	0.00653881	0.00379822
0.00494085	0.006539	0.00384397
0.00493453	0.00647815	0.00383304
0.00485622	0.00642136	0.0038802
0.00477883	0.00642134	0.00392925
0.0047788	0.00636568	0.00392927
0.00486406	0.00653939	0.00389146
0.00478686	0.00653966	0.00393917
0.00477996	0.00647795	0.00393054
0.00475109	0.00642152	0.0070093
0.00483504	0.00642152	0.00705092
0.004835	0.0063658	0.00705094
0.0048358	0.0064785	0.00704952
0.00475183	0.00647835	0.00700824
0.00475567	0.00654145	0.00700091
0.00492039	0.00642147	0.00708954
0.00500419	0.00642148	0.00712609
0.00500414	0.00636576	0.0071261
0.00500488	0.00647836	0.00712456
0.00492109	0.00647842	0.00708805
0.00492474	0.00654043	0.00707973
0.00778863	0.00558777	0.00754809
0.00778863	0.00564333	0.0075481
0.00788747	0.00564333	0.00751668
0.00778863	0.00569889	0.0075481
0.00778863	0.00575445	0.0075481
0.00788747	0.00575445	0.00751668
0.00778863	0.00581001	0.0075481
0.00778863	0.00586557	0.0075481
0.00788748	0.00586556	0.00751668
0.00778863	0.00592113	0.0075481
0.00778863	0.00597669	0.0075481
0.00788747	0.00597669	0.00751668
0.00778866	0.00603225	0.00754809
0.00778869	0.00608779	0.00754807
0.00788722	0.00608781	0.00751665
0.00759239	0.00558776	0.00760136
0.00759241	0.00564334	0.00760136
0.00769016	0.00564333	0.00757741
0.0075924	0.00569889	0.00760136
0.0075924	0.00575445	0.00760136
0.00769016	0.00575445	0.00757741
0.0075924	0.00581	0.00760136
0.0075924	0.00586557	0.00760136
0.00769016	0.00586557	0.00757741
0.00759241	0.00592112	0.00760136
0.0075924	0.0059767	0.00760136
0.00769016	0.00597669	0.00757741
0.00759242	0.00603226	0.00760136
0.00759233	0.00608786	0.00760133
0.00769038	0.00608785	0.00757741
0.00767017	0.00558776	0.00337139
0.00767016	0.00564333	0.00337139
0.00757441	0.00564334	0.00334687
0.00767015	0.00569889	0.00337139
0.00767015	0.00575445	0.00337139
0.00757441	0.00575445	0.00334687
0.00767015	0.00581001	0.00337139
0.00767015	0.00586557	0.00337139
0.00757441	0.00586557	0.00334687
0.00767015	0.00592113	0.00337139
0.00767015	0.00597669	0.00337139
0.00757438	0.0059767	0.00334688
0.00767016	0.00603226	0.00337138
0.00767016	0.00608784	0.00337136
0.00757436	0.00608783	0.00334686
0.00786303	0.00558777	0.00343336
0.00786306	0.00564333	0.00343336
0.00776606	0.00564333	0.00340213
0.00786308	0.0056989	0.00343336
0.00786312	0.00575445	0.00343335
0.00776608	0.00575445	0.00340213
0.00786318	0.00581002	0.00343335
0.00786321	0.00586556	0.00343334
0.0077661	0.00586557	0.00340212
0.00786321	0.00592113	0.00343334
0.00786322	0.00597669	0.00343334
0.00776611	0.00597669	0.00340212
0.00786321	0.00603226	0.00343334
0.00786315	0.00608782	0.00343337
0.00776607	0.00608782	0.00340215
0.00501105	0.00608781	0.00378586
0.0049333	0.0060878	0.00383106
0.0049333	0.00603224	0.00383106
0.00501105	0.00619894	0.00378585
0.00493329	0.00619894	0.00383105
0.0049333	0.00614337	0.00383106
0.00501104	0.0063101	0.00378583
0.00493329	0.0063101	0.00383104
0.00493329	0.00625452	0.00383105
0.00485615	0.0060878	0.00388018
0.00477877	0.0060878	0.00392923
0.00477878	0.00603224	0.00392923
0.00485614	0.00619894	0.00388018
0.00477871	0.00619893	0.00392925
0.00477874	0.00614337	0.00392924
0.00485616	0.00631008	0.0038802
0.00477874	0.00631008	0.00392926
0.00477871	0.00625451	0.00392925
0.00501105	0.00564334	0.00378588
0.0049333	0.00564333	0.00383108
0.00493329	0.00558777	0.00383108
0.00501105	0.00575445	0.00378588
0.0049333	0.00575445	0.00383108
0.0049333	0.00569889	0.00383108
0.00501106	0.00586557	0.00378587
0.0049333	0.00586556	0.00383108
0.0049333	0.00581	0.00383108
0.00501107	0.00597668	0.00378585
0.0049333	0.00597668	0.00383107
0.0049333	0.00592112	0.00383108
0.00485613	0.00564333	0.00388015
0.00477871	0.00564333	0.00392921
0.00477873	0.00558778	0.0039292
0.00485612	0.00575445	0.00388015
0.0047787	0.00575444	0.00392921
0.0047787	0.00569889	0.00392921
0.00485612	0.00586556	0.00388015
0.0047787	0.00586556	0.00392921
0.0047787	0.00581001	0.00392921
0.00485615	0.00597668	0.00388017
0.00477874	0.00597667	0.00392922
0.00477871	0.00592112	0.00392921
0.00759221	0.00614345	0.00760124
0.00759217	0.00619901	0.00760118
0.00769093	0.00619901	0.00757734
0.00759215	0.00625461	0.00760118
0.0075921	0.00631022	0.00760124
0.00769089	0.00631026	0.00757741
0.00739702	0.00614338	0.00763896
0.00739708	0.00619898	0.00763896
0.00749399	0.00619898	0.00762022
0.00739711	0.00625457	0.00763896
0.00739707	0.00631021	0.00763891
0.00749396	0.00631019	0.00762016
0.0072038	0.00636593	0.00767044
0.00720382	0.0064217	0.00767044
0.00730057	0.00642167	0.00765721
0.00730021	0.00647907	0.00765627
0.00720344	0.00647915	0.00766939
0.00720142	0.00654199	0.0076649
0.00701153	0.00636585	0.00768313
0.00701153	0.0064216	0.00768314
0.00710736	0.00642164	0.00767829
0.00710702	0.00647897	0.00767725
0.00701124	0.00647888	0.00768215
0.00700984	0.00654146	0.00767785
0.00709744	0.00636587	0.00326865
0.00709736	0.00642161	0.00326867
0.00700326	0.0064216	0.00326199
0.00709742	0.00647906	0.00326963
0.00709747	0.00654191	0.00327375
0.00700241	0.00654132	0.00326733
0.00728694	0.00636588	0.00329279
0.00728703	0.00642159	0.00329277
0.00719195	0.00642164	0.00327858
0.00728715	0.006479	0.00329347
0.00728858	0.00654252	0.00329655
0.00719296	0.00654237	0.00328295
0.00475091	0.00608782	0.00700928
0.00483496	0.00608782	0.00705091
0.00483496	0.00603225	0.00705091
0.00475091	0.00619897	0.00700928
0.00483496	0.00619897	0.00705092
0.00483496	0.00614339	0.00705091
0.00475095	0.00631017	0.00700931
0.00483498	0.00631016	0.00705094
0.00483496	0.00625456	0.00705092
0.00492029	0.00608782	0.00708959
0.00500398	0.00608782	0.00712611
0.00500398	0.00603224	0.00712611
0.00492028	0.00619897	0.0070896
0.00500402	0.00619897	0.00712611
0.00500401	0.00614338	0.00712611
0.00492031	0.00631016	0.00708959
0.00500404	0.00631015	0.00712611
0.00500399	0.00625454	0.00712611
0.00475083	0.00564333	0.00700926
0.00483494	0.00564333	0.0070509
0.00483494	0.00558777	0.0070509
0.00475083	0.00575445	0.00700926
0.00483494	0.00575445	0.0070509
0.00483494	0.00569889	0.0070509
0.00475083	0.00586556	0.00700926
0.00483494	0.00586557	0.0070509
0.00483494	0.00581001	0.0070509
0.00475086	0.00597668	0.00700927
0.00483495	0.00597668	0.00705091
0.00483494	0.00592113	0.0070509
0.00492026	0.00564333	0.0070896
0.00500394	0.00564334	0.00712611
0.00500395	0.00558776	0.00712611
0.00492026	0.00575445	0.0070896
0.00500394	0.00575445	0.00712611
0.00500394	0.00569889	0.00712611
0.00492026	0.00586557	0.0070896
0.00500395	0.00586557	0.00712611
0.00500394	0.00581	0.00712611
0.00492027	0.00597669	0.0070896
0.00500398	0.00597668	0.00712611
0.00500397	0.00592112	0.00712611
0.00728659	0.00603226	0.00329288
0.00728659	0.00608782	0.00329288
0.00719216	0.00608783	0.00327855
0.00728659	0.0061434	0.00329288
0.00728659	0.00619899	0.00329288
0.00719216	0.006199	0.00327855
0.00728665	0.0062546	0.00329287
0.00728678	0.00631023	0.00329283
0.00719213	0.00631026	0.00327854
0.00747803	0.00603226	0.00332843
0.00747805	0.00608783	0.00332843
0.00738181	0.00608782	0.0033106
0.0074781	0.00614341	0.00332842
0.00747813	0.00619899	0.00332841
0.00738183	0.00619898	0.00331059
0.00747814	0.00625459	0.00332843
0.00747788	0.0063102	0.00332859
0.00738181	0.00631015	0.00331073
0.00533067	0.00642142	0.00362576
0.00525028	0.00642139	0.00366407
0.00525024	0.0063657	0.0036641
0.00533476	0.00653867	0.00363795
0.00525473	0.0065386	0.00367621
0.00525116	0.00647824	0.00366636
0.00516993	0.00642138	0.00370368
0.00508997	0.00642137	0.00374419
0.00508993	0.0063657	0.00374421
0.00517466	0.00653872	0.00371427
0.0050953	0.00653884	0.00375483
0.00509104	0.00647812	0.00374619
0.00739697	0.00558776	0.00763907
0.00739697	0.00564333	0.00763907
0.0074947	0.00564333	0.00762048
0.00739698	0.00569889	0.00763907
0.00739698	0.00575445	0.00763907
0.0074947	0.00575445	0.00762048
0.00739698	0.00581001	0.00763907
0.00739698	0.00586557	0.00763907
0.0074947	0.00586556	0.00762048
0.00739698	0.00592113	0.00763907
0.00739697	0.00597669	0.00763907
0.0074947	0.00597669	0.00762048
0.007397	0.00603224	0.00763906
0.00739699	0.00608779	0.007639
0.00749447	0.00608781	0.00762036
0.00720404	0.00558775	0.00767043
0.00720405	0.00564333	0.00767043
0.0073002	0.00564333	0.00765705
0.00720405	0.00569889	0.00767043
0.00720405	0.00575445	0.00767043
0.0073002	0.00575445	0.00765705
0.00720405	0.00581001	0.00767043
0.00720405	0.00586557	0.00767043
0.0073002	0.00586557	0.00765705
0.00720405	0.00592113	0.00767043
0.00720405	0.0059767	0.00767043
0.0073002	0.00597669	0.00765705
0.00720407	0.00603226	0.00767043
0.00720401	0.00608786	0.0076704
0.00730037	0.00608784	0.00765706
0.00682049	0.00636592	0.00768489
0.0068205	0.0064217	0.00768489
0.00691603	0.00642162	0.0076854
0.00691585	0.00647898	0.00768428
0.0068205	0.00647918	0.00768353
0.00682053	0.0065416	0.00767852
0.00663228	0.00636592	0.00767125
0.00663229	0.00642172	0.00767126
0.00672577	0.00642173	0.00768094
0.00672587	0.00647932	0.00767945
0.00663227	0.00647924	0.00766975
0.00663233	0.00654189	0.00766355
0.00672175	0.00636584	0.00326026
0.00672174	0.00642159	0.00326026
0.00662938	0.00642159	0.0032649
0.00672159	0.00647902	0.00326148
0.00672086	0.0065412	0.00326596
0.00662844	0.00654095	0.00327135
0.0069092	0.00636588	0.00325848
0.00690928	0.00642161	0.00325844
0.00681517	0.0064216	0.00325798
0.00690905	0.00647898	0.00325952
0.00690838	0.00654113	0.00326363
0.00681421	0.0065412	0.0032632
0.0072866	0.00558776	0.0032929
0.0072866	0.00564333	0.0032929
0.00719216	0.00564333	0.00327857
0.00728659	0.00569889	0.0032929
0.00728659	0.00575445	0.0032929
0.00719216	0.00575445	0.00327858
0.00728659	0.00581001	0.0032929
0.00728659	0.00586557	0.0032929
0.00719216	0.00586557	0.00327858
0.0072866	0.00592113	0.0032929
0.0072866	0.00597669	0.00329289
0.00719217	0.00597669	0.00327856
0.00747812	0.00558777	0.00332838
0.00747814	0.00564333	0.00332837
0.00738184	0.00564333	0.00331055
0.00747814	0.0056989	0.00332837
0.00747814	0.00575445	0.00332837
0.00738184	0.00575445	0.00331055
0.00747814	0.00581001	0.00332837
0.00747814	0.00586556	0.00332837
0.00738184	0.00586557	0.00331055
0.00747814	0.00592113	0.00332838
0.00747809	0.00597669	0.00332841
0.00738182	0.00597668	0.00331058
0.00720392	0.00614344	0.00767033
0.00720389	0.00619901	0.00767029
0.00730071	0.006199	0.00765705
0.00720389	0.00625462	0.00767029
0.00720384	0.00631024	0.00767037
0.00730068	0.00631024	0.00765714
0.00701152	0.00614339	0.0076831
0.00701156	0.00619899	0.00768312
0.00710739	0.00619899	0.00767828
0.0070116	0.00625458	0.00768314
0.00701158	0.00631021	0.00768315
0.00710738	0.00631023	0.00767829
0.00653783	0.00636586	0.00327221
0.00653786	0.00642161	0.00327218
0.00644613	0.00642159	0.00328329
0.0065377	0.00647899	0.00327369
0.00653708	0.00654068	0.00327925
0.00644563	0.00654067	0.00329071
0.0063546	0.00642152	0.00329795
0.00626568	0.00642149	0.00331271
0.00626534	0.00636564	0.00331304
0.00635474	0.00654083	0.00330516
0.00626581	0.00654118	0.00331975
0.00626575	0.00647886	0.00331412
0.00533059	0.00597668	0.00362578
0.00525021	0.00597668	0.00366408
0.00525021	0.00592112	0.00366408
0.00533059	0.0060878	0.00362578
0.00525021	0.0060878	0.00366408
0.00525021	0.00603224	0.00366408
0.00533059	0.00619894	0.00362578
0.00525021	0.00619894	0.00366408
0.00525021	0.00614337	0.00366408
0.00533059	0.0063101	0.0036258
0.00525021	0.00631009	0.00366409
0.00525021	0.00625451	0.00366408
0.00516986	0.00597668	0.00370369
0.0050899	0.00597668	0.00374419
0.00508991	0.00592112	0.00374419
0.00516985	0.0060878	0.0037037
0.00508986	0.0060878	0.00374422
0.00508988	0.00603225	0.00374421
0.00516984	0.00619893	0.00370369
0.00508986	0.00619894	0.00374421
0.00508986	0.00614337	0.00374421
0.00516986	0.00631009	0.00370369
0.00508988	0.00631009	0.00374421
0.00508985	0.00625452	0.00374421
0.00626449	0.00642149	0.0075859
0.00635444	0.00642162	0.00761361
0.00635442	0.00636587	0.0076136
0.00635443	0.00647884	0.00761242
0.00626465	0.00647866	0.00758477
0.00626548	0.00653998	0.00758081
0.00644681	0.00642165	0.00763642
0.00653971	0.00642168	0.00765571
0.00653967	0.0063659	0.00765568
0.00644566	0.0065403	0.00763055
0.00653877	0.00654101	0.0076489
0.00653962	0.00647909	0.00765425
0.00599775	0.00642169	0.00336533
0.00591203	0.00642167	0.00338947
0.0059118	0.00636584	0.00338978
0.00600051	0.0065406	0.00337575
0.00591513	0.00654011	0.00340191
0.00591272	0.00647895	0.00339222
0.00582679	0.0064216	0.00342041
0.00574277	0.00642146	0.0034541
0.00574274	0.00636573	0.00345415
0.00583018	0.00653978	0.00343357
0.00574558	0.00653942	0.00346664
0.00574339	0.0064786	0.00345681
0.00565957	0.00642141	0.00348825
0.00557641	0.00642141	0.00352142
0.00557638	0.00636571	0.00352148
0.0056617	0.00653915	0.00349944
0.00557841	0.00653908	0.00353111
0.00557692	0.00647845	0.00352357
0.00549341	0.00642143	0.0035542
0.00541137	0.00642143	0.00358885
0.00541134	0.00636573	0.00358888
0.00549607	0.00653903	0.00356342
0.0054148	0.00653889	0.00359934
0.00541215	0.00647835	0.0035911
0.00533059	0.00564333	0.00362577
0.0052502	0.00564333	0.00366407
0.0052502	0.00558777	0.00366407
0.0053306	0.00575445	0.00362576
0.00525021	0.00575445	0.00366407
0.00525021	0.00569889	0.00366407
0.00533061	0.00586556	0.00362575
0.00525021	0.00586556	0.00366408
0.0052502	0.00581	0.00366407
0.00516984	0.00564333	0.00370368
0.00508986	0.00564333	0.0037442
0.00508987	0.00558777	0.00374419
0.00516984	0.00575445	0.00370368
0.00508986	0.00575445	0.0037442
0.00508986	0.00569889	0.0037442
0.00516986	0.00586556	0.00370368
0.00508988	0.00586556	0.00374419
0.00508986	0.00581001	0.0037442
0.00508695	0.00642152	0.0071606
0.00517123	0.00642149	0.00719205
0.00517121	0.00636578	0.00719207
0.00517203	0.00647876	0.00719037
0.00508783	0.00647862	0.00715896
0.00509103	0.00654029	0.00715132
0.00525579	0.00642143	0.00722117
0.00533902	0.00642137	0.00725077
0.00533899	0.00636569	0.00725074
0.00533975	0.00647848	0.00724917
0.0052565	0.00647864	0.00721958
0.00525902	0.00654003	0.00721419
0.00591864	0.00642144	0.00746862
0.00600389	0.00642141	0.00749759
0.00600387	0.00636573	0.00749756
0.00600404	0.00647866	0.00749597
0.00591879	0.00647869	0.00746686
0.00591913	0.00653995	0.00746045
0.00609027	0.00642138	0.00752536
0.00617703	0.0064214	0.00755495
0.00617702	0.00636573	0.00755492
0.00617726	0.00647863	0.00755374
0.00609043	0.00647862	0.00752392
0.0060909	0.00653984	0.00751908
0.00690897	0.00603225	0.0032586
0.00690897	0.00608782	0.0032586
0.00681523	0.00608782	0.00325798
0.00690897	0.0061434	0.0032586
0.00690898	0.00619898	0.0032586
0.00681523	0.00619898	0.00325798
0.00690902	0.00625459	0.00325858
0.00690909	0.00631022	0.00325853
0.00681522	0.00631022	0.00325797
0.00709781	0.00603226	0.00326859
0.00709783	0.00608783	0.00326858
0.00700321	0.00608783	0.0032621
0.00709783	0.00614341	0.00326858
0.00709783	0.00619899	0.00326858
0.00700321	0.00619899	0.0032621
0.00709784	0.0062546	0.00326858
0.00709768	0.00631023	0.0032686
0.00700322	0.00631019	0.00326205
0.00701149	0.00558776	0.00768306
0.00701149	0.00564333	0.00768306
0.00710786	0.00564333	0.00767844
0.00701149	0.00569889	0.00768306
0.00701149	0.00575445	0.00768306
0.00710786	0.00575445	0.00767844
0.00701149	0.00581001	0.00768306
0.00701149	0.00586557	0.00768306
0.00710786	0.00586557	0.00767844
0.00701149	0.00592113	0.00768306
0.00701149	0.00597669	0.00768306
0.00710786	0.00597669	0.00767844
0.00701152	0.00603224	0.00768307
0.00701152	0.0060878	0.00768308
0.00710771	0.00608782	0.00767839
0.00682064	0.00558775	0.00768495
0.00682065	0.00564333	0.00768495
0.00691571	0.00564333	0.00768522
0.00682065	0.00569889	0.00768495
0.00682063	0.00575446	0.00768494
0.00691571	0.00575445	0.00768522
0.00682059	0.00581001	0.00768492
0.00682058	0.00586557	0.00768491
0.00691571	0.00586557	0.00768522
0.00682058	0.00592113	0.00768491
0.00682058	0.00597669	0.00768491
0.00691571	0.00597669	0.00768522
0.0068206	0.00603226	0.00768492
0.00682058	0.00608785	0.00768491
0.00691584	0.00608783	0.00768528
0.00682054	0.00614342	0.00768489
0.00682053	0.006199	0.00768488
0.00691604	0.00619899	0.00768537
0.00682055	0.00625461	0.00768489
0.00682051	0.00631023	0.00768489
0.00691605	0.00631022	0.00768539
0.00663227	0.00614341	0.007671
0.00663229	0.006199	0.00767102
0.00672582	0.006199	0.00768077
0.00663231	0.00625461	0.00767106
0.0066323	0.00631024	0.00767117
0.00672581	0.00631026	0.00768089
0.00690898	0.00558776	0.00325861
0.00690898	0.00564333	0.00325861
0.00681523	0.00564333	0.00325799
0.00690898	0.00569889	0.00325861
0.00690898	0.00575445	0.00325861
0.00681523	0.00575445	0.00325799
0.00690898	0.00581001	0.00325861
0.00690898	0.00586557	0.00325861
0.00681523	0.00586557	0.00325799
0.00690898	0.00592112	0.00325861
0.00690898	0.00597669	0.00325861
0.00681524	0.00597669	0.00325798
0.00709781	0.00558776	0.00326859
0.00709783	0.00564333	0.00326859
0.00700322	0.00564333	0.00326211
0.00709783	0.00569889	0.00326859
0.00709783	0.00575445	0.00326859
0.00700322	0.00575445	0.00326211
0.00709783	0.00581001	0.00326859
0.00709783	0.00586557	0.00326859
0.00700322	0.00586557	0.00326211
0.00709784	0.00592113	0.00326859
0.00709783	0.00597669	0.00326859
0.00700321	0.00597669	0.00326211
0.00582586	0.00619898	0.00342184
0.00574274	0.00619894	0.00345413
0.00574272	0.00614337	0.00345416
0.00582608	0.00631027	0.00342146
0.00574273	0.0063101	0.00345414
0.00574274	0.00625452	0.00345413
0.00565943	0.00586556	0.00348838
0.00557635	0.00586556	0.00352142
0.00557635	0.00581	0.00352142
0.00565943	0.00597668	0.00348838
0.00557635	0.00597668	0.00352142
0.00557635	0.00592112	0.00352142
0.00565945	0.00608781	0.00348835
0.00557635	0.0060878	0.00352142
0.00557635	0.00603224	0.00352142
0.0056595	0.00619893	0.00348826
0.00557635	0.00619893	0.00352142
0.00557635	0.00614337	0.00352142
0.00565951	0.00631008	0.0034883
0.00557636	0.00631009	0.00352145
0.00557635	0.00625451	0.00352142
0.00549338	0.00586556	0.00355426
0.00541136	0.00586556	0.00358888
0.00541137	0.00581	0.00358887
0.00549337	0.00597668	0.00355427
0.00541133	0.00597668	0.00358891
0.00541135	0.00592112	0.0035889
0.00549337	0.0060878	0.00355427
0.00541133	0.0060878	0.00358891
0.00541133	0.00603224	0.00358891
0.00549337	0.00619894	0.00355427
0.00541133	0.00619894	0.00358891
0.00541133	0.00614337	0.00358891
0.00549337	0.0063101	0.00355424
0.00541132	0.0063101	0.0035889
0.00541132	0.00625452	0.00358891
0.0062646	0.00619896	0.00758586
0.00635449	0.00619898	0.0076135
0.00635449	0.0061434	0.0076135
0.00626455	0.00631015	0.00758591
0.00635446	0.00631021	0.00761357
0.0063545	0.00625458	0.00761351
0.00644675	0.00619899	0.00763637
0.00653958	0.00619899	0.00765559
0.00653956	0.00614341	0.00765557
0.00644677	0.00631022	0.00763639
0.00653963	0.00631023	0.00765565
0.00653961	0.00625461	0.00765562
0.00653773	0.00603225	0.00327234
0.00653773	0.00608782	0.00327234
0.00644607	0.00608782	0.00328341
0.00653774	0.0061434	0.00327234
0.00653774	0.00619898	0.00327234
0.00644607	0.00619897	0.00328341
0.00653775	0.00625458	0.00327232
0.00653778	0.0063102	0.00327226
0.00644609	0.00631019	0.00328336
0.00672196	0.00603225	0.00326019
0.00672197	0.00608782	0.00326018
0.00662943	0.00608782	0.00326493
0.00672197	0.0061434	0.00326018
0.00672198	0.00619898	0.00326018
0.00662944	0.00619898	0.00326492
0.00672198	0.00625458	0.00326018
0.00672188	0.0063102	0.00326021
0.0066294	0.00631018	0.00326492
0.00635463	0.00608781	0.00329789
0.00626525	0.00608789	0.00331309
0.00626526	0.00603216	0.00331309
0.00635464	0.00619896	0.00329788
0.00626446	0.00619895	0.00331372
0.0062647	0.00614344	0.00331353
0.00635462	0.00631017	0.00329792
0.00626476	0.00631002	0.0033135
0.0062645	0.00625452	0.00331369
0.00617561	0.00619895	0.0033296
0.00608822	0.00619899	0.00334512
0.00608771	0.00614327	0.00334544
0.00617594	0.00631015	0.00332932
0.00608765	0.00631032	0.00334546
0.00608821	0.00625458	0.00334512
0.0058259	0.00564335	0.00342177
0.00574274	0.00564333	0.00345413
0.00574274	0.00558776	0.00345413
0.00582611	0.00575454	0.00342142
0.00574271	0.00575445	0.00345418
0.00574273	0.00569889	0.00345414
0.00565949	0.00564333	0.00348822
0.00557634	0.00564333	0.00352138
0.00557634	0.00558777	0.00352138
0.00565947	0.00575444	0.00348828
0.00557634	0.00575445	0.00352141
0.00557634	0.00569889	0.00352139
0.00549337	0.00564333	0.00355428
0.00541134	0.00564333	0.00358892
0.00541134	0.00558777	0.00358891
0.00549338	0.00575445	0.00355426
0.00541136	0.00575444	0.00358889
0.00541134	0.00569889	0.00358892
0.00542096	0.00642138	0.00728227
0.00550281	0.00642147	0.00731501
0.00550279	0.00636576	0.007315
0.0055037	0.00647869	0.00731282
0.00542178	0.00647854	0.00728047
0.00542454	0.00653941	0.00727413
0.00558485	0.00642151	0.0073476
0.00566747	0.00642148	0.00737833
0.00566743	0.00636576	0.00737831
0.00566812	0.00647871	0.00737618
0.00558568	0.00647872	0.00734531
0.00558831	0.00653943	0.00733792
0.00575069	0.00642145	0.00740771
0.00583447	0.00642144	0.00743795
0.00583443	0.00636574	0.00743789
0.00583473	0.00647868	0.00743604
0.00575115	0.0064787	0.00740567
0.00575245	0.00653956	0.00739923
0.00626462	0.00586556	0.00758582
0.00635452	0.00586557	0.00761346
0.00635452	0.00581001	0.00761346
0.00626461	0.00597669	0.0075858
0.00635452	0.00597669	0.00761346
0.00635452	0.00592113	0.00761346
0.00626459	0.00608781	0.00758579
0.00635451	0.00608783	0.00761349
0.00635452	0.00603225	0.00761347
0.00663231	0.00581001	0.00767089
0.00663231	0.00586557	0.00767089
0.00672605	0.00586557	0.00768079
0.00663231	0.00592113	0.00767089
0.00663231	0.00597669	0.00767089
0.00672605	0.00597669	0.00768079
0.00663232	0.00603225	0.00767091
0.00663229	0.00608782	0.00767095
0.00672597	0.00608783	0.0076808
0.00644672	0.00586557	0.00763633
0.00653948	0.00586557	0.00765549
0.00653948	0.00581001	0.00765549
0.00644672	0.00597669	0.00763633
0.00653948	0.00597669	0.00765549
0.00653948	0.00592113	0.00765549
0.00644673	0.00608783	0.00763635
0.00653952	0.00608783	0.00765553
0.00653949	0.00603226	0.0076555
0.00644606	0.00558776	0.00328344
0.00653773	0.00558776	0.00327236
0.00653773	0.00564333	0.00327236
0.00653773	0.00569889	0.00327236
0.00653773	0.00575445	0.00327236
0.00644607	0.00575445	0.00328344
0.00653773	0.00581001	0.00327236
0.00653773	0.00586556	0.00327236
0.00644607	0.00586556	0.00328344
0.00653773	0.00592113	0.00327236
0.00653773	0.00597669	0.00327235
0.00644607	0.00597669	0.00328342
0.00672198	0.00558776	0.00326018
0.00672198	0.00564333	0.00326018
0.00662945	0.00564333	0.00326492
0.00672198	0.00569889	0.00326018
0.00672198	0.00575445	0.00326018
0.00662945	0.00575445	0.00326492
0.00672198	0.00581001	0.00326018
0.00672198	0.00586556	0.00326018
0.00662945	0.00586556	0.00326492
0.00672199	0.00592113	0.00326018
0.00672198	0.00597669	0.00326018
0.00662944	0.00597668	0.00326493
0.00635465	0.00564333	0.00329786
0.00626447	0.00564333	0.00331369
0.00626448	0.00558776	0.00331369
0.00635465	0.00575445	0.00329786
0.00626447	0.00575445	0.00331369
0.00626447	0.00569889	0.00331369
0.00635465	0.00586556	0.00329786
0.00626447	0.00586556	0.00331369
0.00626447	0.00581	0.00331369
0.00635465	0.00597669	0.00329787
0.00626471	0.00597662	0.00331351
0.00626448	0.00592112	0.00331369
0.0061756	0.00564333	0.00332959
0.00608817	0.00564334	0.00334514
0.00608814	0.00558775	0.00334514
0.0061756	0.00575445	0.00332959
0.0060879	0.00575452	0.00334532
0.00608817	0.00569889	0.00334514
0.00617561	0.00586556	0.00332958
0.00608712	0.00586556	0.00334582
0.00608736	0.00581006	0.00334566
0.00617586	0.00597673	0.00332938
0.00608691	0.00597673	0.00334595
0.00608713	0.00592112	0.00334582
0.00599899	0.00586556	0.00336485
0.00591205	0.00586556	0.00338969
0.00591186	0.00580995	0.00339
0.00599878	0.00597663	0.00336498
0.00591206	0.00597669	0.00338968
0.00591206	0.00592112	0.00338968
0.00599847	0.00608796	0.00336514
0.00591184	0.00608787	0.00339003
0.00591205	0.00603226	0.0033897
0.00582673	0.00586557	0.00342045
0.00574264	0.00586556	0.00345429
0.00574267	0.00581001	0.00345425
0.00582673	0.00597668	0.00342045
0.00574265	0.00597668	0.00345429
0.00574265	0.00592112	0.00345429
0.00582652	0.00608774	0.00342075
0.00574267	0.0060878	0.00345425
0.00574264	0.00603224	0.00345429
0.00508686	0.00619896	0.00716056
0.00517117	0.00619896	0.00719201
0.00517117	0.00614338	0.00719201
0.00508686	0.00631016	0.0071606
0.0051712	0.00631014	0.00719205
0.00517117	0.00625455	0.00719202
0.00525566	0.00619895	0.00722134
0.00533885	0.00619893	0.00725089
0.00533886	0.00614336	0.00725089
0.00525571	0.00631012	0.00722124
0.0053389	0.00631009	0.00725079
0.00533883	0.0062545	0.00725087
0.00591869	0.00608781	0.00746859
0.00600389	0.0060878	0.0074975
0.0060039	0.00603224	0.00749751
0.00591869	0.00619895	0.00746859
0.00600389	0.00619894	0.00749751
0.00600389	0.00614337	0.00749751
0.00591867	0.00631012	0.00746864
0.00600389	0.00631011	0.00749754
0.0060039	0.00625452	0.00749752
0.00609035	0.00564333	0.00752567
0.00617693	0.00564333	0.00755499
0.00617693	0.00558776	0.00755498
0.00609032	0.00575446	0.00752564
0.00617696	0.00575445	0.00755506
0.00617694	0.00569889	0.00755501
0.00609025	0.0060878	0.00752555
0.00617702	0.00608781	0.00755518
0.00617701	0.00603224	0.00755516
0.00609026	0.00619894	0.00752557
0.00617706	0.00619894	0.00755526
0.00617705	0.00614338	0.00755523
0.00609026	0.00631009	0.00752542
0.00617705	0.00631012	0.00755509
0.00617707	0.00625453	0.00755526
0.00626457	0.00564333	0.00758561
0.00635455	0.00564333	0.00761343
0.00635455	0.00558776	0.00761343
0.00626458	0.00575444	0.00758568
0.00635454	0.00575445	0.00761345
0.00635455	0.00569889	0.00761344
0.00663235	0.00558776	0.00767086
0.00663236	0.00564333	0.00767086
0.00672616	0.00564333	0.0076808
0.00663235	0.00569889	0.00767087
0.00663233	0.00575444	0.00767088
0.00672612	0.00575445	0.0076808
0.00644671	0.00564333	0.00763633
0.00653948	0.00564333	0.00765548
0.00653948	0.00558776	0.00765548
0.00644671	0.00575445	0.00763633
0.00653948	0.00575445	0.00765548
0.00653948	0.00569889	0.00765548
0.00508684	0.00597668	0.00716054
0.00517117	0.00597668	0.00719199
0.00517118	0.00592113	0.00719199
0.00508681	0.00608781	0.00716054
0.00517117	0.00608781	0.007192
0.00517116	0.00603225	0.00719199
0.00525564	0.00597668	0.00722138
0.00533884	0.00597668	0.00725093
0.00533884	0.00592112	0.00725093
0.00525565	0.00608781	0.00722135
0.00533886	0.0060878	0.00725092
0.00533885	0.00603224	0.00725094
0.0059187	0.00586556	0.00746859
0.00600391	0.00586556	0.00749751
0.00600395	0.00581	0.00749756
0.0059187	0.00597668	0.0074686
0.0060039	0.00597668	0.0074975
0.00600391	0.00592112	0.0074975
0.00609026	0.00586557	0.00752562
0.00617706	0.00586556	0.00755531
0.00617702	0.00581001	0.0075552
0.00609025	0.00597667	0.00752557
0.00617704	0.00597668	0.00755523
0.00617706	0.00592112	0.00755531
0.0050868	0.00564333	0.00716052
0.00517116	0.00564333	0.00719198
0.00517117	0.00558776	0.00719198
0.0050868	0.00575445	0.00716052
0.00517116	0.00575445	0.00719198
0.00517116	0.00569889	0.00719198
0.00508682	0.00586556	0.00716053
0.00517117	0.00586556	0.00719199
0.00517116	0.00581001	0.00719198
0.00525561	0.00564333	0.00722142
0.00533884	0.00564333	0.00725099
0.00533884	0.00558776	0.00725099
0.00525561	0.00575445	0.00722142
0.00533884	0.00575445	0.00725099
0.00533884	0.00569889	0.00725099
0.00525562	0.00586556	0.0072214
0.00533884	0.00586556	0.00725096
0.00533884	0.00581	0.00725098
0.00575068	0.00564333	0.00740783
0.00583426	0.00564333	0.00743777
0.00583426	0.00558776	0.00743777
0.00575067	0.00575446	0.00740783
0.00583432	0.00575445	0.00743787
0.00583428	0.00569889	0.00743779
0.00591863	0.00564333	0.00746839
0.00600412	0.00564333	0.00749775
0.00600412	0.00558776	0.00749775
0.00591864	0.00575443	0.00746844
0.00600406	0.00575444	0.00749768
0.00600413	0.00569889	0.00749775
0.00542088	0.0060878	0.00728238
0.00550273	0.00608781	0.00731514
0.00550274	0.00603224	0.00731514
0.00542084	0.00619893	0.00728236
0.00550272	0.00619895	0.00731514
0.00550273	0.00614338	0.00731514
0.00542087	0.00631009	0.00728229
0.00550275	0.00631012	0.00731507
0.00550272	0.00625453	0.00731513
0.00558482	0.00608781	0.00734755
0.00566742	0.00608781	0.00737827
0.00566742	0.00603224	0.00737827
0.00558482	0.00619895	0.00734755
0.00566742	0.00619895	0.00737827
0.00566742	0.00614337	0.00737827
0.00558481	0.00631014	0.00734758
0.00566742	0.00631013	0.0073783
0.00566742	0.00625453	0.00737828
0.00575067	0.00608781	0.00740791
0.00583449	0.0060878	0.00743819
0.00583448	0.00603224	0.00743818
0.00575067	0.00619894	0.00740791
0.00583449	0.00619894	0.00743819
0.00583449	0.00614337	0.00743819
0.00575066	0.0063101	0.00740776
0.00583448	0.00631012	0.00743805
0.00583451	0.00625453	0.00743821
0.0054209	0.00564333	0.00728242
0.00550273	0.00564333	0.00731517
0.00550273	0.00558776	0.00731517
0.0054209	0.00575445	0.00728242
0.00550273	0.00575445	0.00731517
0.00550273	0.00569889	0.00731517
0.00542087	0.00586556	0.00728241
0.00550273	0.00586556	0.00731517
0.00550273	0.00581001	0.00731517
0.00542086	0.00597667	0.00728239
0.00550273	0.00597668	0.00731515
0.00550272	0.00592112	0.00731516
0.00558486	0.00564333	0.00734758
0.00566754	0.00564333	0.00737838
0.00566754	0.00558776	0.00737838
0.00558485	0.00575445	0.00734757
0.00566751	0.00575444	0.00737835
0.00566754	0.00569889	0.00737838
0.00558483	0.00586556	0.00734755
0.00566744	0.00586556	0.00737828
0.00566747	0.00581	0.00737831
0.00558483	0.00597668	0.00734755
0.00566742	0.00597668	0.00737827
0.00566743	0.00592112	0.00737826
0.00575068	0.00586557	0.00740795
0.00583449	0.00586556	0.00743822
0.00583443	0.00581001	0.00743807
0.00575067	0.00597668	0.00740792
0.00583449	0.00597668	0.00743821
0.0058345	0.00592112	0.00743824
