0.00648208	0.00561556	0.00375744
0.00648208	0.00572667	0.00375744
0.00648208	0.00583778	0.00375744
0.00648208	0.00594889	0.00375744
0.00648208	0.00606	0.00375744
0.00648208	0.00617111	0.00375744
0.00648208	0.00628222	0.00375744
0.00648208	0.00639333	0.00375744
0.00648208	0.00650444	0.00375744
0.00664602	0.00561556	0.00376656
0.00664602	0.00572667	0.00376656
0.00664602	0.00583778	0.00376656
0.00664602	0.00594889	0.00376656
0.00664602	0.00606	0.00376656
0.00664602	0.00617111	0.00376656
0.00664602	0.00628222	0.00376656
0.00664602	0.00639333	0.00376656
0.00664602	0.00650444	0.00376656
0.00680921	0.00561556	0.0037845
0.00680921	0.00572667	0.0037845
0.00680921	0.00583778	0.0037845
0.00680921	0.00594889	0.0037845
0.00680921	0.00606	0.0037845
0.00680921	0.00617111	0.0037845
0.00680921	0.00628222	0.0037845
0.00680921	0.00639333	0.0037845
0.00680921	0.00650444	0.0037845
0.00697114	0.00561556	0.0038116
0.00697114	0.00572667	0.0038116
0.00697114	0.00583778	0.0038116
0.00697114	0.00594889	0.0038116
0.00697114	0.00606	0.0038116
0.00697114	0.00617111	0.0038116
0.00697114	0.00628222	0.0038116
0.00697114	0.00639333	0.0038116
0.00697114	0.00650444	0.0038116
0.00713127	0.00561556	0.00384781
0.00713127	0.00572667	0.00384781
0.00713127	0.00583778	0.00384781
0.00713127	0.00594889	0.00384781
0.00713127	0.00606	0.00384781
0.00713127	0.00617111	0.00384781
0.00713127	0.00628222	0.00384781
0.00713127	0.00639333	0.00384781
0.00713127	0.00650444	0.00384781
0.00728898	0.00561556	0.00389337
0.00728898	0.00572667	0.00389337
0.00728898	0.00583778	0.00389337
0.00728898	0.00594889	0.00389337
0.00728898	0.00606	0.00389337
0.00728898	0.00617111	0.00389337
0.00728898	0.00628222	0.00389337
0.00728898	0.00639333	0.00389337
0.00728898	0.00650444	0.00389337
0.00744366	0.00561556	0.00394839
0.00744366	0.00572667	0.00394839
0.00744366	0.00583778	0.00394839
0.00744366	0.00594889	0.00394839
0.00744366	0.00606	0.00394839
0.00744366	0.00617111	0.00394839
0.00744366	0.00628222	0.00394839
0.00744366	0.00639333	0.00394839
0.00744366	0.00650444	0.00394839
0.00759452	0.00561556	0.00401309
0.00759452	0.00572667	0.00401309
0.00759452	0.00583778	0.00401309
0.00759452	0.00594889	0.00401309
0.00759452	0.00606	0.00401309
0.00759452	0.00617111	0.00401309
0.00759452	0.00628222	0.00401309
0.00759452	0.00639333	0.00401309
0.00759452	0.00650444	0.00401309
0.00774078	0.00561556	0.00408762
0.00774078	0.00572667	0.00408762
0.00774078	0.00583778	0.00408762
0.00774078	0.00594889	0.00408762
0.00774078	0.00606	0.00408762
0.00774078	0.00617111	0.00408762
0.00774078	0.00628222	0.00408762
0.00774078	0.00639333	0.00408762
0.00774078	0.00650444	0.00408762
0.00788138	0.00561556	0.00417227
0.00788138	0.00572667	0.00417227
0.00788138	0.00583778	0.00417227
0.00788138	0.00594889	0.00417227
0.00788138	0.00606	0.00417227
0.00788138	0.00617111	0.00417227
0.00788138	0.00628222	0.00417227
0.00788138	0.00639333	0.00417227
0.00788138	0.00650444	0.00417227
0.00801537	0.00561556	0.00426708
0.00801537	0.00572667	0.00426708
0.00801537	0.00583778	0.00426708
0.00801537	0.00594889	0.00426708
0.00801537	0.00606	0.00426708
0.00801537	0.00617111	0.00426708
0.00801537	0.00628222	0.00426708
0.00801537	0.00639333	0.00426708
0.00801537	0.00650444	0.00426708
0.00814127	0.00561556	0.0043723
0.00814127	0.00572667	0.0043723
0.00814127	0.00583778	0.0043723
0.00814127	0.00594889	0.0043723
0.00814127	0.00606	0.0043723
0.00814127	0.00617111	0.0043723
0.00814127	0.00628222	0.0043723
0.00814127	0.00639333	0.0043723
0.00814127	0.00650444	0.0043723
0.00825749	0.00561556	0.00448814
0.00825749	0.00572667	0.00448814
0.00825749	0.00583778	0.00448814
0.00825749	0.00594889	0.00448814
0.00825749	0.00606	0.00448814
0.00825749	0.00617111	0.00448814
0.00825749	0.00628222	0.00448814
0.00825749	0.00639333	0.00448814
0.00825749	0.00650444	0.00448814
0.00836283	0.00561556	0.00461391
0.00836283	0.00572667	0.00461391
0.00836283	0.00583778	0.00461391
0.00836283	0.00594889	0.00461391
0.00836283	0.00606	0.00461391
0.00836283	0.00617111	0.00461391
0.00836283	0.00628222	0.00461391
0.00836283	0.00639333	0.00461391
0.00836283	0.00650444	0.00461391
0.00845514	0.00561556	0.00474949
0.00845514	0.00572667	0.00474949
0.00845514	0.00583778	0.00474949
0.00845514	0.00594889	0.00474949
0.00845514	0.00606	0.00474949
0.00845514	0.00617111	0.00474949
0.00845514	0.00628222	0.00474949
0.00845514	0.00639333	0.00474949
0.00845514	0.00650444	0.00474949
0.00853215	0.00561556	0.00489426
0.00853215	0.00572667	0.00489426
0.00853215	0.00583778	0.00489426
0.00853215	0.00594889	0.00489426
0.00853215	0.00606	0.00489426
0.00853215	0.00617111	0.00489426
0.00853215	0.00628222	0.00489426
0.00853215	0.00639333	0.00489426
0.00853215	0.00650444	0.00489426
0.0085921	0.00561556	0.00504687
0.0085921	0.00572667	0.00504687
0.0085921	0.00583778	0.00504687
0.0085921	0.00594889	0.00504687
0.0085921	0.00606	0.00504687
0.0085921	0.00617111	0.00504687
0.0085921	0.00628222	0.00504687
0.0085921	0.00639333	0.00504687
0.0085921	0.00650444	0.00504687
0.00863336	0.00561556	0.00520552
0.00863336	0.00572667	0.00520552
0.00863336	0.00583778	0.00520552
0.00863336	0.00594889	0.00520552
0.00863336	0.00606	0.00520552
0.00863336	0.00617111	0.00520552
0.00863336	0.00628222	0.00520552
0.00863336	0.00639333	0.00520552
0.00863336	0.00650444	0.00520552
0.00865455	0.00561556	0.00536806
0.00865455	0.00572667	0.00536806
0.00865455	0.00583778	0.00536806
0.00865455	0.00594889	0.00536806
0.00865455	0.00606	0.00536806
0.00865455	0.00617111	0.00536806
0.00865455	0.00628222	0.00536806
0.00865455	0.00639333	0.00536806
0.00865455	0.00650444	0.00536806
0.00631792	0.00561556	0.00375744
0.00631792	0.00572667	0.00375744
0.00631792	0.00583778	0.00375744
0.00631792	0.00594889	0.00375744
0.00631792	0.00606	0.00375744
0.00631792	0.00617111	0.00375744
0.00631792	0.00628222	0.00375744
0.00631792	0.00639333	0.00375744
0.00631792	0.00650444	0.00375744
0.00615398	0.00561556	0.00376656
0.00615398	0.00572667	0.00376656
0.00615398	0.00583778	0.00376656
0.00615398	0.00594889	0.00376656
0.00615398	0.00606	0.00376656
0.00615398	0.00617111	0.00376656
0.00615398	0.00628222	0.00376656
0.00615398	0.00639333	0.00376656
0.00615398	0.00650444	0.00376656
0.00599079	0.00561556	0.00378451
0.00599079	0.00572667	0.00378451
0.00599079	0.00583778	0.00378451
0.00599079	0.00594889	0.00378451
0.00599079	0.00606	0.00378451
0.00599079	0.00617111	0.00378451
0.00599079	0.00628222	0.00378451
0.00599079	0.00639333	0.00378451
0.00599079	0.00650444	0.00378451
0.00582887	0.00561556	0.0038116
0.00582887	0.00572667	0.0038116
0.00582887	0.00583778	0.0038116
0.00582887	0.00594889	0.0038116
0.00582887	0.00606	0.0038116
0.00582887	0.00617111	0.0038116
0.00582887	0.00628222	0.0038116
0.00582887	0.00639333	0.0038116
0.00582887	0.00650444	0.0038116
0.00566874	0.00561556	0.00384781
0.00566874	0.00572667	0.00384781
0.00566874	0.00583778	0.00384781
0.00566874	0.00594889	0.00384781
0.00566874	0.00606	0.00384781
0.00566874	0.00617111	0.00384781
0.00566874	0.00628222	0.00384781
0.00566874	0.00639333	0.00384781
0.00566874	0.00650444	0.00384781
0.00551102	0.00561556	0.00389338
0.00551102	0.00572667	0.00389338
0.00551102	0.00583778	0.00389338
0.00551102	0.00594889	0.00389338
0.00551102	0.00606	0.00389338
0.00551102	0.00617111	0.00389338
0.00551102	0.00628222	0.00389338
0.00551102	0.00639333	0.00389338
0.00551102	0.00650444	0.00389338
0.00535634	0.00561556	0.00394839
0.00535634	0.00572667	0.00394839
0.00535634	0.00583778	0.00394839
0.00535634	0.00594889	0.00394839
0.00535634	0.00606	0.00394839
0.00535634	0.00617111	0.00394839
0.00535634	0.00628222	0.00394839
0.00535634	0.00639333	0.00394839
0.00535634	0.00650444	0.00394839
0.00520549	0.00561556	0.0040131
0.00520549	0.00572667	0.0040131
0.00520549	0.00583778	0.0040131
0.00520549	0.00594889	0.0040131
0.00520549	0.00606	0.0040131
0.00520549	0.00617111	0.0040131
0.00520549	0.00628222	0.0040131
0.00520549	0.00639333	0.0040131
0.00520549	0.00650444	0.0040131
0.00505923	0.00561556	0.00408762
0.00505923	0.00572667	0.00408762
0.00505923	0.00583778	0.00408762
0.00505923	0.00594889	0.00408762
0.00505923	0.00606	0.00408762
0.00505923	0.00617111	0.00408762
0.00505923	0.00628222	0.00408762
0.00505923	0.00639333	0.00408762
0.00505923	0.00650444	0.00408762
0.00491862	0.00561556	0.00417228
0.00491862	0.00572667	0.00417228
0.00491862	0.00583778	0.00417228
0.00491862	0.00594889	0.00417228
0.00491862	0.00606	0.00417228
0.00491862	0.00617111	0.00417228
0.00491862	0.00628222	0.00417228
0.00491862	0.00639333	0.00417228
0.00491862	0.00650444	0.00417228
0.00478463	0.00561556	0.00426708
0.00478463	0.00572667	0.00426708
0.00478463	0.00583778	0.00426708
0.00478463	0.00594889	0.00426708
0.00478463	0.00606	0.00426708
0.00478463	0.00617111	0.00426708
0.00478463	0.00628222	0.00426708
0.00478463	0.00639333	0.00426708
0.00478463	0.00650444	0.00426708
0.00465874	0.00561556	0.0043723
0.00465874	0.00572667	0.0043723
0.00465874	0.00583778	0.0043723
0.00465874	0.00594889	0.0043723
0.00465874	0.00606	0.0043723
0.00465874	0.00617111	0.0043723
0.00465874	0.00628222	0.0043723
0.00465874	0.00639333	0.0043723
0.00465874	0.00650444	0.0043723
0.00454252	0.00561556	0.00448814
0.00454252	0.00572667	0.00448814
0.00454252	0.00583778	0.00448814
0.00454252	0.00594889	0.00448814
0.00454252	0.00606	0.00448814
0.00454252	0.00617111	0.00448814
0.00454252	0.00628222	0.00448814
0.00454252	0.00639333	0.00448814
0.00454252	0.00650444	0.00448814
0.00443718	0.00561556	0.00461392
0.00443718	0.00572667	0.00461392
0.00443718	0.00583778	0.00461392
0.00443718	0.00594889	0.00461392
0.00443718	0.00606	0.00461392
0.00443718	0.00617111	0.00461392
0.00443718	0.00628222	0.00461392
0.00443718	0.00639333	0.00461392
0.00443718	0.00650444	0.00461392
0.00434487	0.00561556	0.00474949
0.00434487	0.00572667	0.00474949
0.00434487	0.00583778	0.00474949
0.00434487	0.00594889	0.00474949
0.00434487	0.00606	0.00474949
0.00434487	0.00617111	0.00474949
0.00434487	0.00628222	0.00474949
0.00434487	0.00639333	0.00474949
0.00434487	0.00650444	0.00474949
0.00426785	0.00561556	0.00489426
0.00426785	0.00572667	0.00489426
0.00426785	0.00583778	0.00489426
0.00426785	0.00594889	0.00489426
0.00426785	0.00606	0.00489426
0.00426785	0.00617111	0.00489426
0.00426785	0.00628222	0.00489426
0.00426785	0.00639333	0.00489426
0.00426785	0.00650444	0.00489426
0.0042079	0.00561556	0.00504687
0.0042079	0.00572667	0.00504687
0.0042079	0.00583778	0.00504687
0.0042079	0.00594889	0.00504687
0.0042079	0.00606	0.00504687
0.0042079	0.00617111	0.00504687
0.0042079	0.00628222	0.00504687
0.0042079	0.00639333	0.00504687
0.0042079	0.00650444	0.00504687
0.00416664	0.00561556	0.00520552
0.00416664	0.00572667	0.00520552
0.00416664	0.00583778	0.00520552
0.00416664	0.00594889	0.00520552
0.00416664	0.00606	0.00520552
0.00416664	0.00617111	0.00520552
0.00416664	0.00628222	0.00520552
0.00416664	0.00639333	0.00520552
0.00416664	0.00650444	0.00520552
0.00414545	0.00561556	0.00536806
0.00414545	0.00572667	0.00536806
0.00414545	0.00583778	0.00536806
0.00414545	0.00594889	0.00536806
0.00414545	0.00606	0.00536806
0.00414545	0.00617111	0.00536806
0.00414545	0.00628222	0.00536806
0.00414545	0.00639333	0.00536806
0.00414545	0.00650444	0.00536806
0.00414545	0.00561556	0.00553194
0.00414545	0.00572667	0.00553194
0.00414545	0.00583778	0.00553194
0.00414545	0.00594889	0.00553194
0.00414545	0.00606	0.00553194
0.00414545	0.00617111	0.00553194
0.00414545	0.00628222	0.00553194
0.00414545	0.00639333	0.00553194
0.00414545	0.00650444	0.00553194
0.00416664	0.00561556	0.00569447
0.00416664	0.00572667	0.00569447
0.00416664	0.00583778	0.00569447
0.00416664	0.00594889	0.00569447
0.00416664	0.00606	0.00569447
0.00416664	0.00617111	0.00569447
0.00416664	0.00628222	0.00569447
0.00416664	0.00639333	0.00569447
0.00416664	0.00650444	0.00569447
0.0042079	0.00561556	0.00585313
0.0042079	0.00572667	0.00585313
0.0042079	0.00583778	0.00585313
0.0042079	0.00594889	0.00585313
0.0042079	0.00606	0.00585313
0.0042079	0.00617111	0.00585313
0.0042079	0.00628222	0.00585313
0.0042079	0.00639333	0.00585313
0.0042079	0.00650444	0.00585313
0.00426785	0.00561556	0.00600574
0.00426785	0.00572667	0.00600574
0.00426785	0.00583778	0.00600574
0.00426785	0.00594889	0.00600574
0.00426785	0.00606	0.00600574
0.00426785	0.00617111	0.00600574
0.00426785	0.00628222	0.00600574
0.00426785	0.00639333	0.00600574
0.00426785	0.00650444	0.00600574
0.00434487	0.00561556	0.00615051
0.00434487	0.00572667	0.00615051
0.00434487	0.00583778	0.00615051
0.00434487	0.00594889	0.00615051
0.00434487	0.00606	0.00615051
0.00434487	0.00617111	0.00615051
0.00434487	0.00628222	0.00615051
0.00434487	0.00639333	0.00615051
0.00434487	0.00650444	0.00615051
0.00443718	0.00561556	0.00628608
0.00443718	0.00572667	0.00628608
0.00443718	0.00583778	0.00628608
0.00443718	0.00594889	0.00628608
0.00443718	0.00606	0.00628608
0.00443718	0.00617111	0.00628608
0.00443718	0.00628222	0.00628608
0.00443718	0.00639333	0.00628608
0.00443718	0.00650444	0.00628608
0.00454253	0.00561556	0.00641185
0.00454253	0.00572667	0.00641185
0.00454253	0.00583778	0.00641185
0.00454253	0.00594889	0.00641185
0.00454253	0.00606	0.00641185
0.00454253	0.00617111	0.00641185
0.00454253	0.00628222	0.00641185
0.00454253	0.00639333	0.00641185
0.00454253	0.00650444	0.00641185
0.00465874	0.00561556	0.0065277
0.00465874	0.00572667	0.0065277
0.00465874	0.00583778	0.0065277
0.00465874	0.00594889	0.0065277
0.00465874	0.00606	0.0065277
0.00465874	0.00617111	0.0065277
0.00465874	0.00628222	0.0065277
0.00465874	0.00639333	0.0065277
0.00465874	0.00650444	0.0065277
0.00478464	0.00561556	0.00663292
0.00478464	0.00572667	0.00663292
0.00478464	0.00583778	0.00663292
0.00478464	0.00594889	0.00663292
0.00478464	0.00606	0.00663292
0.00478464	0.00617111	0.00663292
0.00478464	0.00628222	0.00663292
0.00478464	0.00639333	0.00663292
0.00478464	0.00650444	0.00663292
0.00491863	0.00561556	0.00672772
0.00491863	0.00572667	0.00672772
0.00491863	0.00583778	0.00672772
0.00491863	0.00594889	0.00672772
0.00491863	0.00606	0.00672772
0.00491863	0.00617111	0.00672772
0.00491863	0.00628222	0.00672772
0.00491863	0.00639333	0.00672772
0.00491863	0.00650444	0.00672772
0.00505923	0.00561556	0.00681238
0.00505923	0.00572667	0.00681238
0.00505923	0.00583778	0.00681238
0.00505923	0.00594889	0.00681238
0.00505923	0.00606	0.00681238
0.00505923	0.00617111	0.00681238
0.00505923	0.00628222	0.00681238
0.00505923	0.00639333	0.00681238
0.00505923	0.00650444	0.00681238
0.00520549	0.00561556	0.0068869
0.00520549	0.00572667	0.0068869
0.00520549	0.00583778	0.0068869
0.00520549	0.00594889	0.0068869
0.00520549	0.00606	0.0068869
0.00520549	0.00617111	0.0068869
0.00520549	0.00628222	0.0068869
0.00520549	0.00639333	0.0068869
0.00520549	0.00650444	0.0068869
0.00535635	0.00561556	0.00695161
0.00535635	0.00572667	0.00695161
0.00535635	0.00583778	0.00695161
0.00535635	0.00594889	0.00695161
0.00535635	0.00606	0.00695161
0.00535635	0.00617111	0.00695161
0.00535635	0.00628222	0.00695161
0.00535635	0.00639333	0.00695161
0.00535635	0.00650444	0.00695161
0.00551103	0.00561556	0.00700662
0.00551103	0.00572667	0.00700662
0.00551103	0.00583778	0.00700662
0.00551103	0.00594889	0.00700662
0.00551103	0.00606	0.00700662
0.00551103	0.00617111	0.00700662
0.00551103	0.00628222	0.00700662
0.00551103	0.00639333	0.00700662
0.00551103	0.00650444	0.00700662
0.00566874	0.00561556	0.00705218
0.00566874	0.00572667	0.00705218
0.00566874	0.00583778	0.00705218
0.00566874	0.00594889	0.00705218
0.00566874	0.00606	0.00705218
0.00566874	0.00617111	0.00705218
0.00566874	0.00628222	0.00705218
0.00566874	0.00639333	0.00705218
0.00566874	0.00650444	0.00705218
0.00582887	0.00561556	0.00708839
0.00582887	0.00572667	0.00708839
0.00582887	0.00583778	0.00708839
0.00582887	0.00594889	0.00708839
0.00582887	0.00606	0.00708839
0.00582887	0.00617111	0.00708839
0.00582887	0.00628222	0.00708839
0.00582887	0.00639333	0.00708839
0.00582887	0.00650444	0.00708839
0.00599079	0.00561556	0.00711549
0.00599079	0.00572667	0.00711549
0.00599079	0.00583778	0.00711549
0.00599079	0.00594889	0.00711549
0.00599079	0.00606	0.00711549
0.00599079	0.00617111	0.00711549
0.00599079	0.00628222	0.00711549
0.00599079	0.00639333	0.00711549
0.00599079	0.00650444	0.00711549
0.00615399	0.00561556	0.00713344
0.00615399	0.00572667	0.00713344
0.00615399	0.00583778	0.00713344
0.00615399	0.00594889	0.00713344
0.00615399	0.00606	0.00713344
0.00615399	0.00617111	0.00713344
0.00615399	0.00628222	0.00713344
0.00615399	0.00639333	0.00713344
0.00615399	0.00650444	0.00713344
0.00631792	0.00561556	0.00714255
0.00631792	0.00572667	0.00714255
0.00631792	0.00583778	0.00714255
0.00631792	0.00594889	0.00714255
0.00631792	0.00606	0.00714255
0.00631792	0.00617111	0.00714255
0.00631792	0.00628222	0.00714255
0.00631792	0.00639333	0.00714255
0.00631792	0.00650444	0.00714255
0.00865455	0.00561556	0.00553194
0.00865455	0.00572667	0.00553194
0.00865455	0.00583778	0.00553194
0.00865455	0.00594889	0.00553194
0.00865455	0.00606	0.00553194
0.00865455	0.00617111	0.00553194
0.00865455	0.00628222	0.00553194
0.00865455	0.00639333	0.00553194
0.00865455	0.00650444	0.00553194
0.00863336	0.00561556	0.00569448
0.00863336	0.00572667	0.00569448
0.00863336	0.00583778	0.00569448
0.00863336	0.00594889	0.00569448
0.00863336	0.00606	0.00569448
0.00863336	0.00617111	0.00569448
0.00863336	0.00628222	0.00569448
0.00863336	0.00639333	0.00569448
0.00863336	0.00650444	0.00569448
0.0085921	0.00561556	0.00585313
0.0085921	0.00572667	0.00585313
0.0085921	0.00583778	0.00585313
0.0085921	0.00594889	0.00585313
0.0085921	0.00606	0.00585313
0.0085921	0.00617111	0.00585313
0.0085921	0.00628222	0.00585313
0.0085921	0.00639333	0.00585313
0.0085921	0.00650444	0.00585313
0.00853215	0.00561556	0.00600574
0.00853215	0.00572667	0.00600574
0.00853215	0.00583778	0.00600574
0.00853215	0.00594889	0.00600574
0.00853215	0.00606	0.00600574
0.00853215	0.00617111	0.00600574
0.00853215	0.00628222	0.00600574
0.00853215	0.00639333	0.00600574
0.00853215	0.00650444	0.00600574
0.00845513	0.00561556	0.00615051
0.00845513	0.00572667	0.00615051
0.00845513	0.00583778	0.00615051
0.00845513	0.00594889	0.00615051
0.00845513	0.00606	0.00615051
0.00845513	0.00617111	0.00615051
0.00845513	0.00628222	0.00615051
0.00845513	0.00639333	0.00615051
0.00845513	0.00650444	0.00615051
0.00836283	0.00561556	0.00628609
0.00836283	0.00572667	0.00628609
0.00836283	0.00583778	0.00628609
0.00836283	0.00594889	0.00628609
0.00836283	0.00606	0.00628609
0.00836283	0.00617111	0.00628609
0.00836283	0.00628222	0.00628609
0.00836283	0.00639333	0.00628609
0.00836283	0.00650444	0.00628609
0.00825748	0.00561556	0.00641186
0.00825748	0.00572667	0.00641186
0.00825748	0.00583778	0.00641186
0.00825748	0.00594889	0.00641186
0.00825748	0.00606	0.00641186
0.00825748	0.00617111	0.00641186
0.00825748	0.00628222	0.00641186
0.00825748	0.00639333	0.00641186
0.00825748	0.00650444	0.00641186
0.00814126	0.00561556	0.0065277
0.00814126	0.00572667	0.0065277
0.00814126	0.00583778	0.0065277
0.00814126	0.00594889	0.0065277
0.00814126	0.00606	0.0065277
0.00814126	0.00617111	0.0065277
0.00814126	0.00628222	0.0065277
0.00814126	0.00639333	0.0065277
0.00814126	0.00650444	0.0065277
0.00801537	0.00561556	0.00663292
0.00801537	0.00572667	0.00663292
0.00801537	0.00583778	0.00663292
0.00801537	0.00594889	0.00663292
0.00801537	0.00606	0.00663292
0.00801537	0.00617111	0.00663292
0.00801537	0.00628222	0.00663292
0.00801537	0.00639333	0.00663292
0.00801537	0.00650444	0.00663292
0.00788138	0.00561556	0.00672772
0.00788138	0.00572667	0.00672772
0.00788138	0.00583778	0.00672772
0.00788138	0.00594889	0.00672772
0.00788138	0.00606	0.00672772
0.00788138	0.00617111	0.00672772
0.00788138	0.00628222	0.00672772
0.00788138	0.00639333	0.00672772
0.00788138	0.00650444	0.00672772
0.00774077	0.00561556	0.00681238
0.00774077	0.00572667	0.00681238
0.00774077	0.00583778	0.00681238
0.00774077	0.00594889	0.00681238
0.00774077	0.00606	0.00681238
0.00774077	0.00617111	0.00681238
0.00774077	0.00628222	0.00681238
0.00774077	0.00639333	0.00681238
0.00774077	0.00650444	0.00681238
0.00759451	0.00561556	0.0068869
0.00759451	0.00572667	0.0068869
0.00759451	0.00583778	0.0068869
0.00759451	0.00594889	0.0068869
0.00759451	0.00606	0.0068869
0.00759451	0.00617111	0.0068869
0.00759451	0.00628222	0.0068869
0.00759451	0.00639333	0.0068869
0.00759451	0.00650444	0.0068869
0.00744365	0.00561556	0.00695161
0.00744365	0.00572667	0.00695161
0.00744365	0.00583778	0.00695161
0.00744365	0.00594889	0.00695161
0.00744365	0.00606	0.00695161
0.00744365	0.00617111	0.00695161
0.00744365	0.00628222	0.00695161
0.00744365	0.00639333	0.00695161
0.00744365	0.00650444	0.00695161
0.00728898	0.00561556	0.00700662
0.00728898	0.00572667	0.00700662
0.00728898	0.00583778	0.00700662
0.00728898	0.00594889	0.00700662
0.00728898	0.00606	0.00700662
0.00728898	0.00617111	0.00700662
0.00728898	0.00628222	0.00700662
0.00728898	0.00639333	0.00700662
0.00728898	0.00650444	0.00700662
0.00713126	0.00561556	0.00705218
0.00713126	0.00572667	0.00705218
0.00713126	0.00583778	0.00705218
0.00713126	0.00594889	0.00705218
0.00713126	0.00606	0.00705218
0.00713126	0.00617111	0.00705218
0.00713126	0.00628222	0.00705218
0.00713126	0.00639333	0.00705218
0.00713126	0.00650444	0.00705218
0.00697113	0.00561556	0.00708839
0.00697113	0.00572667	0.00708839
0.00697113	0.00583778	0.00708839
0.00697113	0.00594889	0.00708839
0.00697113	0.00606	0.00708839
0.00697113	0.00617111	0.00708839
0.00697113	0.00628222	0.00708839
0.00697113	0.00639333	0.00708839
0.00697113	0.00650444	0.00708839
0.00680921	0.00561556	0.00711549
0.00680921	0.00572667	0.00711549
0.00680921	0.00583778	0.00711549
0.00680921	0.00594889	0.00711549
0.00680921	0.00606	0.00711549
0.00680921	0.00617111	0.00711549
0.00680921	0.00628222	0.00711549
0.00680921	0.00639333	0.00711549
0.00680921	0.00650444	0.00711549
0.00664602	0.00561556	0.00713344
0.00664602	0.00572667	0.00713344
0.00664602	0.00583778	0.00713344
0.00664602	0.00594889	0.00713344
0.00664602	0.00606	0.00713344
0.00664602	0.00617111	0.00713344
0.00664602	0.00628222	0.00713344
0.00664602	0.00639333	0.00713344
0.00664602	0.00650444	0.00713344
0.00648208	0.00561556	0.00714255
0.00648208	0.00572667	0.00714255
0.00648208	0.00583778	0.00714255
0.00648208	0.00594889	0.00714255
0.00648208	0.00606	0.00714255
0.00648208	0.00617111	0.00714255
0.00648208	0.00628222	0.00714255
0.00648208	0.00639333	0.00714255
0.00648208	0.00650444	0.00714255
