0.00641021	0.00564333	0.00294815
0.00641021	0.00569889	0.00294815
0.00641021	0.00581001	0.00294815
0.00641021	0.00592113	0.00294815
0.00641022	0.00603226	0.00294813
0.00641022	0.00614341	0.00294813
0.00641021	0.00625462	0.00294812
0.00641018	0.00636596	0.00294804
0.0064086	0.00647969	0.00294912
0.00661097	0.00558776	0.0029129
0.00661097	0.00569889	0.0029129
0.00661097	0.00581001	0.0029129
0.00661097	0.00592113	0.0029129
0.00661094	0.00603227	0.00291291
0.00661095	0.00614342	0.0029129
0.00661096	0.00625463	0.00291289
0.00661085	0.00636599	0.00291289
0.00660952	0.00647983	0.0029145
0.00681492	0.00558776	0.00289823
0.00681493	0.00569889	0.00289823
0.00681493	0.00581001	0.00289824
0.00681494	0.00592113	0.00289823
0.00681492	0.00603226	0.00289823
0.00681492	0.00614341	0.00289822
0.00681493	0.00625463	0.00289821
0.00681486	0.00636598	0.00289823
0.0068135	0.00647987	0.00289956
0.00701406	0.00558776	0.00290084
0.00701407	0.00569889	0.00290084
0.00701407	0.00581001	0.00290084
0.00701407	0.00592113	0.00290084
0.00701405	0.00603226	0.00290084
0.00701406	0.00614342	0.00290083
0.00701408	0.00625463	0.00290081
0.00701402	0.00636596	0.00290073
0.00701499	0.00647968	0.00290176
0.00724707	0.00558776	0.00292147
0.00724709	0.00569889	0.00292148
0.00724709	0.00581001	0.00292148
0.00724711	0.00592113	0.00292147
0.00724711	0.00603226	0.00292146
0.00724712	0.00614342	0.00292146
0.00724715	0.00625465	0.00292145
0.0072468	0.00636601	0.00292145
0.00724197	0.00647942	0.0029214
0.00745218	0.00558777	0.00295216
0.00745219	0.00569889	0.00295216
0.00745219	0.00581001	0.00295216
0.00745218	0.00592113	0.00295216
0.00745213	0.00603226	0.0029522
0.00745215	0.00614341	0.00295219
0.0074522	0.00625459	0.0029522
0.00745202	0.00636584	0.00295242
0.00745542	0.00647934	0.0029543
0.00764476	0.00558776	0.00299485
0.00764478	0.00569889	0.00299485
0.00764478	0.00581001	0.00299485
0.00764478	0.00592113	0.00299485
0.00764473	0.00603227	0.00299486
0.00764467	0.00614342	0.00299478
0.0076447	0.00625469	0.00299477
0.00764463	0.00636613	0.00299489
0.00764556	0.00648003	0.00299594
0.00785597	0.00558777	0.00306203
0.00785596	0.00569889	0.00306202
0.00785598	0.00581001	0.00306202
0.007856	0.00592113	0.00306201
0.00785606	0.00603226	0.00306203
0.00785617	0.00614342	0.00306209
0.00785625	0.00625458	0.00306212
0.00785685	0.00636581	0.00306246
0.00785847	0.00647876	0.00306338
0.00806965	0.00558776	0.00313808
0.00806968	0.00569888	0.00313808
0.00806972	0.00581	0.00313805
0.00806975	0.00592113	0.00313806
0.00806975	0.00603226	0.00313805
0.00806966	0.00614342	0.00313804
0.00806982	0.00625466	0.00313811
0.00807006	0.00636602	0.00313839
0.00806891	0.00647925	0.00313846
0.0082965	0.00558777	0.00323179
0.00829648	0.00569889	0.00323179
0.0082965	0.00581001	0.00323177
0.00829651	0.00592114	0.00323178
0.00829651	0.00603227	0.00323178
0.00829629	0.00614341	0.00323164
0.0082946	0.00625456	0.00323067
0.00829759	0.0063661	0.00323221
0.00829269	0.00647937	0.00323005
0.0085132	0.00558776	0.00333446
0.0085132	0.00569888	0.00333446
0.00851311	0.00581001	0.00333441
0.00851308	0.00592113	0.00333439
0.00851308	0.00603226	0.00333438
0.00851302	0.00614349	0.00333429
0.00856841	0.00628276	0.00336223
0.00850993	0.006366	0.00333302
0.00851018	0.0064796	0.0033328
0.00873674	0.00558777	0.00344927
0.00873674	0.0056989	0.00344927
0.00873674	0.00581001	0.00344927
0.00873674	0.00592114	0.00344927
0.00873673	0.00603229	0.00344926
0.00873753	0.00614343	0.00344978
0.0087434	0.00625451	0.00345148
0.00874045	0.00636638	0.00345076
0.00873861	0.00647951	0.00344893
0.00900998	0.00558775	0.00359439
0.00900999	0.00569888	0.00359441
0.00900999	0.00581	0.0035944
0.00900999	0.00592112	0.00359441
0.00900999	0.00603226	0.0035944
0.00901015	0.00614342	0.00359449
0.00900984	0.00625467	0.0035944
0.00900972	0.006366	0.00359428
0.00900854	0.00647925	0.00359282
0.00927273	0.00558777	0.00373202
0.00927282	0.00569889	0.00373207
0.00927282	0.00581001	0.00373207
0.00927282	0.00592114	0.00373207
0.00927282	0.00603228	0.00373207
0.00927282	0.00614346	0.00373206
0.00927282	0.00625473	0.00373205
0.00927272	0.00636621	0.00373205
0.00927125	0.00647989	0.00373416
0.00956347	0.00558776	0.0039014
0.00956354	0.00569889	0.00390144
0.00956353	0.00581002	0.00390144
0.00956353	0.00592115	0.00390144
0.00956353	0.0060323	0.00390143
0.00956354	0.00614349	0.00390142
0.00956354	0.00625479	0.0039014
0.00956342	0.0063664	0.00390139
0.00955846	0.00648186	0.00390105
0.00983169	0.00558775	0.00411324
0.009832	0.0056989	0.0041135
0.009832	0.00581003	0.0041135
0.00983201	0.00592118	0.0041135
0.00983202	0.00603237	0.0041135
0.00983203	0.00614366	0.00411349
0.00983205	0.00625517	0.00411349
0.00983181	0.00636737	0.00411361
0.00982602	0.00648498	0.00411836
0.0100817	0.00558775	0.00445704
0.0100817	0.0056989	0.00445703
0.0100817	0.00581004	0.00445703
0.0100817	0.00592119	0.00445703
0.0100817	0.00603239	0.00445702
0.0100817	0.00614369	0.00445702
0.0100817	0.00625524	0.00445702
0.0100813	0.00636758	0.00445692
0.0100706	0.00648687	0.00445446
0.0101929	0.00558775	0.00479196
0.0101929	0.00569891	0.00479195
0.0101929	0.00581004	0.00479195
0.0101929	0.00592121	0.00479195
0.0101929	0.00603244	0.00479194
0.0101929	0.00614379	0.00479193
0.0101929	0.00625547	0.00479192
0.0101926	0.00636815	0.00479202
0.0101861	0.00648953	0.00479481
0.010197	0.00558776	0.00519566
0.010197	0.0056989	0.00519563
0.010197	0.00581002	0.00519563
0.010197	0.00592115	0.00519563
0.010197	0.0060323	0.00519562
0.010197	0.0061435	0.00519561
0.010197	0.00625478	0.0051956
0.010197	0.00636632	0.0051956
0.010195	0.00648363	0.00519336
0.00630647	0.00558776	0.00297154
0.00630647	0.00569889	0.00297154
0.00630647	0.00581001	0.00297154
0.00630647	0.00592113	0.00297155
0.00630636	0.00603226	0.0029717
0.00630642	0.00614339	0.00297163
0.00630648	0.00625457	0.00297156
0.00630622	0.00636582	0.00297182
0.00630518	0.0064792	0.00297257
0.00611899	0.00558777	0.00301668
0.00611902	0.00569888	0.00301665
0.00611922	0.00580999	0.00301644
0.00611928	0.00592111	0.00301639
0.00607369	0.00606006	0.00302809
0.00611927	0.00614333	0.00301659
0.00611902	0.00625453	0.00301667
0.0060733	0.00639439	0.00302777
0.00606854	0.00653541	0.00303411
0.00588901	0.00561557	0.00308119
0.00588899	0.00572666	0.00308113
0.00593889	0.00581002	0.00306487
0.005939	0.00592114	0.00306501
0.00593764	0.00603218	0.00306557
0.00588876	0.0061714	0.00308122
0.00588862	0.00628269	0.00308121
0.00593729	0.00636623	0.00306533
0.00593539	0.00648065	0.00306642
0.00574422	0.00558773	0.00313073
0.00574415	0.00569887	0.00313082
0.00574418	0.00581004	0.00313051
0.00574402	0.00592113	0.00313052
0.00574405	0.00603225	0.0031305
0.00574413	0.00614334	0.00313076
0.00574408	0.00625463	0.00313087
0.00574416	0.00636617	0.00313051
0.00574515	0.00647999	0.00313222
0.00555446	0.00558777	0.00320797
0.00555454	0.00569889	0.00320793
0.00555469	0.00581	0.00320794
0.00555488	0.00592112	0.00320785
0.0055548	0.00603224	0.0032079
0.00555473	0.00614337	0.00320787
0.0055548	0.0062545	0.00320781
0.00555489	0.00636569	0.00320782
0.00555711	0.00647894	0.0032096
0.00538254	0.00558777	0.00328306
0.00538256	0.00569889	0.00328305
0.00538263	0.00581001	0.003283
0.0053826	0.00592113	0.00328302
0.00538253	0.00603225	0.00328306
0.00538253	0.00614338	0.00328306
0.00538258	0.00625455	0.00328303
0.00538269	0.00636582	0.00328297
0.00538526	0.00647922	0.00328307
0.00520978	0.00558777	0.00336025
0.0052098	0.00569889	0.00336024
0.00520988	0.00581001	0.00336019
0.00520985	0.00592111	0.00336022
0.00520979	0.00603224	0.00336027
0.00520979	0.00614338	0.00336026
0.00520978	0.00625454	0.00336027
0.00520986	0.00636578	0.00336025
0.00521734	0.00647993	0.00335934
0.00502494	0.00558777	0.0034445
0.00502495	0.00569889	0.0034445
0.00502496	0.00581001	0.00344449
0.00502499	0.00592112	0.0034445
0.00502496	0.00603224	0.00344451
0.00502495	0.00614337	0.00344451
0.00502496	0.00625451	0.0034445
0.00502502	0.0063657	0.00344452
0.00502594	0.00647908	0.00344755
0.0048593	0.00558776	0.00351686
0.00485929	0.00569889	0.00351686
0.00485929	0.00581	0.00351686
0.00485931	0.00592112	0.00351685
0.00485929	0.00603225	0.00351684
0.00485932	0.00614339	0.00351683
0.00485957	0.00625458	0.00351675
0.00485973	0.00636586	0.00351671
0.00485182	0.00648093	0.00352191
0.00466854	0.00558777	0.0036045
0.00466855	0.00569889	0.0036045
0.00466855	0.00581001	0.0036045
0.0046688	0.00592112	0.00360437
0.00466954	0.00603225	0.00360403
0.00466928	0.00614337	0.00360416
0.00466937	0.00625452	0.00360413
0.00466961	0.0063657	0.00360405
0.00467009	0.00647964	0.00360675
0.00449382	0.00558776	0.00368469
0.0044938	0.00569889	0.00368469
0.0044938	0.00581	0.00368469
0.0044938	0.00592112	0.00368469
0.00449361	0.00603226	0.00368475
0.00449374	0.00614342	0.00368466
0.00449375	0.00625462	0.00368464
0.00449352	0.00636599	0.00368475
0.00448585	0.00648134	0.00368944
0.00428798	0.00558777	0.00378804
0.00428798	0.00569889	0.00378804
0.00428799	0.00581002	0.00378804
0.00428798	0.00592115	0.00378804
0.00428799	0.00603229	0.00378803
0.00428799	0.00614348	0.00378796
0.00428799	0.00625477	0.00378793
0.00428803	0.00636635	0.00378795
0.00428628	0.00648246	0.00379252
0.00409554	0.00558775	0.00392799
0.00409557	0.00569888	0.00392796
0.00409557	0.00581001	0.00392796
0.00409558	0.00592113	0.00392796
0.00409556	0.00603229	0.00392797
0.00409559	0.00614348	0.0039279
0.00409569	0.00625479	0.00392775
0.0040957	0.00636642	0.00392781
0.004097	0.00648235	0.00393137
0.00393165	0.00558777	0.00411418
0.0039317	0.00569889	0.00411412
0.0039317	0.00581002	0.00411412
0.0039317	0.00592114	0.00411411
0.00393168	0.00603229	0.00411413
0.00393167	0.0061435	0.00411414
0.00393176	0.00625479	0.00411398
0.00393179	0.00636636	0.004114
0.00393333	0.00648122	0.00411518
0.00379306	0.00558777	0.00434651
0.00379306	0.00569889	0.00434651
0.00379306	0.00581001	0.00434651
0.00379305	0.00592115	0.00434651
0.00379305	0.00603229	0.0043465
0.00379305	0.00614348	0.0043465
0.00379304	0.00625476	0.00434648
0.00379307	0.00636628	0.00434644
0.00379437	0.00648052	0.00434527
0.00369344	0.00558777	0.0045838
0.00369344	0.00569889	0.00458379
0.00369344	0.00581001	0.00458379
0.00369344	0.00592114	0.00458379
0.00369344	0.00603229	0.00458379
0.00369343	0.00614347	0.00458379
0.00369343	0.00625473	0.00458378
0.00369344	0.00636619	0.00458373
0.00369384	0.00648074	0.00458198
0.00362643	0.00558777	0.00479738
0.00362643	0.00569889	0.00479737
0.00362643	0.00581001	0.00479737
0.00362643	0.00592113	0.00479738
0.00362642	0.00603227	0.0047974
0.00362642	0.00614343	0.00479739
0.00362641	0.00625465	0.00479737
0.00362644	0.00636599	0.00479729
0.00362648	0.00647976	0.00479759
0.00357762	0.00558776	0.00503583
0.00357762	0.0056989	0.00503584
0.00357762	0.00581002	0.00503584
0.00357762	0.00592116	0.00503585
0.00357761	0.00603232	0.00503587
0.00357759	0.00614353	0.00503587
0.00357758	0.00625486	0.00503585
0.00357759	0.00636646	0.00503589
0.00357835	0.00648129	0.00503684
0.00355703	0.00558776	0.00528847
0.00355703	0.00569889	0.00528846
0.00355703	0.00581001	0.00528845
0.00355703	0.00592113	0.00528845
0.00355703	0.00603227	0.00528845
0.00355702	0.00614343	0.00528844
0.00355701	0.00625464	0.00528842
0.00355702	0.00636598	0.00528835
0.00355815	0.00648026	0.00528659
0.00355791	0.00558776	0.00551543
0.00355792	0.00569889	0.00551543
0.00355791	0.00581001	0.00551543
0.00355791	0.00592113	0.00551542
0.00355791	0.00603227	0.00551542
0.0035579	0.00614342	0.00551541
0.00355789	0.00625461	0.00551538
0.00355789	0.00636592	0.00551532
0.00355886	0.00647967	0.0055148
0.00356668	0.00558776	0.00573403
0.00356668	0.0056989	0.00573404
0.00356668	0.00581001	0.00573404
0.00356668	0.00592115	0.00573403
0.00356667	0.00603229	0.00573403
0.00356666	0.00614348	0.00573403
0.00356665	0.00625474	0.00573402
0.00356665	0.0063662	0.00573401
0.00358983	0.00657064	0.00584587
0.00359347	0.00558776	0.00595674
0.00359346	0.00569889	0.00595672
0.00359346	0.00581001	0.00595672
0.00359346	0.00592113	0.00595672
0.00359345	0.00603226	0.00595671
0.00359345	0.00614341	0.0059567
0.00359345	0.0062546	0.00595668
0.00359346	0.00636589	0.00595663
0.00362725	0.00656164	0.00606357
0.00364415	0.00558776	0.00617856
0.00364414	0.00569889	0.00617859
0.00364414	0.00581002	0.00617859
0.00364414	0.00592115	0.00617858
0.00364414	0.0060323	0.00617858
0.00364412	0.00614351	0.00617858
0.0036441	0.00625481	0.00617856
0.0036441	0.00636636	0.00617854
0.00369689	0.00655909	0.00629101
0.00373295	0.00558777	0.00641047
0.00373295	0.00569889	0.00641049
0.00373295	0.00581001	0.00641049
0.00373295	0.00592115	0.00641049
0.00373294	0.0060323	0.00641048
0.00373293	0.00614349	0.00641048
0.00373291	0.00625477	0.00641047
0.00373287	0.00636626	0.00641041
0.00379803	0.00655801	0.00652819
0.00385433	0.00558777	0.00665033
0.00385434	0.00569889	0.00665035
0.00385434	0.00581001	0.00665035
0.00385433	0.00592114	0.00665035
0.00385433	0.00603229	0.00665035
0.00385432	0.00614348	0.00665035
0.0038543	0.00625475	0.00665035
0.00385426	0.00636626	0.00665029
0.00393049	0.00656497	0.00674879
0.00399316	0.00558777	0.0068399
0.00399313	0.0056989	0.00683988
0.00399313	0.00581002	0.00683988
0.00399313	0.00592117	0.00683988
0.00399312	0.00603234	0.00683987
0.00399309	0.0061436	0.00683988
0.00399306	0.00625505	0.00683988
0.00399308	0.00636696	0.00683989
0.00411036	0.00656375	0.00693128
0.00421574	0.00558778	0.0070144
0.00421572	0.0056989	0.00701437
0.00421572	0.00581002	0.00701437
0.00421572	0.00592116	0.00701437
0.00421571	0.00603231	0.00701437
0.0042157	0.00614352	0.00701438
0.00421572	0.00625484	0.0070144
0.00421586	0.00636646	0.00701454
0.0043339	0.00656033	0.00707572
0.00443924	0.00558777	0.00714863
0.00443925	0.00569889	0.00714863
0.00443925	0.00581001	0.00714863
0.00443925	0.00592113	0.00714863
0.00443923	0.00603226	0.00714862
0.00443917	0.00614342	0.00714861
0.0044392	0.00625463	0.00714862
0.00443915	0.00636595	0.00714861
0.00453235	0.00655731	0.00719221
0.004627	0.00558778	0.00725795
0.00462707	0.0056989	0.00725797
0.00462707	0.00581002	0.00725797
0.00462704	0.00592114	0.00725796
0.00462699	0.00603227	0.00725794
0.00462694	0.00614343	0.00725793
0.00462695	0.00625464	0.00725795
0.0046269	0.00636595	0.00725793
0.00471936	0.00656074	0.00730006
0.00480401	0.00558777	0.00735759
0.00480399	0.00569889	0.00735757
0.00480399	0.00581001	0.00735758
0.00480402	0.00592113	0.0073576
0.00480403	0.00603225	0.0073576
0.00480401	0.00614339	0.0073576
0.004804	0.00625456	0.00735759
0.00480408	0.00636579	0.0073576
0.00489703	0.00655848	0.00739931
0.0049717	0.00558778	0.00745252
0.00497166	0.00569889	0.0074525
0.00497167	0.00581001	0.0074525
0.00497175	0.00592113	0.00745255
0.00497171	0.00603226	0.00745255
0.00497134	0.00614341	0.00745231
0.00497114	0.0062546	0.0074522
0.00497117	0.00636591	0.00745218
0.00506775	0.0065615	0.00750008
0.00512949	0.00558777	0.0075405
0.00512949	0.00569889	0.0075405
0.00512949	0.00581	0.0075405
0.00512963	0.00592113	0.00754054
0.00512968	0.00603224	0.00754059
0.0051297	0.00614337	0.00754062
0.00512961	0.00625456	0.00754056
0.00512973	0.00636568	0.00754046
0.00521223	0.00655362	0.00757664
0.00530248	0.00558776	0.00763816
0.00530249	0.00569889	0.00763817
0.00530248	0.00581001	0.00763816
0.00530255	0.00592111	0.00763823
0.00530257	0.00603223	0.00763823
0.00530257	0.00614336	0.00763824
0.00530252	0.00625449	0.00763819
0.0053029	0.00636566	0.00763835
0.00538938	0.00655511	0.00767369
0.00547477	0.00558776	0.00773565
0.0054748	0.00569889	0.00773566
0.00547484	0.00581001	0.00773568
0.00547464	0.00592113	0.0077356
0.00547456	0.00603225	0.00773558
0.00547457	0.00614339	0.00773558
0.00547471	0.00625458	0.00773565
0.00547466	0.0063659	0.00773567
0.00554121	0.00656209	0.00776064
0.0056019	0.00558776	0.00780521
0.00560191	0.00569889	0.00780521
0.00560192	0.00581002	0.00780518
0.00560189	0.00592112	0.00780519
0.00560188	0.00603224	0.00780514
0.00560189	0.00614336	0.00780515
0.0056019	0.00625451	0.00780517
0.00560198	0.00636567	0.0078051
0.00568239	0.00656311	0.00783785
0.00577036	0.00558777	0.00789857
0.00577037	0.00569888	0.00789858
0.00577053	0.00580999	0.0078987
0.00577072	0.00592112	0.00789881
0.0057707	0.00603225	0.0078988
0.0057707	0.00614339	0.00789881
0.00577072	0.00625457	0.00789887
0.00577069	0.00636589	0.00789889
0.00585626	0.00657345	0.007925
0.00593675	0.00558776	0.00797859
0.00593677	0.00569889	0.00797859
0.00593674	0.00581002	0.00797853
0.00593674	0.00592112	0.00797854
0.0059367	0.00603225	0.00797844
0.00593672	0.00614338	0.00797847
0.00593673	0.00625455	0.00797847
0.00593664	0.00636579	0.00797817
0.0060284	0.00656792	0.00799673
0.00613733	0.00558777	0.0080535
0.00613735	0.00569889	0.00805353
0.00613725	0.00580999	0.00805367
0.00613724	0.00592112	0.00805371
0.0061372	0.00603226	0.00805365
0.00613719	0.00614341	0.00805372
0.00613717	0.00625463	0.00805377
0.00613681	0.00636604	0.00805368
0.00623927	0.00655521	0.00807371
0.0101904	0.00558776	0.0055514
0.0101904	0.0056989	0.0055514
0.0101904	0.00581002	0.0055514
0.0101904	0.00592115	0.00555139
0.0101904	0.00603231	0.00555139
0.0101904	0.0061435	0.00555138
0.0101904	0.0062548	0.00555135
0.0101904	0.00636639	0.00555128
0.0101871	0.00648426	0.00555264
0.0101799	0.00558776	0.00591837
0.0101799	0.0056989	0.00591838
0.0101799	0.00581002	0.00591838
0.0101799	0.00592115	0.00591838
0.0101799	0.00603231	0.00591838
0.0101799	0.00614351	0.00591838
0.0101799	0.00625482	0.00591836
0.0101798	0.00636646	0.00591831
0.0101315	0.0066012	0.00590691
0.0101555	0.00558775	0.00627171
0.0101555	0.0056989	0.00627172
0.0101555	0.00581003	0.00627172
0.0101555	0.00592119	0.00627172
0.0101555	0.00603239	0.00627172
0.0101555	0.00614369	0.00627171
0.0101555	0.00625523	0.00627172
0.0101553	0.00636752	0.00627168
0.0101058	0.00658988	0.00626368
0.0100428	0.00558775	0.00664864
0.0100428	0.0056989	0.00664863
0.0100428	0.00581004	0.00664863
0.0100429	0.00592121	0.00664863
0.0100429	0.00603242	0.00664863
0.0100429	0.00614377	0.00664863
0.0100431	0.00625544	0.00664845
0.0100432	0.00636815	0.00664775
0.00999451	0.006585	0.00662616
0.00980512	0.00558775	0.00693976
0.00980511	0.0056989	0.00693978
0.00980512	0.00581003	0.00693978
0.00980512	0.00592118	0.00693978
0.00980514	0.00603237	0.00693978
0.00980516	0.00614364	0.00693977
0.00980519	0.00625513	0.00693976
0.009805	0.00636731	0.00693958
0.00976629	0.0065786	0.00691441
0.00951212	0.00558776	0.00714592
0.00951211	0.00569889	0.00714593
0.00951212	0.00581002	0.00714592
0.00951212	0.00592115	0.00714593
0.00951213	0.00603229	0.00714593
0.00951214	0.00614349	0.00714592
0.00951217	0.00625477	0.00714593
0.00951216	0.00636636	0.00714585
0.00949203	0.00657225	0.0071286
0.0092172	0.00558776	0.00730529
0.00921715	0.00569889	0.00730531
0.00921716	0.00581001	0.00730531
0.00921716	0.00592114	0.0073053
0.00921721	0.00603229	0.0073053
0.00921729	0.00614347	0.00730528
0.00921733	0.00625475	0.00730528
0.00921733	0.00636626	0.00730528
0.00920865	0.00656503	0.00729486
0.00893197	0.00558778	0.00744978
0.00893198	0.0056989	0.00744976
0.00893198	0.00581002	0.00744976
0.00893199	0.00592115	0.00744976
0.00893205	0.00603226	0.00744976
0.00893086	0.00614339	0.00745029
0.00893068	0.00625459	0.00745035
0.0089307	0.00636589	0.00745035
0.00892555	0.00656022	0.00743932
0.00868299	0.00558776	0.00757324
0.00868297	0.00569889	0.00757325
0.00868297	0.00581001	0.00757325
0.00868298	0.00592114	0.00757325
0.00868294	0.0060323	0.00757326
0.00868391	0.0061435	0.00757284
0.0086845	0.00625474	0.00757259
0.00868404	0.00636619	0.00757279
0.00868222	0.00656109	0.00756135
0.00845082	0.00558777	0.0076793
0.00845084	0.0056989	0.0076793
0.00845084	0.00581002	0.0076793
0.00845084	0.00592114	0.00767929
0.00845085	0.00603227	0.00767929
0.00845009	0.00614341	0.00767947
0.00844986	0.00625464	0.00767952
0.00844991	0.00636598	0.0076795
0.00844469	0.00655448	0.00766953
0.00822318	0.00558776	0.00777249
0.00822317	0.00569889	0.00777249
0.00822318	0.00581001	0.00777249
0.00822318	0.00592114	0.00777249
0.00822324	0.00603228	0.00777248
0.00822388	0.00614346	0.00777234
0.00822419	0.00625471	0.00777226
0.00822398	0.00636611	0.00777237
0.00822023	0.00655541	0.00776322
0.00799939	0.00558778	0.00785434
0.00799941	0.0056989	0.00785434
0.00799941	0.00581002	0.00785434
0.00799941	0.00592114	0.00785434
0.0079994	0.00603226	0.00785433
0.00799868	0.0061434	0.00785431
0.00799845	0.0062546	0.00785432
0.00799854	0.00636589	0.00785428
0.00799714	0.00655724	0.00784612
0.00778463	0.00558777	0.00792861
0.00778462	0.00569889	0.00792861
0.00778462	0.00581001	0.00792861
0.00778462	0.00592113	0.00792861
0.00778464	0.00603227	0.00792861
0.00778512	0.00614345	0.0079285
0.00778537	0.00625467	0.00792844
0.00778515	0.00636604	0.00792855
0.007783	0.00655375	0.00792246
0.00756389	0.00558777	0.00800121
0.00756392	0.00569889	0.00800121
0.00756392	0.00581001	0.00800121
0.00756392	0.00592113	0.00800121
0.00756392	0.00603226	0.00800119
0.00756332	0.00614339	0.00800103
0.00756316	0.00625459	0.00800099
0.00756313	0.00636585	0.0080009
0.00756491	0.006547	0.00799275
0.00735677	0.00558776	0.00805939
0.0073568	0.00569889	0.00805938
0.0073568	0.00581001	0.00805938
0.0073568	0.00592113	0.00805938
0.0073566	0.00603227	0.00805942
0.00735613	0.00614345	0.00805955
0.00735602	0.00625466	0.00805959
0.00735518	0.00636605	0.00805985
0.00736018	0.00655202	0.00804961
0.00713047	0.00558777	0.00810777
0.00713052	0.00569889	0.00810776
0.00713052	0.00581001	0.00810776
0.00713052	0.00592114	0.00810776
0.00713052	0.00603226	0.00810775
0.00713005	0.00614338	0.00810757
0.00713046	0.00625465	0.00810701
0.00713001	0.00636604	0.00810753
0.00712968	0.00655429	0.00809572
0.00691951	0.00558777	0.00813552
0.00691951	0.00569889	0.00813552
0.00691951	0.00581001	0.00813552
0.00691951	0.00592113	0.00813552
0.00691955	0.00603227	0.00813554
0.00691992	0.00614347	0.00813545
0.00692054	0.00625464	0.00813498
0.00691997	0.00636597	0.00813549
0.00691381	0.00655613	0.00812225
0.00669424	0.00558776	0.00814459
0.00669424	0.00569889	0.00814459
0.00669413	0.00581001	0.00814459
0.00669412	0.00592114	0.00814458
0.00669415	0.00603227	0.00814459
0.00669403	0.00614345	0.0081446
0.00669416	0.0062547	0.00814463
0.00669433	0.00636619	0.0081448
0.00669237	0.00655668	0.00812936
0.00633668	0.00558777	0.00810662
0.00633668	0.00569889	0.00810662
0.00633654	0.00581002	0.00810657
0.00633649	0.00592114	0.00810655
0.00633661	0.00603227	0.00810647
0.0063369	0.00614343	0.00810624
0.00633674	0.00625469	0.00810629
0.00633644	0.00636608	0.00810626
0.00633966	0.00648071	0.00810714
0.00887114	0.00625465	0.00352065
0.00887088	0.00631028	0.00352051
0.00874364	0.00631086	0.00345154
0.00887041	0.00636607	0.00352019
0.00886927	0.00642194	0.0035195
0.00873739	0.00642196	0.00344942
0.00886972	0.00647901	0.00351876
0.0088636	0.00655673	0.00352523
0.00873601	0.00655991	0.00345752
0.00913903	0.00558776	0.00366181
0.00913902	0.00564333	0.00366181
0.00900999	0.00564334	0.00359441
0.00913902	0.00569889	0.00366181
0.00913902	0.00575445	0.00366181
0.00900999	0.00575446	0.00359441
0.00913903	0.00581001	0.00366181
0.00913903	0.00586557	0.00366181
0.00900999	0.00586558	0.0035944
0.00913903	0.00592113	0.00366181
0.00913903	0.0059767	0.00366181
0.00900999	0.00597671	0.0035944
0.00913903	0.00603227	0.00366181
0.00913903	0.00608784	0.00366181
0.00901003	0.00608785	0.00359443
0.00913905	0.00614343	0.00366181
0.00913908	0.00619904	0.00366182
0.00901012	0.00619907	0.0035945
0.00913912	0.00625466	0.00366182
0.00913917	0.00631032	0.00366183
0.00900971	0.0063103	0.00359431
0.00913922	0.00636607	0.00366187
0.00913937	0.00642196	0.00366242
0.00900972	0.00642188	0.00359421
0.00913836	0.00647976	0.00366231
0.00912439	0.00656065	0.00366885
0.00899498	0.00655637	0.00359697
0.00942334	0.00558776	0.00381617
0.00942346	0.00564333	0.00381623
0.00927279	0.00564334	0.00373205
0.00942351	0.00569889	0.00381627
0.00942351	0.00575445	0.00381627
0.00927281	0.00575445	0.00373207
0.00942352	0.00581002	0.00381627
0.00942351	0.00586558	0.00381627
0.00927282	0.00586558	0.00373207
0.00942352	0.00592115	0.00381627
0.00942352	0.00597672	0.00381627
0.00927282	0.00597671	0.00373207
0.00942352	0.0060323	0.00381627
0.00942353	0.0060879	0.00381627
0.00927282	0.00608787	0.00373206
0.00942354	0.0061435	0.00381627
0.00942355	0.00619913	0.00381626
0.00927283	0.00619908	0.00373206
0.00942357	0.00625481	0.00381626
0.00942357	0.00631055	0.00381626
0.00927279	0.00631042	0.00373204
0.00942345	0.00636643	0.00381625
0.00942281	0.00642255	0.0038166
0.00927249	0.00642213	0.00373301
0.00941881	0.00648075	0.00381605
0.00940098	0.00657123	0.00382598
0.00925615	0.00656597	0.00374241
0.00969148	0.00558777	0.00399217
0.00969159	0.00564334	0.00399227
0.0095635	0.00564333	0.00390142
0.00969163	0.0056989	0.00399231
0.00969163	0.00575446	0.00399231
0.00956353	0.00575445	0.00390144
0.00969163	0.00581002	0.00399231
0.00969163	0.00586558	0.00399231
0.00956353	0.00586558	0.00390144
0.00969163	0.00592115	0.00399231
0.00969164	0.00597673	0.00399231
0.00956353	0.00597672	0.00390144
0.00969164	0.00603231	0.0039923
0.00969164	0.00608791	0.0039923
0.00956354	0.00608789	0.00390143
0.00969165	0.00614352	0.0039923
0.00969167	0.00619917	0.0039923
0.00956354	0.00619912	0.00390141
0.00969168	0.00625485	0.0039923
0.00969167	0.00631062	0.00399232
0.00956352	0.00631052	0.0039014
0.0096916	0.00636656	0.00399238
0.00969082	0.006423	0.0039925
0.00956266	0.00642269	0.00390128
0.00968857	0.0064825	0.00399601
0.00966779	0.00657137	0.00401814
0.00953815	0.00657298	0.00391553
0.00996896	0.00558774	0.00427262
0.00996905	0.00564333	0.00427269
0.0098319	0.00564333	0.00411342
0.0099691	0.0056989	0.00427273
0.0099691	0.00575447	0.00427273
0.009832	0.00575447	0.0041135
0.0099691	0.00581004	0.00427273
0.00996911	0.00586561	0.00427274
0.009832	0.0058656	0.0041135
0.00996911	0.00592119	0.00427273
0.00996911	0.00597679	0.00427272
0.00983201	0.00597677	0.0041135
0.00996912	0.0060324	0.00427273
0.00996912	0.00608804	0.00427272
0.00983202	0.006088	0.00411349
0.00996914	0.00614372	0.00427272
0.00996914	0.00619946	0.00427271
0.00983205	0.00619937	0.00411349
0.00996913	0.0062553	0.0042727
0.00996907	0.00631132	0.00427272
0.00983203	0.00631111	0.00411353
0.00996871	0.00636772	0.0042727
0.00996691	0.00642521	0.00427253
0.00983034	0.00642451	0.0041137
0.00995932	0.00648646	0.00427458
0.00992157	0.00657248	0.00429264
0.00979741	0.00657004	0.00414069
0.0101572	0.00558776	0.0046297
0.0101572	0.00564334	0.00462972
0.0100817	0.00564333	0.00445703
0.0101572	0.0056989	0.00462972
0.0101572	0.00575447	0.00462972
0.0100817	0.00575447	0.00445703
0.0101572	0.00581004	0.00462972
0.0101572	0.00586562	0.00462972
0.0100817	0.00586561	0.00445703
0.0101572	0.0059212	0.00462972
0.0101572	0.0059768	0.00462972
0.0100817	0.00597678	0.00445703
0.0101573	0.00603242	0.00462973
0.0101573	0.00608807	0.00462973
0.0100817	0.00608803	0.00445702
0.0101573	0.00614376	0.00462974
0.0101573	0.00619952	0.00462975
0.0100817	0.00619942	0.00445702
0.0101573	0.00625539	0.00462977
0.0101572	0.00631147	0.0046298
0.0100816	0.00631122	0.00445701
0.0101569	0.00636799	0.00462983
0.0101555	0.00642583	0.00462965
0.0100797	0.00642506	0.0044564
0.0101472	0.00648902	0.00462765
0.0100935	0.006594	0.00463245
0.0100211	0.00658566	0.00446467
0.0101999	0.00558775	0.00498632
0.0101999	0.00564334	0.00498626
0.0101929	0.00564334	0.00479195
0.0101999	0.0056989	0.00498627
0.0101999	0.00575446	0.00498627
0.0101929	0.00575447	0.00479195
0.0101999	0.00581003	0.00498627
0.0101999	0.0058656	0.00498626
0.0101929	0.00586562	0.00479195
0.0101999	0.00592118	0.00498627
0.0101999	0.00597677	0.00498626
0.0101929	0.00597681	0.00479194
0.0101999	0.00603237	0.00498625
0.0101999	0.006088	0.00498625
0.0101929	0.00608809	0.00479194
0.0101999	0.00614365	0.00498624
0.0101999	0.00619935	0.00498622
0.0101929	0.00619957	0.00479192
0.0101999	0.00625513	0.00498621
0.0101999	0.00631104	0.00498618
0.0101928	0.00631158	0.00479192
0.0101998	0.00636722	0.00498625
0.0101994	0.00642416	0.00498685
0.0101916	0.00642599	0.00479254
0.0101969	0.00648616	0.00498873
0.0101598	0.00659303	0.00501034
0.010144	0.00659158	0.00481308
0.0101951	0.00558776	0.00538001
0.0101951	0.00564333	0.00538001
0.010197	0.00564333	0.00519562
0.0101951	0.0056989	0.00538001
0.0101951	0.00575446	0.00538001
0.010197	0.00575446	0.00519563
0.0101951	0.00581002	0.00538002
0.0101951	0.00586559	0.00538001
0.010197	0.00586559	0.00519563
0.0101951	0.00592116	0.00538002
0.0101951	0.00597674	0.00538002
0.010197	0.00597672	0.00519562
0.0101951	0.00603232	0.00538002
0.0101951	0.00608791	0.00538003
0.010197	0.00608789	0.00519562
0.0101951	0.00614352	0.00538004
0.0101951	0.00619916	0.00538005
0.010197	0.00619912	0.00519561
0.0101951	0.00625484	0.00538006
0.0101951	0.00631059	0.00538009
0.010197	0.00631049	0.00519559
0.010195	0.00636648	0.00538014
0.0101948	0.00642296	0.00538007
0.0101969	0.00642259	0.00519558
0.0101917	0.00648431	0.0053786
0.0101485	0.00659396	0.00537718
0.0101551	0.00659338	0.00519779
0.00409556	0.00564334	0.00392798
0.00401347	0.00564334	0.00401257
0.00401341	0.00558777	0.00401265
0.00409558	0.00575446	0.00392796
0.00401349	0.00575445	0.00401254
0.0040135	0.00569889	0.00401253
0.00409557	0.00586559	0.00392796
0.0040135	0.00586558	0.00401253
0.00401349	0.00581001	0.00401253
0.00409558	0.00597672	0.00392795
0.00401349	0.00597671	0.00401253
0.00401349	0.00592114	0.00401254
0.00409554	0.0060879	0.00392797
0.0040134	0.00608787	0.00401264
0.00401346	0.00603229	0.00401257
0.00409566	0.00619913	0.00392779
0.00401354	0.0061991	0.00401244
0.00401343	0.00614348	0.0040126
0.00409569	0.00631055	0.00392775
0.00401359	0.00631047	0.00401236
0.0040136	0.00625475	0.00401235
0.00409586	0.00642281	0.00392815
0.00401349	0.00642257	0.00401288
0.00401353	0.00636631	0.00401249
0.00411362	0.00656648	0.00394829
0.00403041	0.00656789	0.00403171
0.00401442	0.00648167	0.00401561
0.00393168	0.00564334	0.00411414
0.00385659	0.00564333	0.00422779
0.00385659	0.00558776	0.0042278
0.0039317	0.00575445	0.00411411
0.00385659	0.00575445	0.0042278
0.00385659	0.00569889	0.00422779
0.0039317	0.00586558	0.00411412
0.00385659	0.00586558	0.00422779
0.00385659	0.00581002	0.00422779
0.0039317	0.00597671	0.00411411
0.00385658	0.00597672	0.00422779
0.00385659	0.00592115	0.0042278
0.00393165	0.00608788	0.00411416
0.00385658	0.00608789	0.00422779
0.00385658	0.0060323	0.00422779
0.00393172	0.00619913	0.00411406
0.00385657	0.00619913	0.00422779
0.00385658	0.0061435	0.00422779
0.00393179	0.00631051	0.00411395
0.00385658	0.00631053	0.00422775
0.00385656	0.0062548	0.00422778
0.00393186	0.00642256	0.0041142
0.00385675	0.00642252	0.00422777
0.00385661	0.00636637	0.00422775
0.00394928	0.00656574	0.00412574
0.00387346	0.00656344	0.00423212
0.00385843	0.00648088	0.00422706
0.00379306	0.00564333	0.00434651
0.00373917	0.00564333	0.00446638
0.00373917	0.00558776	0.00446639
0.00379306	0.00575445	0.00434651
0.00373917	0.00575445	0.00446638
0.00373917	0.00569889	0.00446638
0.00379306	0.00586558	0.00434651
0.00373917	0.00586558	0.00446638
0.00373917	0.00581001	0.00446638
0.00379305	0.00597671	0.0043465
0.00373916	0.00597671	0.00446638
0.00373917	0.00592115	0.00446638
0.00379305	0.00608788	0.0043465
0.00373916	0.00608788	0.00446638
0.00373916	0.00603229	0.00446638
0.00379304	0.00619911	0.00434649
0.00373915	0.0061991	0.00446639
0.00373915	0.00614348	0.00446638
0.00379305	0.00631047	0.00434646
0.00373913	0.00631045	0.00446638
0.00373914	0.00625475	0.00446638
0.00379314	0.00642235	0.00434651
0.0037391	0.00642223	0.00446659
0.00373914	0.00636624	0.00446638
0.00380867	0.0065676	0.0043467
0.00375552	0.00656872	0.00446339
0.00373976	0.00648049	0.00446528
0.00369344	0.00564333	0.00458379
0.00365571	0.00564333	0.00469313
0.00365571	0.00558776	0.00469314
0.00369345	0.00575445	0.00458379
0.00365571	0.00575445	0.00469313
0.00365571	0.00569889	0.00469313
0.00369344	0.00586558	0.00458379
0.00365571	0.00586558	0.00469313
0.00365571	0.00581002	0.00469313
0.00369344	0.00597671	0.00458379
0.0036557	0.00597672	0.00469314
0.00365571	0.00592115	0.00469313
0.00369344	0.00608787	0.00458379
0.0036557	0.00608789	0.00469314
0.0036557	0.0060323	0.00469313
0.00369343	0.00619909	0.00458378
0.00365568	0.00619912	0.00469315
0.00365569	0.00614349	0.00469314
0.00369342	0.00631042	0.00458376
0.00365566	0.00631049	0.00469315
0.00365567	0.00625478	0.00469314
0.00369335	0.00642214	0.00458384
0.00365551	0.00642232	0.00469333
0.00365567	0.00636629	0.00469315
0.0037118	0.00656321	0.00457775
0.00367049	0.0065592	0.00469094
0.00365582	0.00648091	0.00469211
0.00362643	0.00564333	0.00479737
0.0036007	0.00564333	0.00490978
0.0036007	0.00558777	0.00490977
0.00362643	0.00575445	0.00479737
0.00360069	0.00575445	0.00490978
0.0036007	0.00569889	0.00490978
0.00362643	0.00586557	0.00479737
0.00360069	0.00586557	0.00490978
0.00360069	0.00581001	0.00490978
0.00362642	0.0059767	0.00479739
0.00360068	0.0059767	0.00490983
0.00360069	0.00592114	0.0049098
0.00362642	0.00608785	0.00479739
0.00360068	0.00608785	0.00490986
0.00360068	0.00603227	0.00490985
0.00362641	0.00619903	0.00479738
0.00360066	0.00619904	0.00490987
0.00360067	0.00614344	0.00490986
0.00362641	0.0063103	0.00479735
0.00360065	0.00631031	0.0049099
0.00360066	0.00625466	0.00490988
0.00362631	0.00642186	0.00479748
0.00360059	0.00642191	0.0049104
0.00360065	0.00636603	0.00490995
0.00363726	0.00656134	0.00480094
0.00361332	0.00656516	0.00491634
0.00360081	0.00647982	0.00491177
0.00357762	0.00564333	0.00503584
0.00356237	0.00564334	0.00516678
0.00356237	0.00558776	0.0051668
0.00357762	0.00575446	0.00503584
0.00356237	0.00575446	0.00516678
0.00356237	0.0056989	0.00516678
0.00357762	0.00586559	0.00503584
0.00356236	0.00586559	0.00516678
0.00356237	0.00581002	0.00516678
0.00357761	0.00597673	0.00503587
0.00356236	0.00597674	0.00516678
0.00356236	0.00592116	0.00516679
0.0035776	0.00608792	0.00503587
0.00356235	0.00608792	0.00516679
0.00356236	0.00603232	0.00516679
0.00357759	0.00619918	0.00503586
0.00356233	0.00619919	0.00516679
0.00356234	0.00614354	0.00516679
0.00357758	0.0063106	0.00503585
0.00356232	0.00631063	0.00516681
0.00356232	0.00625488	0.0051668
0.00357762	0.0064226	0.00503629
0.00356242	0.00642268	0.00516704
0.00356233	0.0063665	0.00516685
0.00359428	0.00656495	0.00504199
0.00358026	0.00656365	0.0051694
0.00356358	0.00648162	0.00516591
0.00355703	0.00564334	0.00528845
0.00355605	0.00564334	0.00540194
0.00355604	0.00558776	0.00540194
0.00355703	0.00575445	0.00528845
0.00355605	0.00575445	0.00540194
0.00355605	0.00569889	0.00540194
0.00355703	0.00586557	0.00528845
0.00355605	0.00586557	0.00540194
0.00355605	0.00581001	0.00540194
0.00355703	0.0059767	0.00528845
0.00355605	0.0059767	0.00540194
0.00355605	0.00592113	0.00540194
0.00355702	0.00608785	0.00528844
0.00355604	0.00608784	0.00540195
0.00355604	0.00603227	0.00540195
0.00355702	0.00619903	0.00528843
0.00355603	0.00619902	0.00540197
0.00355604	0.00614343	0.00540196
0.00355701	0.00631028	0.00528839
0.00355602	0.00631026	0.00540201
0.00355603	0.00625463	0.00540198
0.00355707	0.00642187	0.00528827
0.00355608	0.00642181	0.00540212
0.00355603	0.00636594	0.00540205
0.00357369	0.00656283	0.00528883
0.00357133	0.00656288	0.00540328
0.00355707	0.00647991	0.00540126
0.00355791	0.00564334	0.00551543
0.00356168	0.00564334	0.00562799
0.00356168	0.00558776	0.00562798
0.00355792	0.00575445	0.00551543
0.00356168	0.00575445	0.00562799
0.00356168	0.00569889	0.00562798
0.00355791	0.00586557	0.00551542
0.00356168	0.00586557	0.00562799
0.00356168	0.00581001	0.00562799
0.00355791	0.0059767	0.00551542
0.00356168	0.0059767	0.00562799
0.00356168	0.00592113	0.00562799
0.0035579	0.00608784	0.00551541
0.00356167	0.00608784	0.005628
0.00356168	0.00603226	0.00562799
0.0035579	0.00619901	0.0055154
0.00356167	0.006199	0.00562802
0.00356167	0.00614341	0.00562801
0.00355788	0.00631024	0.00551536
0.00356166	0.00631023	0.00562806
0.00356166	0.0062546	0.00562803
0.00355794	0.00642176	0.00551525
0.00356171	0.00642172	0.00562816
0.00356167	0.0063659	0.0056281
0.0035721	0.00656322	0.00551666
0.00357528	0.00656561	0.00562896
0.00356242	0.00647959	0.00562822
0.00356668	0.00564334	0.00573404
0.00357641	0.00564333	0.0058418
0.00357641	0.00558776	0.00584182
0.00356668	0.00575445	0.00573404
0.00357641	0.00575445	0.0058418
0.00357641	0.00569889	0.0058418
0.00356668	0.00586558	0.00573404
0.00357641	0.00586558	0.0058418
0.00357641	0.00581002	0.0058418
0.00356668	0.00597671	0.00573404
0.0035764	0.00597672	0.00584181
0.0035764	0.00592115	0.00584181
0.00356667	0.00608788	0.00573403
0.0035764	0.00608789	0.00584181
0.0035764	0.0060323	0.00584181
0.00356666	0.00619909	0.00573402
0.00357639	0.00619911	0.00584183
0.00357639	0.00614349	0.00584182
0.00356665	0.00631043	0.00573401
0.0035764	0.00631047	0.00584186
0.00357639	0.00625477	0.00584184
0.00356671	0.00642218	0.00573403
0.00357643	0.00642225	0.00584208
0.0035764	0.00636627	0.00584192
0.0035768	0.00648058	0.00584399
0.00356722	0.00648068	0.00573502
0.00358091	0.00657171	0.00573734
0.00359346	0.00564333	0.00595672
0.00361593	0.00564333	0.00606903
0.00361593	0.00558777	0.00606902
0.00359346	0.00575445	0.00595672
0.00361593	0.00575445	0.00606903
0.00361593	0.00569889	0.00606903
0.00359346	0.00586557	0.00595672
0.00361593	0.00586557	0.00606903
0.00361593	0.00581001	0.00606904
0.00359345	0.00597669	0.00595672
0.00361593	0.00597669	0.00606904
0.00361593	0.00592113	0.00606904
0.00359345	0.00608783	0.00595671
0.00361592	0.00608783	0.00606905
0.00361593	0.00603225	0.00606904
0.00359345	0.006199	0.00595669
0.00361592	0.00619899	0.00606906
0.00361592	0.00614341	0.00606905
0.00359347	0.00631022	0.00595666
0.00361595	0.00631021	0.00606912
0.00361593	0.00625459	0.00606909
0.00359341	0.00642165	0.00595658
0.00361596	0.00642165	0.00606921
0.00361598	0.00636587	0.00606917
0.00361613	0.00647933	0.00606879
0.00359348	0.00647919	0.00595689
0.00360486	0.00656434	0.00595617
0.00364415	0.00564334	0.00617859
0.00368284	0.00564333	0.00629035
0.00368284	0.00558777	0.00629034
0.00364414	0.00575446	0.00617859
0.00368284	0.00575445	0.00629035
0.00368285	0.00569889	0.00629035
0.00364414	0.00586558	0.00617859
0.00368284	0.00586558	0.00629035
0.00368284	0.00581001	0.00629035
0.00364414	0.00597672	0.00617858
0.00368284	0.00597671	0.00629035
0.00368284	0.00592114	0.00629035
0.00364413	0.0060879	0.00617858
0.00368284	0.00608788	0.00629035
0.00368284	0.00603229	0.00629035
0.00364412	0.00619914	0.00617857
0.00368283	0.00619911	0.00629036
0.00368283	0.00614348	0.00629036
0.00364409	0.00631053	0.00617855
0.00368281	0.00631046	0.00629038
0.00368282	0.00625476	0.00629037
0.00364414	0.00642242	0.00617849
0.0036829	0.00642225	0.00629048
0.00368283	0.00636625	0.0062904
0.00368395	0.00648039	0.00629138
0.00364482	0.00648057	0.0061783
0.00365683	0.00655877	0.00617439
0.00373295	0.00564333	0.00641049
0.00379167	0.00564333	0.00653471
0.00379167	0.00558777	0.00653471
0.00373295	0.00575445	0.00641049
0.00379167	0.00575445	0.00653471
0.00379167	0.00569889	0.00653471
0.00373295	0.00586558	0.00641049
0.00379167	0.00586558	0.00653471
0.00379167	0.00581001	0.00653471
0.00373294	0.00597672	0.00641049
0.00379166	0.00597672	0.00653471
0.00379166	0.00592114	0.00653471
0.00373294	0.00608788	0.00641048
0.00379166	0.00608788	0.00653472
0.00379166	0.0060323	0.00653471
0.00373292	0.00619911	0.00641048
0.00379165	0.0061991	0.00653473
0.00379166	0.00614348	0.00653472
0.0037329	0.00631047	0.00641047
0.00379164	0.00631047	0.00653475
0.00379164	0.00625476	0.00653474
0.00373283	0.00642225	0.00641028
0.00379155	0.00642226	0.0065345
0.00379161	0.00636626	0.00653468
0.00379118	0.00647998	0.00653338
0.00373317	0.00648008	0.00641061
0.00374359	0.00656079	0.00640903
0.00385434	0.00564333	0.00665035
0.00391774	0.00564333	0.00675034
0.00391776	0.00558776	0.00675034
0.00385433	0.00575445	0.00665035
0.00391774	0.00575445	0.00675034
0.00391774	0.00569889	0.00675034
0.00385433	0.00586558	0.00665035
0.00391774	0.00586558	0.00675034
0.00391774	0.00581002	0.00675034
0.00385433	0.00597671	0.00665035
0.00391774	0.00597672	0.00675034
0.00391774	0.00592115	0.00675034
0.00385433	0.00608788	0.00665035
0.00391773	0.0060879	0.00675035
0.00391774	0.0060323	0.00675034
0.00385431	0.0061991	0.00665035
0.00391772	0.00619915	0.00675036
0.00391773	0.00614351	0.00675035
0.00385429	0.00631046	0.00665034
0.00391772	0.0063106	0.00675038
0.00391772	0.00625484	0.00675037
0.00385435	0.00642228	0.00665033
0.00391789	0.0064226	0.00675051
0.00391774	0.00636647	0.0067504
0.00391977	0.00648073	0.00675134
0.00385446	0.00647998	0.00664948
0.00386127	0.00655853	0.00664433
0.00399313	0.00564334	0.00683988
0.00409859	0.00564334	0.00693118
0.00409861	0.00558776	0.00693121
0.00399313	0.00575446	0.00683988
0.0040986	0.00575447	0.00693119
0.0040986	0.00569889	0.00693119
0.00399313	0.00586559	0.00683988
0.00409859	0.00586559	0.00693118
0.0040986	0.00581001	0.00693119
0.00399312	0.00597675	0.00683988
0.00409859	0.00597674	0.00693118
0.00409859	0.00592115	0.00693118
0.00399311	0.00608796	0.00683987
0.00409857	0.00608794	0.00693118
0.00409859	0.00603232	0.00693118
0.00399308	0.00619929	0.00683987
0.00409855	0.00619924	0.00693119
0.00409856	0.00614356	0.00693118
0.00399303	0.00631091	0.00683987
0.00409854	0.00631078	0.0069312
0.00409854	0.00625495	0.00693119
0.00399267	0.00642327	0.00683924
0.00409779	0.00642303	0.00693016
0.00409862	0.00636672	0.00693123
0.00409895	0.00648084	0.00693041
0.00399568	0.00648164	0.00684087
0.00400928	0.00656652	0.00684262
0.0101849	0.00558776	0.00572812
0.0101849	0.00564333	0.00572812
0.0101904	0.00564333	0.0055514
0.0101849	0.0056989	0.00572812
0.0101849	0.00575446	0.00572812
0.0101904	0.00575446	0.0055514
0.0101849	0.00581002	0.00572812
0.0101849	0.00586558	0.00572812
0.0101904	0.00586558	0.0055514
0.0101849	0.00592115	0.00572812
0.0101849	0.00597672	0.00572813
0.0101904	0.00597673	0.0055514
0.0101849	0.0060323	0.00572813
0.0101849	0.00608789	0.00572814
0.0101904	0.0060879	0.00555138
0.0101849	0.00614349	0.00572814
0.0101849	0.00619911	0.00572815
0.0101904	0.00619914	0.00555137
0.0101849	0.00625477	0.00572817
0.0101849	0.00631048	0.0057282
0.0101904	0.00631053	0.00555132
0.0101849	0.00636631	0.00572829
0.0101848	0.00642264	0.00572866
0.0101902	0.0064228	0.00555146
0.0101825	0.00648451	0.00573205
0.0101384	0.00660106	0.00572792
0.0101429	0.00659744	0.00555154
0.0101731	0.00558776	0.00609872
0.0101731	0.00564333	0.00609874
0.0101799	0.00564333	0.00591839
0.0101731	0.0056989	0.00609873
0.0101731	0.00575446	0.00609873
0.0101799	0.00575446	0.00591839
0.0101731	0.00581003	0.00609873
0.0101731	0.00586559	0.00609874
0.0101799	0.00586559	0.00591838
0.0101731	0.00592116	0.00609874
0.0101731	0.00597674	0.00609874
0.0101799	0.00597673	0.00591838
0.0101731	0.00603234	0.00609875
0.0101731	0.00608794	0.00609876
0.0101799	0.00608791	0.00591838
0.0101731	0.00614357	0.00609877
0.0101732	0.00619924	0.00609878
0.0101799	0.00619915	0.00591837
0.0101732	0.00625496	0.0060988
0.0101731	0.00631078	0.00609883
0.0101799	0.00631056	0.00591834
0.0101731	0.00636683	0.00609889
0.0101726	0.00642362	0.00609725
0.0101797	0.0064228	0.00591719
0.0101771	0.00648483	0.00591789
0.0101685	0.00648578	0.00609613
0.0101212	0.0065971	0.0060838
0.010114	0.00558775	0.00646593
0.0101141	0.00564334	0.00646593
0.0101555	0.00564334	0.00627172
0.0101141	0.0056989	0.00646592
0.0101141	0.00575447	0.00646592
0.0101555	0.00575447	0.00627172
0.0101141	0.00581004	0.00646592
0.0101141	0.00586562	0.00646593
0.0101555	0.00586561	0.00627172
0.0101141	0.00592121	0.00646593
0.0101141	0.0059768	0.00646593
0.0101555	0.00597678	0.00627172
0.0101141	0.00603243	0.00646594
0.0101141	0.00608808	0.00646594
0.0101555	0.00608802	0.00627172
0.0101141	0.00614377	0.00646595
0.0101141	0.00619954	0.00646596
0.0101555	0.00619942	0.00627172
0.0101142	0.00625542	0.00646591
0.0101142	0.00631153	0.0064658
0.0101555	0.00631121	0.00627171
0.0101141	0.00636808	0.00646566
0.010113	0.00642595	0.00646565
0.0101546	0.00642488	0.00627087
0.0101493	0.00648715	0.00627039
0.0101073	0.00648849	0.00646316
0.0100659	0.00658746	0.00645057
0.00994002	0.00558775	0.00680185
0.00993999	0.00564334	0.00680188
0.0100429	0.00564334	0.00664863
0.00993999	0.0056989	0.00680188
0.00993999	0.00575447	0.00680188
0.0100428	0.00575447	0.00664863
0.00993999	0.00581004	0.00680188
0.00993999	0.00586561	0.00680188
0.0100429	0.00586562	0.00664863
0.00993999	0.00592119	0.00680189
0.00994	0.00597678	0.00680189
0.0100429	0.0059768	0.00664863
0.00994	0.00603239	0.00680189
0.00994001	0.00608803	0.00680189
0.0100429	0.00608808	0.00664863
0.00994002	0.0061437	0.0068019
0.00994002	0.00619944	0.0068019
0.0100429	0.00619955	0.00664861
0.00994009	0.00625528	0.00680183
0.00994018	0.0063113	0.00680166
0.0100433	0.00631156	0.0066481
0.00994002	0.0063677	0.00680148
0.00993886	0.00642529	0.0068013
0.010042	0.00642618	0.00664778
0.0100356	0.00648852	0.00664451
0.00993214	0.00648665	0.00679856
0.00989338	0.00658017	0.00678125
0.00965398	0.00558777	0.00705701
0.00965398	0.00564333	0.00705701
0.00980512	0.00564333	0.00693978
0.00965399	0.0056989	0.00705701
0.00965399	0.00575446	0.00705701
0.00980512	0.00575447	0.00693978
0.00965398	0.00581002	0.00705701
0.00965399	0.00586559	0.00705701
0.00980512	0.0058656	0.00693978
0.00965399	0.00592116	0.00705701
0.00965399	0.00597674	0.00705701
0.00980513	0.00597676	0.00693978
0.00965399	0.00603233	0.00705702
0.009654	0.00608793	0.00705702
0.00980515	0.00608799	0.00693978
0.009654	0.00614356	0.00705703
0.00965401	0.00619922	0.00705703
0.00980517	0.00619935	0.00693978
0.00965402	0.00625494	0.00705703
0.009654	0.00631075	0.00705702
0.00980517	0.00631106	0.00693972
0.00965389	0.00636679	0.00705693
0.00965348	0.00642341	0.00705599
0.00980428	0.00642445	0.00693866
0.00979864	0.0064846	0.00693491
0.00964911	0.00648269	0.00705295
0.00962793	0.00657681	0.00702977
0.00937063	0.00558777	0.00722381
0.00937062	0.00564333	0.00722382
0.00951211	0.00564333	0.00714592
0.00937062	0.00569889	0.00722382
0.00937062	0.00575445	0.00722382
0.00951211	0.00575445	0.00714593
0.00937062	0.00581001	0.00722383
0.00937062	0.00586557	0.00722382
0.00951211	0.00586558	0.00714593
0.00937062	0.00592114	0.00722383
0.00937062	0.0059767	0.00722383
0.00951212	0.00597672	0.00714593
0.00937062	0.00603228	0.00722383
0.00937062	0.00608786	0.00722383
0.00951213	0.00608788	0.00714593
0.00937062	0.00614345	0.00722384
0.00937062	0.00619906	0.00722384
0.00951215	0.00619911	0.00714593
0.00937062	0.00625469	0.00722384
0.00937061	0.00631037	0.00722385
0.00951218	0.0063105	0.00714591
0.00937058	0.00636613	0.00722385
0.00937044	0.00642213	0.00722386
0.00951197	0.00642262	0.00714542
0.00950866	0.00648134	0.00714489
0.00936893	0.00648026	0.00722442
0.00935207	0.00656676	0.00721587
0.00906691	0.00558775	0.00738237
0.00906691	0.00564334	0.00738235
0.00921716	0.00564333	0.0073053
0.00906688	0.00569888	0.00738236
0.00906688	0.00575446	0.00738236
0.00921715	0.00575445	0.00730531
0.00906689	0.00581	0.00738236
0.00906689	0.00586559	0.00738236
0.00921716	0.00586558	0.00730531
0.00906689	0.00592113	0.00738236
0.00906691	0.00597672	0.00738236
0.00921718	0.00597671	0.0073053
0.00906698	0.00603227	0.00738236
0.00906677	0.00608792	0.00738245
0.00921724	0.00608787	0.00730529
0.00906627	0.00614349	0.00738265
0.00906611	0.00619906	0.00738272
0.00921732	0.0061991	0.00730528
0.00906613	0.00625471	0.00738272
0.00906614	0.00631039	0.00738272
0.00921733	0.00631046	0.00730529
0.00906613	0.00636616	0.00738271
0.00906617	0.00642211	0.00738265
0.00921734	0.00642228	0.00730523
0.00921832	0.00648033	0.00730484
0.0090689	0.00648003	0.00738164
0.0090632	0.00656226	0.00737105
0.0088082	0.00614336	0.00751166
0.00880849	0.00619903	0.00751156
0.00893065	0.00619899	0.00745036
0.00880849	0.00625462	0.00751156
0.00880838	0.00631032	0.00751161
0.00893069	0.00631022	0.00745035
0.00880823	0.00636597	0.00751166
0.00880839	0.00642179	0.00751157
0.00893066	0.00642166	0.00745033
0.00893339	0.00647932	0.00744928
0.00880984	0.00647942	0.0075108
0.00880072	0.0065609	0.0075013
0.00861989	0.00558777	0.00338873
0.00861988	0.00564333	0.00338873
0.0085132	0.00564334	0.00333446
0.00861988	0.00569889	0.00338873
0.00861987	0.00575445	0.00338872
0.00851318	0.00575446	0.00333444
0.00861986	0.00581001	0.00338871
0.00861986	0.00586557	0.0033887
0.00851308	0.00586558	0.00333439
0.00861985	0.00592114	0.0033887
0.00861986	0.0059767	0.0033887
0.00851308	0.00597671	0.00333438
0.00861986	0.00603227	0.0033887
0.00861985	0.00608785	0.00338871
0.00851308	0.00608785	0.00333439
0.00862039	0.00614351	0.00338902
0.00862201	0.00619929	0.00338948
0.00851049	0.0061992	0.00333321
0.00887029	0.00558778	0.00352008
0.00887032	0.00564333	0.0035201
0.00873673	0.00564333	0.00344926
0.00887031	0.0056989	0.00352009
0.00887031	0.00575444	0.0035201
0.00873674	0.00575445	0.00344927
0.00887031	0.00581002	0.0035201
0.00887031	0.00586557	0.0035201
0.00873674	0.00586557	0.00344927
0.00887031	0.00592115	0.0035201
0.00887031	0.0059767	0.00352009
0.00873674	0.00597671	0.00344927
0.00887031	0.00603229	0.00352009
0.00887037	0.00608786	0.00352014
0.00873674	0.00608787	0.00344928
0.00887087	0.00614342	0.00352044
0.00887133	0.00619901	0.0035207
0.00874001	0.00619887	0.00345073
0.00880782	0.00558777	0.00751175
0.0088078	0.00564333	0.00751176
0.008932	0.00564332	0.00744976
0.00880781	0.00569889	0.00751175
0.00880781	0.00575445	0.00751175
0.00893198	0.00575444	0.00744976
0.00880781	0.00581001	0.00751175
0.00880781	0.00586557	0.00751175
0.00893199	0.00586557	0.00744976
0.00880781	0.00592114	0.00751175
0.00880776	0.00597671	0.00751177
0.00893199	0.00597669	0.00744977
0.00880781	0.00603224	0.00751177
0.0088079	0.00608778	0.00751176
0.00893162	0.00608781	0.00744997
0.00856306	0.00558775	0.00763012
0.00856308	0.00564334	0.00763012
0.00868298	0.00564333	0.00757324
0.00856308	0.00569889	0.00763012
0.00856308	0.00575446	0.00763012
0.00868297	0.00575445	0.00757325
0.00856308	0.00581001	0.00763012
0.00856308	0.00586558	0.00763012
0.00868298	0.00586558	0.00757325
0.00856308	0.00592113	0.00763012
0.00856304	0.00597671	0.00763013
0.0086829	0.0059767	0.00757327
0.00856304	0.00603229	0.00763013
0.00856288	0.00608791	0.00763016
0.00868323	0.00608789	0.00757315
0.00840455	0.0063663	0.00328155
0.00840591	0.00642193	0.00328197
0.00829676	0.00642194	0.00323175
0.00840275	0.00647949	0.0032807
0.00839538	0.00655935	0.00328752
0.00828738	0.00655865	0.00323698
0.008623	0.00636603	0.00338983
0.00862159	0.00642181	0.00338931
0.00851177	0.0064218	0.00333358
0.00862148	0.00647967	0.00338851
0.00861701	0.00656056	0.00339755
0.00850361	0.00655973	0.00334094
0.00856254	0.00636613	0.00763014
0.00856286	0.0064222	0.00762952
0.00868493	0.00642209	0.00757222
0.0086866	0.00647988	0.00757103
0.008564	0.00647982	0.00762784
0.00856212	0.00655832	0.00761862
0.0083384	0.006366	0.00772635
0.00833776	0.00642181	0.00772646
0.00844907	0.00642188	0.00767944
0.00844802	0.00647932	0.00767833
0.00833631	0.00647938	0.00772583
0.00833088	0.00655365	0.00771786
0.0042154	0.00642268	0.00701408
0.0043306	0.00642239	0.0070853
0.00433092	0.00636629	0.00708538
0.00432955	0.00648054	0.00708448
0.00421538	0.0064809	0.00701366
0.004222	0.0065622	0.0070079
0.00443855	0.00642183	0.00714841
0.00453339	0.0064218	0.00720426
0.00453439	0.00636594	0.00720464
0.0045304	0.00647987	0.00720229
0.0044358	0.00647983	0.00714664
0.00443726	0.00655932	0.0071358
0.00856271	0.00614351	0.00763011
0.00856273	0.00619909	0.00763004
0.00868445	0.00619907	0.0075726
0.00856275	0.0062547	0.00763004
0.00856264	0.00631036	0.0076301
0.00868428	0.00631041	0.0075727
0.00833838	0.0061434	0.00772633
0.00833851	0.00619904	0.00772631
0.00844989	0.00619902	0.00767951
0.00833851	0.00625465	0.00772632
0.00833848	0.00631032	0.00772634
0.00844989	0.00631028	0.00767952
0.00449379	0.00619902	0.00368464
0.00439045	0.0061991	0.00373284
0.00439043	0.00614348	0.00373285
0.00449361	0.00631028	0.00368468
0.00439041	0.00631048	0.00373284
0.00439044	0.00625476	0.00373284
0.00449192	0.00642198	0.00368543
0.00438995	0.0064226	0.00373337
0.00439039	0.00636632	0.0037329
0.00449334	0.00656968	0.00370442
0.00439776	0.00657312	0.00375271
0.00438733	0.0064821	0.00373673
0.00428799	0.00619911	0.00378795
0.00418789	0.00619912	0.0038533
0.00418788	0.00614349	0.00385334
0.00428799	0.0063105	0.00378792
0.00418787	0.00631053	0.0038533
0.00418788	0.0062548	0.0038533
0.00428777	0.00642277	0.00378846
0.00418779	0.00642276	0.00385384
0.0041879	0.00636642	0.00385333
0.00430059	0.0065755	0.00380982
0.00420315	0.00656983	0.00387523
0.00418746	0.00648224	0.00385786
0.00421572	0.00564333	0.00701437
0.00433086	0.00564333	0.00708528
0.00433086	0.00558777	0.00708529
0.00421572	0.00575445	0.00701437
0.00433086	0.00575445	0.00708528
0.00433086	0.00569889	0.00708528
0.00421572	0.00586558	0.00701437
0.00433086	0.00586558	0.00708528
0.00433086	0.00581002	0.00708528
0.00421571	0.00597672	0.00701437
0.00433086	0.00597671	0.00708528
0.00433086	0.00592115	0.00708528
0.00421571	0.00608789	0.00701437
0.00433085	0.00608788	0.00708528
0.00433086	0.00603229	0.00708528
0.0042157	0.00619915	0.00701439
0.00433084	0.00619911	0.0070853
0.00433085	0.00614348	0.00708529
0.00421578	0.00631058	0.00701447
0.0043309	0.00631048	0.00708535
0.00433086	0.00625477	0.00708531
0.00443925	0.00564333	0.00714863
0.00453451	0.00564334	0.00720467
0.0045345	0.00558776	0.00720466
0.00443925	0.00575445	0.00714863
0.00453453	0.00575446	0.00720467
0.00453453	0.00569888	0.00720468
0.00443925	0.00586557	0.00714863
0.00453453	0.00586557	0.00720468
0.00453453	0.00581	0.00720468
0.00443925	0.0059767	0.00714863
0.0045345	0.0059767	0.00720466
0.00453451	0.00592112	0.00720467
0.00443919	0.00608784	0.00714861
0.00453445	0.00608784	0.00720464
0.00453449	0.00603226	0.00720465
0.00443919	0.00619902	0.00714861
0.00453444	0.00619902	0.00720464
0.00453441	0.00614342	0.00720463
0.00443918	0.00631027	0.00714863
0.00453442	0.00631027	0.00720466
0.00453446	0.00625462	0.00720466
0.0044938	0.00564333	0.00368469
0.00439048	0.00564333	0.0037329
0.00439047	0.00558777	0.0037329
0.0044938	0.00575446	0.00368469
0.00439048	0.00575445	0.0037329
0.00439048	0.00569889	0.0037329
0.0044938	0.00586557	0.00368469
0.00439047	0.00586558	0.0037329
0.00439047	0.00581001	0.0037329
0.00449374	0.0059767	0.00368471
0.00439045	0.00597671	0.00373291
0.00439048	0.00592114	0.0037329
0.0044936	0.00608784	0.00368473
0.00439038	0.00608788	0.0037329
0.00439038	0.00603228	0.00373292
0.00428799	0.00564333	0.00378804
0.00418784	0.00564333	0.00385348
0.00418786	0.00558778	0.00385346
0.00428798	0.00575445	0.00378804
0.00418784	0.00575445	0.00385349
0.00418784	0.0056989	0.00385349
0.00428798	0.00586558	0.00378804
0.00418784	0.00586557	0.00385348
0.00418784	0.00581002	0.00385349
0.00428798	0.00597671	0.00378804
0.00418784	0.00597671	0.00385348
0.00418784	0.00592115	0.00385348
0.00428798	0.00608787	0.003788
0.00418785	0.00608787	0.00385343
0.00418783	0.0060323	0.00385348
0.00796421	0.00636578	0.00309997
0.00796427	0.00642147	0.0031
0.00785739	0.00642156	0.00306255
0.00796447	0.00647877	0.00310074
0.0079626	0.00655357	0.00310782
0.00785883	0.00655471	0.00307115
0.00818016	0.00581001	0.00318214
0.00818016	0.00586557	0.00318214
0.00806975	0.00586558	0.00313805
0.00818016	0.00592113	0.00318215
0.00818016	0.0059767	0.00318215
0.00806975	0.0059767	0.00313805
0.00818016	0.00603227	0.00318214
0.00818016	0.00608785	0.00318214
0.00806972	0.00608785	0.00313805
0.00818013	0.00614343	0.00318211
0.00818013	0.00619903	0.00318208
0.00806966	0.00619903	0.00313805
0.0081806	0.0062547	0.00318228
0.00818168	0.00631038	0.00318277
0.00806998	0.00631035	0.00313823
0.00818291	0.00636609	0.00318329
0.00818212	0.00642181	0.00318278
0.00806972	0.00642172	0.00313822
0.00817927	0.00647943	0.00318185
0.00817667	0.00655741	0.00318942
0.00806763	0.00655521	0.00314604
0.0084086	0.00581001	0.00328327
0.00840859	0.00586557	0.00328327
0.00829651	0.00586557	0.00323178
0.0084086	0.00592114	0.00328327
0.0084086	0.0059767	0.00328326
0.00829651	0.0059767	0.00323177
0.00840859	0.00603228	0.00328326
0.0084086	0.00608785	0.00328326
0.00829651	0.00608785	0.00323177
0.00840826	0.00614345	0.00328303
0.00840516	0.00619877	0.00328167
0.00829538	0.00619892	0.00323112
0.00840017	0.00625431	0.00327983
0.00840007	0.00631059	0.00327983
0.00829556	0.00631037	0.00323115
0.0083381	0.00558777	0.00772634
0.00833809	0.00564333	0.00772634
0.00845084	0.00564333	0.00767929
0.0083381	0.00569889	0.00772634
0.0083381	0.00575445	0.00772634
0.00845084	0.00575445	0.0076793
0.0083381	0.00581001	0.00772634
0.0083381	0.00586557	0.00772634
0.00845084	0.00586557	0.0076793
0.0083381	0.00592114	0.00772634
0.00833809	0.0059767	0.00772635
0.00845084	0.0059767	0.0076793
0.00833814	0.00603225	0.00772634
0.00833821	0.0060878	0.00772634
0.00845056	0.00608783	0.00767936
0.00810686	0.00558776	0.00781642
0.00810688	0.00564334	0.00781642
0.00822318	0.00564333	0.00777249
0.00810688	0.00569889	0.00781642
0.00810688	0.00575446	0.00781642
0.00822318	0.00575445	0.00777249
0.00810688	0.00581001	0.00781642
0.00810688	0.00586558	0.00781642
0.00822318	0.00586557	0.00777249
0.00810688	0.00592113	0.00781642
0.00810688	0.0059767	0.00781642
0.00822317	0.0059767	0.00777249
0.00810691	0.00603227	0.00781642
0.00810679	0.00608788	0.00781641
0.00822344	0.00608787	0.00777245
0.00810648	0.00636604	0.00781639
0.00810643	0.00642191	0.00781635
0.00822389	0.00642206	0.00777235
0.00822318	0.00647979	0.00777175
0.00810648	0.0064797	0.00781553
0.00810642	0.00655712	0.00780652
0.00789703	0.00636589	0.00788933
0.00789694	0.00642167	0.0078894
0.00799857	0.00642166	0.0078542
0.00799828	0.00647938	0.00785363
0.0078954	0.00647921	0.00788974
0.00789116	0.00655552	0.0078843
0.00818018	0.00558777	0.00318217
0.00818017	0.00564333	0.00318217
0.00806966	0.00564334	0.00313808
0.00818018	0.00569889	0.00318217
0.00818017	0.00575446	0.00318215
0.00806969	0.00575445	0.00313806
0.00840868	0.00558778	0.00328332
0.00840867	0.00564333	0.00328332
0.00829648	0.00564333	0.00323179
0.00840867	0.0056989	0.00328332
0.00840865	0.00575444	0.00328331
0.00829649	0.00575445	0.00323178
0.00810665	0.00614348	0.00781635
0.00810661	0.00619905	0.00781631
0.00822417	0.00619906	0.00777225
0.00810659	0.00625466	0.00781631
0.00810653	0.00631031	0.00781636
0.00822411	0.00631038	0.00777231
0.00789699	0.00614338	0.00788936
0.00789705	0.006199	0.00788935
0.00799848	0.006199	0.00785432
0.00789706	0.0062546	0.00788935
0.00789707	0.00631025	0.00788934
0.00799849	0.00631023	0.0078543
0.00754478	0.00636584	0.00297216
0.00754581	0.00642137	0.00297257
0.00745395	0.00642166	0.00295307
0.00754753	0.006479	0.00297374
0.00754747	0.00655234	0.0029807
0.00745135	0.00655093	0.00296006
0.00774784	0.00636614	0.00302495
0.00774851	0.00642205	0.00302507
0.00764474	0.00642203	0.00299497
0.00775017	0.00647988	0.0030261
0.00775333	0.00655638	0.003035
0.00764711	0.00655487	0.00300421
0.00766996	0.006366	0.00796733
0.00767001	0.00642186	0.00796735
0.00778517	0.00642187	0.00792862
0.00778435	0.00647957	0.0079288
0.00767053	0.00647964	0.00796673
0.00767131	0.00655046	0.00795975
0.00746028	0.00636591	0.00803166
0.00746163	0.00642143	0.00803107
0.00756324	0.00642157	0.00800072
0.0075642	0.00647916	0.00799955
0.00746476	0.00647913	0.00802929
0.00746336	0.00654779	0.00802252
0.00774677	0.00614344	0.00302479
0.00774669	0.00619904	0.00302478
0.00764465	0.00619905	0.00299477
0.00774684	0.0062547	0.00302479
0.00774729	0.00631039	0.00302485
0.0076447	0.00631041	0.0029948
0.00796471	0.0061434	0.0030997
0.00796469	0.00619899	0.0030997
0.00785613	0.00619899	0.00306208
0.00796474	0.00625458	0.00309973
0.00796456	0.00631017	0.00309986
0.00785651	0.00631016	0.00306229
0.00485717	0.0064223	0.00351752
0.00476998	0.00642187	0.00355718
0.00477169	0.00636588	0.00355667
0.00485746	0.00656295	0.00353451
0.00477323	0.00656275	0.00357395
0.00476691	0.00648014	0.00356092
0.0046694	0.00642175	0.00360407
0.00457965	0.00642186	0.00364586
0.00458113	0.00636563	0.00364536
0.00468043	0.0065627	0.00361817
0.00458554	0.0065667	0.00366257
0.00457578	0.00648054	0.00364966
0.0046257	0.00642192	0.00725752
0.00471749	0.00642197	0.00730961
0.00471812	0.00636592	0.00730962
0.00471618	0.00647984	0.00730807
0.0046231	0.00647979	0.00725552
0.00462686	0.00655828	0.00724788
0.00480425	0.00642179	0.00735811
0.00488745	0.00642187	0.00740495
0.00488598	0.00636578	0.00740368
0.00489115	0.00647985	0.0074068
0.00480491	0.00647976	0.00735786
0.00480875	0.00655917	0.00734896
0.00789695	0.00558777	0.00788943
0.00789694	0.00564333	0.00788944
0.00799941	0.00564332	0.00785434
0.00789694	0.00569889	0.00788944
0.00789694	0.00575445	0.00788944
0.00799941	0.00575445	0.00785434
0.00789694	0.00581001	0.00788944
0.00789694	0.00586557	0.00788944
0.00799941	0.00586557	0.00785434
0.00789694	0.00592113	0.00788944
0.00789692	0.00597669	0.00788944
0.0079994	0.00597669	0.00785434
0.00789691	0.00603225	0.00788943
0.00789691	0.00608779	0.0078894
0.00799912	0.00608782	0.00785432
0.00767034	0.00558776	0.00796741
0.00767036	0.00564333	0.00796741
0.00778462	0.00564333	0.00792861
0.00767036	0.00569889	0.00796741
0.00767036	0.00575445	0.00796741
0.00778462	0.00575445	0.00792861
0.00767036	0.00581001	0.00796741
0.00767036	0.00586558	0.00796741
0.00778462	0.00586557	0.00792861
0.00767036	0.00592113	0.00796741
0.00767035	0.0059767	0.00796741
0.00778461	0.00597669	0.00792861
0.00767037	0.00603227	0.0079674
0.00767027	0.00608787	0.00796738
0.00778479	0.00608786	0.00792858
0.00774682	0.00558777	0.00302486
0.0077468	0.00564333	0.00302485
0.00764478	0.00564333	0.00299485
0.0077468	0.00569889	0.00302485
0.0077468	0.00575445	0.00302485
0.00764478	0.00575445	0.00299485
0.0077468	0.00581001	0.00302485
0.0077468	0.00586557	0.00302485
0.00764478	0.00586558	0.00299485
0.0077468	0.00592113	0.00302485
0.0077468	0.0059767	0.00302485
0.00764476	0.00597671	0.00299486
0.00774684	0.00603227	0.00302485
0.00774685	0.00608786	0.00302483
0.0076447	0.00608784	0.00299483
0.00796451	0.00558777	0.00309965
0.00796453	0.00564333	0.00309964
0.00785596	0.00564333	0.00306202
0.00796454	0.0056989	0.00309964
0.00796458	0.00575445	0.00309964
0.00785597	0.00575445	0.00306202
0.00796464	0.00581002	0.00309964
0.00796468	0.00586557	0.00309963
0.00785599	0.00586557	0.00306201
0.00796468	0.00592114	0.00309963
0.00796468	0.00597669	0.00309963
0.00785599	0.00597669	0.00306201
0.00796472	0.00603226	0.00309964
0.00796474	0.00608781	0.00309968
0.00785616	0.00608783	0.00306207
0.00485928	0.00608782	0.00351684
0.00477124	0.00608783	0.00355681
0.00477129	0.00603225	0.00355679
0.00485941	0.00619898	0.0035168
0.00477127	0.00619899	0.00355683
0.00477118	0.00614341	0.00355685
0.00485971	0.00631022	0.00351669
0.00477161	0.0063102	0.00355669
0.00477145	0.00625458	0.00355677
0.00466942	0.0060878	0.00360408
0.00458133	0.00608778	0.00364525
0.00458139	0.00603225	0.00364522
0.00466926	0.00619894	0.00360418
0.00458134	0.00619892	0.00364526
0.00458134	0.00614335	0.00364525
0.0046695	0.00631011	0.00360407
0.00458119	0.00631007	0.0036453
0.00458131	0.00625451	0.00364526
0.00485929	0.00564333	0.00351686
0.00477077	0.00564333	0.00355707
0.00477076	0.00558777	0.00355708
0.00485929	0.00575445	0.00351686
0.00477077	0.00575445	0.00355707
0.00477077	0.00569889	0.00355707
0.0048593	0.00586557	0.00351686
0.00477076	0.00586556	0.00355707
0.00477077	0.00581001	0.00355707
0.00485931	0.00597669	0.00351684
0.00477116	0.00597666	0.00355686
0.00477089	0.0059211	0.00355701
0.00466855	0.00564333	0.00360449
0.00458106	0.00564333	0.00364538
0.00458108	0.00558778	0.00364538
0.00466855	0.00575445	0.0036045
0.00458106	0.00575445	0.00364538
0.00458106	0.00569889	0.00364538
0.00466855	0.00586556	0.00360449
0.00458106	0.00586555	0.00364538
0.00458106	0.00581001	0.00364538
0.00466931	0.00597668	0.00360413
0.00458139	0.00597671	0.00364523
0.00458118	0.00592115	0.00364532
0.00767014	0.00614347	0.00796728
0.00767011	0.00619903	0.00796722
0.00778535	0.00619903	0.00792844
0.0076701	0.00625465	0.00796722
0.00767002	0.00631028	0.00796728
0.00778528	0.00631033	0.00792849
0.00746086	0.0061434	0.00803167
0.00746081	0.00619901	0.00803168
0.00756318	0.00619899	0.00800101
0.00746081	0.0062546	0.00803168
0.00746064	0.00631027	0.00803165
0.00756315	0.00631021	0.00800094
0.00724464	0.00636605	0.00808505
0.00724577	0.00642224	0.00808495
0.00735776	0.00642198	0.00805924
0.0073626	0.00648	0.00805747
0.00724797	0.00648023	0.00808381
0.00724599	0.00655431	0.00807462
0.0070213	0.00636601	0.00812483
0.00702089	0.00642195	0.00812517
0.0071297	0.00642191	0.0081078
0.00713004	0.00647984	0.00810663
0.00702082	0.00648009	0.00812366
0.00701952	0.00655521	0.00811156
0.00712446	0.00636596	0.00290894
0.00712394	0.00642174	0.00290886
0.00701403	0.00642184	0.00290071
0.0071236	0.00647947	0.00290955
0.00712272	0.00655376	0.00291819
0.00701561	0.00655439	0.00291122
0.00736029	0.00636601	0.00293595
0.00736053	0.00642209	0.00293613
0.00724566	0.0064218	0.00292127
0.00735754	0.00647984	0.00293651
0.00735065	0.00655021	0.00294186
0.00723666	0.00655104	0.00292775
0.00462697	0.00608784	0.00725794
0.00471813	0.00608783	0.00730958
0.00471815	0.00603226	0.00730958
0.00462696	0.00619901	0.00725794
0.00471813	0.006199	0.00730959
0.00471813	0.00614341	0.00730959
0.00462694	0.00631027	0.00725795
0.00471814	0.00631024	0.00730962
0.00471814	0.00625461	0.0073096
0.00480402	0.00608782	0.0073576
0.00488581	0.00608781	0.00740366
0.00488589	0.00603225	0.0074037
0.00480401	0.00619897	0.0073576
0.00488569	0.00619898	0.00740357
0.00488572	0.00614338	0.00740359
0.00480403	0.00631017	0.0073576
0.00488577	0.00631018	0.00740361
0.00488566	0.00625456	0.00740357
0.00462704	0.00564333	0.00725796
0.0047182	0.00564333	0.00730959
0.00471817	0.00558777	0.00730958
0.00462707	0.00575445	0.00725797
0.00471822	0.00575445	0.00730959
0.00471822	0.00569889	0.00730959
0.00462707	0.00586557	0.00725797
0.00471822	0.00586557	0.0073096
0.00471822	0.00581001	0.00730959
0.004627	0.00597669	0.00725795
0.00471817	0.00597669	0.00730958
0.0047182	0.00592113	0.00730959
0.00480399	0.00564333	0.00735758
0.0048858	0.00564334	0.00740366
0.00488585	0.00558776	0.00740369
0.00480399	0.00575445	0.00735757
0.00488579	0.00575446	0.00740364
0.00488579	0.00569889	0.00740364
0.00480401	0.00586557	0.00735759
0.00488585	0.00586558	0.00740369
0.0048858	0.00581001	0.00740366
0.00480402	0.00597669	0.0073576
0.00488589	0.00597669	0.00740371
0.00488588	0.00592112	0.00740371
0.00736008	0.00603226	0.00293602
0.00736009	0.00608783	0.00293602
0.00724713	0.00608784	0.00292146
0.00736009	0.00614342	0.00293602
0.0073601	0.00619901	0.00293602
0.00724712	0.00619902	0.00292146
0.00736016	0.00625464	0.00293601
0.00736022	0.0063103	0.00293597
0.00724702	0.00631032	0.00292144
0.00754534	0.00603226	0.00297184
0.00754535	0.00608783	0.00297184
0.00745214	0.00608783	0.0029522
0.00754541	0.00614341	0.00297183
0.00754544	0.006199	0.00297182
0.00745217	0.00619899	0.00295219
0.00754545	0.00625461	0.00297184
0.00754518	0.00631022	0.002972
0.0074521	0.00631018	0.00295232
0.00521206	0.00642225	0.00335905
0.00512599	0.00642192	0.00339904
0.00512541	0.00636572	0.00339921
0.00521983	0.00655758	0.00337045
0.00513031	0.00656273	0.00341294
0.00512815	0.00647938	0.00340134
0.00502499	0.00642181	0.00344468
0.00493296	0.0064221	0.00348456
0.00493408	0.00636579	0.00348412
0.0050324	0.00656783	0.0034564
0.00494088	0.00656699	0.00349662
0.00493123	0.00647992	0.00348801
0.00746124	0.00558777	0.00803173
0.00746124	0.00564333	0.00803174
0.00756391	0.00564333	0.00800121
0.00746124	0.00569889	0.00803174
0.00746124	0.00575445	0.00803174
0.00756392	0.00575445	0.00800121
0.00746124	0.00581001	0.00803174
0.00746124	0.00586557	0.00803174
0.00756392	0.00586557	0.00800121
0.00746124	0.00592113	0.00803174
0.00746121	0.0059767	0.00803174
0.00756391	0.00597669	0.00800121
0.00746114	0.00603226	0.00803174
0.007461	0.00608781	0.00803169
0.00756368	0.00608781	0.00800111
0.00724603	0.00558776	0.0080848
0.00724608	0.00564333	0.00808478
0.00735679	0.00564333	0.00805938
0.0072461	0.00569889	0.00808478
0.0072461	0.00575445	0.00808478
0.0073568	0.00575445	0.00805938
0.0072461	0.00581001	0.00808478
0.0072461	0.00586557	0.00808478
0.0073568	0.00586557	0.00805938
0.0072461	0.00592113	0.00808478
0.00724607	0.0059767	0.00808478
0.00735674	0.00597669	0.00805939
0.00724599	0.00603226	0.0080848
0.00724564	0.00608785	0.00808484
0.00735637	0.00608786	0.00805948
0.00681038	0.00636607	0.00814225
0.00681029	0.00642206	0.0081422
0.00691981	0.00642195	0.00813562
0.0069184	0.00648015	0.00813414
0.00680885	0.00648017	0.00814049
0.00680506	0.0065562	0.00812816
0.00657512	0.0063662	0.00813893
0.00657555	0.00642222	0.00813894
0.00669422	0.00642233	0.00814472
0.00669338	0.00648084	0.00814262
0.00657574	0.00648064	0.008137
0.00657511	0.0065546	0.00812424
0.00671324	0.00636596	0.00290332
0.00671321	0.00642187	0.00290336
0.00661073	0.00642196	0.0029129
0.00671187	0.00647965	0.00290481
0.00670727	0.00655501	0.00291384
0.0066057	0.00655478	0.0029237
0.00691285	0.00636599	0.00289728
0.00691294	0.00642187	0.00289727
0.00681481	0.00642187	0.00289825
0.00691303	0.00647985	0.00289847
0.00691233	0.00655357	0.00290727
0.00680933	0.00655395	0.00290816
0.00736007	0.00558777	0.00293604
0.00736008	0.00564333	0.00293604
0.00724709	0.00564333	0.00292148
0.00736008	0.00569889	0.00293604
0.00736008	0.00575445	0.00293604
0.00724709	0.00575445	0.00292148
0.00736008	0.00581001	0.00293604
0.00736008	0.00586557	0.00293604
0.00724709	0.00586557	0.00292148
0.00736009	0.00592113	0.00293604
0.00736008	0.00597669	0.00293602
0.00724711	0.0059767	0.00292146
0.00754543	0.00558777	0.00297179
0.00754545	0.00564333	0.00297178
0.00745218	0.00564333	0.00295216
0.00754545	0.00569889	0.00297178
0.00754545	0.00575445	0.00297178
0.00745219	0.00575445	0.00295216
0.00754545	0.00581001	0.00297178
0.00754545	0.00586557	0.00297178
0.00745219	0.00586557	0.00295216
0.00754545	0.00592113	0.00297179
0.00754539	0.00597669	0.00297182
0.00745215	0.00597668	0.00295218
0.00724512	0.00614344	0.00808489
0.00724485	0.00619904	0.00808491
0.00735599	0.00619903	0.00805958
0.00724489	0.00625467	0.0080849
0.00724486	0.0063103	0.00808496
0.00735577	0.00631033	0.00805969
0.00702131	0.00614342	0.0081248
0.00702205	0.00619902	0.0081241
0.00713025	0.00619899	0.0081072
0.00702242	0.00625463	0.00812377
0.00702205	0.00631028	0.00812413
0.00713034	0.00631034	0.00810718
0.00651192	0.00636601	0.0029277
0.0065118	0.00642196	0.00292763
0.00641006	0.00642191	0.00294787
0.00651017	0.00647992	0.00292915
0.00650543	0.00655285	0.0029379
0.00640332	0.00655298	0.00295725
0.006306	0.00642166	0.00297161
0.00620878	0.00642165	0.00299408
0.00620868	0.00636562	0.00299461
0.00630268	0.00655568	0.00297988
0.00620669	0.00655958	0.0030017
0.00620845	0.00647945	0.0029946
0.00520981	0.00597668	0.00336026
0.00512538	0.00597668	0.0033992
0.00512538	0.00592112	0.0033992
0.00520979	0.00608781	0.00336026
0.00512537	0.0060878	0.0033992
0.00512537	0.00603224	0.0033992
0.00520979	0.00619896	0.00336026
0.00512536	0.00619894	0.0033992
0.00512537	0.00614337	0.0033992
0.00520979	0.00631015	0.00336027
0.00512537	0.0063101	0.00339921
0.00512536	0.00625451	0.0033992
0.00502498	0.00597668	0.00344451
0.00493398	0.00597668	0.00348411
0.00493399	0.00592112	0.0034841
0.00502495	0.0060878	0.00344451
0.00493393	0.00608781	0.00348413
0.00493395	0.00603225	0.00348412
0.00502495	0.00619894	0.00344451
0.00493394	0.00619895	0.00348412
0.00493393	0.00614339	0.00348412
0.005025	0.00631009	0.0034445
0.00493408	0.00631014	0.00348409
0.004934	0.00625454	0.0034841
0.00613698	0.00642212	0.00805359
0.0062385	0.00642233	0.00808531
0.00623813	0.00636619	0.00808488
0.0062397	0.00648084	0.00808446
0.00613716	0.00648014	0.00805181
0.00613303	0.00655954	0.00803793
0.00633682	0.00642223	0.00810707
0.00645027	0.00642214	0.00812484
0.00644944	0.00636609	0.00812436
0.0063419	0.00655227	0.0080979
0.00645512	0.00655097	0.00811366
0.00645297	0.00648013	0.00812409
0.00593691	0.00642246	0.00306533
0.00584139	0.00642251	0.00309536
0.00584118	0.00636641	0.00309577
0.00592668	0.00656816	0.00307528
0.00583405	0.00656671	0.00310655
0.0058409	0.00648041	0.00309682
0.00574444	0.00642228	0.00313015
0.00564952	0.00642199	0.00316761
0.0056493	0.00636583	0.00316768
0.00574115	0.00656243	0.0031431
0.00564789	0.00655921	0.00318174
0.00565062	0.00647948	0.0031703
0.0055555	0.00642169	0.00320747
0.00546782	0.00642186	0.00324543
0.00546765	0.0063657	0.00324583
0.00555562	0.00655815	0.00321983
0.00546807	0.00655839	0.00325537
0.00546855	0.00647926	0.0032471
0.00538326	0.0064217	0.00328227
0.00529433	0.00642188	0.00332167
0.00529199	0.00636584	0.00332315
0.00538653	0.0065573	0.0032905
0.00530328	0.00655568	0.00332961
0.00530018	0.00647952	0.00332101
0.00520978	0.00564333	0.00336025
0.00512536	0.00564333	0.00339919
0.00512536	0.00558777	0.0033992
0.00520985	0.00575446	0.00336021
0.00512537	0.00575445	0.00339919
0.00512536	0.00569889	0.00339919
0.00520988	0.00586556	0.00336019
0.00512538	0.00586556	0.00339919
0.00512537	0.00581	0.00339919
0.00502495	0.00564333	0.0034445
0.00493394	0.00564333	0.00348411
0.00493395	0.00558777	0.0034841
0.00502495	0.00575445	0.0034445
0.00493394	0.00575445	0.00348411
0.00493394	0.00569889	0.00348411
0.00502498	0.00586556	0.0034445
0.00493396	0.00586556	0.0034841
0.00493394	0.00581001	0.00348411
0.00497413	0.00642207	0.00745434
0.0050594	0.00642165	0.00750235
0.0050566	0.00636587	0.00750026
0.00506513	0.00647958	0.00750571
0.00498076	0.00648011	0.00745813
0.00498547	0.00656108	0.0074518
0.0051311	0.00642135	0.00754164
0.00520747	0.00642135	0.007584
0.00520649	0.00636555	0.00758322
0.00520998	0.00647876	0.00758406
0.00513376	0.00647898	0.00754276
0.00513626	0.00655828	0.00753725
0.0057699	0.00642202	0.00789854
0.00585622	0.00642207	0.00794319
0.00585634	0.00636595	0.00794333
0.0058561	0.00648021	0.00794091
0.00576839	0.00647994	0.00789566
0.00577024	0.00656945	0.00788288
0.00593661	0.0064217	0.00797807
0.00603155	0.00642155	0.00801453
0.00603161	0.00636573	0.00801466
0.00603166	0.00647932	0.00801276
0.00593678	0.00647962	0.00797613
0.00593731	0.00657302	0.00796005
0.00691261	0.00603226	0.00289741
0.00691261	0.00608783	0.00289741
0.00681492	0.00608783	0.00289823
0.00691261	0.00614341	0.0028974
0.0069126	0.00619901	0.0028974
0.00681492	0.00619901	0.00289822
0.00691265	0.00625464	0.00289738
0.00691274	0.00631028	0.00289733
0.00681491	0.00631029	0.00289821
0.00712495	0.00603227	0.00290893
0.00712497	0.00608784	0.00290893
0.00701406	0.00608783	0.00290084
0.00712498	0.00614342	0.00290892
0.00712497	0.00619902	0.00290892
0.00701405	0.00619901	0.00290083
0.00712499	0.00625464	0.00290891
0.00712478	0.00631028	0.00290892
0.00701405	0.00631025	0.00290078
0.00702096	0.00558777	0.00812509
0.00702096	0.00564333	0.00812509
0.00713051	0.00564333	0.00810776
0.00702096	0.00569889	0.00812509
0.00702096	0.00575445	0.00812509
0.00713052	0.00575445	0.00810776
0.00702096	0.00581001	0.00812509
0.00702096	0.00586557	0.00812509
0.00713052	0.00586557	0.00810776
0.00702096	0.00592113	0.00812509
0.00702096	0.00597669	0.0081251
0.00713052	0.00597669	0.00810776
0.00702099	0.00603225	0.00812511
0.00702097	0.00608781	0.00812512
0.00713026	0.00608782	0.00810775
0.00681058	0.00558776	0.00814229
0.00681058	0.00564333	0.0081423
0.00691951	0.00564333	0.00813552
0.00681058	0.00569889	0.0081423
0.00681057	0.00575446	0.00814229
0.00691951	0.00575445	0.00813552
0.00681053	0.00581001	0.00814227
0.00681051	0.00586557	0.00814226
0.00691951	0.00586557	0.00813552
0.00681051	0.00592113	0.00814226
0.00681051	0.0059767	0.00814226
0.00691951	0.00597669	0.00813552
0.00681053	0.00603227	0.00814227
0.00681051	0.00608786	0.00814226
0.00691964	0.00608784	0.00813558
0.00681045	0.00614345	0.00814224
0.00681042	0.00619904	0.00814224
0.00692033	0.00619905	0.00813514
0.00681043	0.00625467	0.00814225
0.0068104	0.00631032	0.00814225
0.00692035	0.00631025	0.00813515
0.00657447	0.00614345	0.00813863
0.00657453	0.00619906	0.00813866
0.00669403	0.00619906	0.0081446
0.00657477	0.0062547	0.00813871
0.00657501	0.0063104	0.00813884
0.00669426	0.0063104	0.00814473
0.00691261	0.00558776	0.00289741
0.00691261	0.00564333	0.00289741
0.00681493	0.00564333	0.00289823
0.00691261	0.00569889	0.00289741
0.00691261	0.00575445	0.00289741
0.00681493	0.00575445	0.00289824
0.00691261	0.00581001	0.00289741
0.00691261	0.00586557	0.00289742
0.00681493	0.00586557	0.00289824
0.00691262	0.00592113	0.00289742
0.00691261	0.00597669	0.00289741
0.00681494	0.00597669	0.00289823
0.00712494	0.00558777	0.00290893
0.00712495	0.00564333	0.00290893
0.00701406	0.00564333	0.00290084
0.00712495	0.00569889	0.00290893
0.00712495	0.00575445	0.00290893
0.00701407	0.00575445	0.00290084
0.00712495	0.00581001	0.00290893
0.00712495	0.00586557	0.00290893
0.00701407	0.00586557	0.00290084
0.00712497	0.00592114	0.00290893
0.00712496	0.0059767	0.00290892
0.00701405	0.00597669	0.00290084
0.00574408	0.00619904	0.00313087
0.00564946	0.00619898	0.00316752
0.00564938	0.00614339	0.00316761
0.00574419	0.00631049	0.00313072
0.0056494	0.00631018	0.00316758
0.00564945	0.00625458	0.00316752
0.0055548	0.00586556	0.0032079
0.00546755	0.00586557	0.00324583
0.00546749	0.00581001	0.00324587
0.00555488	0.00597668	0.00320785
0.00546759	0.00597668	0.00324581
0.00546759	0.00592112	0.00324581
0.00555469	0.00608781	0.00320793
0.00546749	0.0060878	0.00324587
0.00546755	0.00603223	0.00324583
0.00555478	0.00619893	0.00320782
0.0054675	0.00619894	0.00324586
0.00546748	0.00614337	0.00324587
0.00555483	0.00631008	0.00320782
0.0054676	0.00631009	0.00324582
0.00546753	0.00625451	0.00324584
0.00538263	0.00586556	0.003283
0.00529217	0.00586556	0.00332304
0.00529218	0.00581001	0.00332303
0.00538255	0.00597669	0.00328305
0.00529201	0.00597668	0.00332315
0.00529211	0.00592113	0.00332309
0.00538253	0.00608781	0.00328306
0.00529197	0.00608781	0.00332317
0.00529197	0.00603225	0.00332317
0.00538253	0.00619896	0.00328305
0.00529197	0.00619897	0.00332317
0.00529197	0.00614339	0.00332317
0.00538268	0.00631015	0.00328297
0.00529201	0.00631019	0.00332315
0.00529197	0.00625457	0.00332317
0.0061372	0.00619901	0.00805376
0.00623876	0.00619906	0.00808492
0.00623877	0.00614345	0.00808491
0.00613698	0.00631029	0.00805375
0.00623834	0.00631041	0.00808491
0.00623864	0.0062547	0.00808493
0.00633684	0.00619904	0.00810626
0.00644921	0.00619904	0.00812423
0.00644923	0.00614344	0.0081242
0.00633658	0.00631036	0.00810628
0.00644943	0.00631035	0.00812433
0.00644933	0.00625469	0.00812429
0.00651184	0.00603226	0.00292783
0.00651184	0.00608783	0.00292783
0.00641022	0.00608783	0.00294813
0.00651184	0.00614342	0.00292783
0.00651185	0.00619901	0.00292783
0.00641022	0.006199	0.00294813
0.00651186	0.00625464	0.00292781
0.00651189	0.00631029	0.00292775
0.0064102	0.00631026	0.00294807
0.00671345	0.00603226	0.00290326
0.00671346	0.00608783	0.00290325
0.00661095	0.00608784	0.0029129
0.00671347	0.00614341	0.00290324
0.00671347	0.00619901	0.00290324
0.00661095	0.00619901	0.0029129
0.00671347	0.00625462	0.00290324
0.00671337	0.00631027	0.00290327
0.0066109	0.00631027	0.00291289
0.00630637	0.00608782	0.0029717
0.00620886	0.00608786	0.00299451
0.00620887	0.00603221	0.00299451
0.00630646	0.00619897	0.00297157
0.00620823	0.00619895	0.00299471
0.00620848	0.00614346	0.00299468
0.00630636	0.0063102	0.00297167
0.00620852	0.00630992	0.00299468
0.00620825	0.00625455	0.00299469
0.006119	0.00619896	0.00301669
0.00603167	0.00619908	0.00303865
0.00603123	0.00614335	0.00303891
0.00611929	0.00630999	0.00301655
0.00603109	0.00631041	0.00303897
0.00603165	0.00625472	0.00303865
0.00574415	0.00564335	0.00313078
0.00564931	0.00564333	0.0031676
0.00564929	0.00558777	0.00316761
0.00574417	0.00575451	0.00313074
0.00564936	0.00575444	0.00316765
0.00564935	0.00569888	0.00316759
0.00555447	0.00564333	0.00320796
0.00546735	0.00564333	0.00324591
0.00546735	0.00558777	0.00324591
0.00555464	0.00575444	0.00320792
0.00546744	0.00575445	0.00324588
0.00546738	0.0056989	0.00324589
0.00538254	0.00564333	0.00328307
0.00529199	0.00564333	0.00332317
0.00529199	0.00558777	0.00332317
0.00538261	0.00575444	0.00328302
0.00529212	0.00575445	0.00332308
0.00529203	0.00569889	0.00332315
0.00530285	0.00642136	0.00763847
0.00539649	0.0064217	0.00769197
0.00539832	0.00636581	0.00769269
0.00539338	0.00647934	0.00768811
0.00530378	0.0064789	0.00763692
0.00530437	0.00655379	0.0076264
0.0054737	0.00642245	0.0077357
0.00553926	0.00642218	0.00777178
0.00553761	0.00636579	0.00777014
0.00554208	0.00648037	0.00777246
0.0054714	0.00648031	0.00773286
0.00546707	0.00655647	0.00771803
0.00560307	0.0064212	0.00780631
0.00567955	0.0064215	0.00784858
0.00568032	0.0063657	0.00784865
0.0056785	0.00647891	0.00784644
0.00560585	0.00647897	0.00780693
0.00560837	0.00656328	0.00779853
0.00613723	0.00586557	0.00805371
0.00623858	0.00586557	0.00808503
0.00623868	0.00581001	0.00808507
0.00613722	0.0059767	0.00805368
0.00623858	0.0059767	0.00808503
0.00623858	0.00592113	0.00808503
0.00613718	0.00608783	0.00805367
0.00623873	0.00608787	0.00808493
0.00623864	0.00603228	0.008085
0.00657433	0.00581001	0.00813852
0.00657433	0.00586557	0.00813851
0.00669411	0.00586557	0.00814458
0.00657433	0.00592114	0.00813852
0.00657433	0.0059767	0.00813852
0.00669412	0.0059767	0.00814459
0.0065744	0.00603227	0.00813854
0.00657449	0.00608785	0.00813859
0.00669413	0.00608785	0.00814461
0.00633649	0.00586557	0.00810655
0.00644894	0.00586557	0.0081243
0.00644894	0.00581001	0.0081243
0.00633649	0.0059767	0.00810655
0.00644894	0.0059767	0.0081243
0.00644894	0.00592113	0.0081243
0.00633683	0.00608785	0.00810631
0.00644921	0.00608785	0.00812422
0.00644905	0.00603227	0.00812428
0.0064102	0.00558776	0.00294815
0.00651184	0.00558776	0.00292786
0.00651184	0.00564333	0.00292786
0.00651184	0.00569889	0.00292786
0.00651184	0.00575445	0.00292786
0.00641021	0.00575445	0.00294815
0.00651184	0.00581001	0.00292786
0.00651184	0.00586557	0.00292786
0.00641021	0.00586557	0.00294815
0.00651184	0.00592113	0.00292786
0.00651184	0.00597669	0.00292785
0.00641021	0.0059767	0.00294814
0.00671347	0.00558776	0.00290325
0.00671348	0.00564333	0.00290324
0.00661097	0.00564333	0.0029129
0.00671348	0.00569889	0.00290325
0.00671348	0.00575445	0.00290325
0.00661097	0.00575445	0.0029129
0.00671348	0.00581001	0.00290325
0.00671348	0.00586557	0.00290324
0.00661097	0.00586557	0.0029129
0.00671349	0.00592113	0.00290324
0.00671347	0.00597669	0.00290325
0.00661096	0.00597669	0.00291291
0.00630647	0.00564333	0.00297154
0.00620828	0.00564333	0.00299465
0.00620828	0.00558777	0.00299465
0.00630647	0.00575445	0.00297154
0.00620828	0.00575445	0.00299465
0.00620828	0.00569889	0.00299465
0.00630647	0.00586556	0.00297154
0.00620828	0.00586556	0.00299465
0.00620828	0.00581001	0.00299465
0.00630642	0.0059767	0.00297162
0.00620849	0.00597661	0.00299466
0.00620826	0.00592112	0.00299468
0.00611899	0.00564333	0.00301668
0.00603161	0.00564334	0.0030387
0.00603156	0.00558775	0.00303869
0.00611911	0.00575443	0.00301656
0.00603177	0.00575448	0.00303871
0.00603165	0.00569888	0.00303867
0.00611928	0.00586556	0.00301638
0.00603202	0.00586556	0.00303894
0.00603189	0.00581002	0.00303887
0.0061195	0.00597676	0.00301634
0.00603156	0.00597676	0.00303907
0.00603207	0.00592112	0.00303888
0.00593894	0.00586557	0.00306507
0.00584118	0.00586557	0.00309596
0.00584122	0.00581	0.003096
0.00593856	0.0059766	0.00306516
0.00584121	0.0059767	0.00309595
0.0058412	0.00592113	0.00309596
0.0059376	0.00608794	0.00306536
0.00584123	0.00608784	0.00309598
0.0058412	0.00603227	0.00309594
0.00574405	0.00586557	0.00313049
0.00564915	0.00586555	0.00316788
0.00564922	0.00580999	0.0031678
0.00574402	0.00597669	0.00313052
0.00564917	0.00597668	0.00316787
0.00564917	0.00592112	0.00316787
0.00574414	0.00608779	0.00313054
0.00564921	0.00608783	0.0031678
0.00564915	0.00603226	0.00316788
0.00497126	0.006199	0.00745226
0.00505715	0.00619899	0.00750063
0.0050572	0.00614341	0.00750065
0.00497106	0.00631022	0.00745217
0.00505668	0.0063102	0.00750036
0.00505698	0.0062546	0.00750053
0.00512966	0.00619894	0.0075406
0.00520564	0.0061989	0.0075828
0.00520571	0.00614333	0.00758286
0.00512963	0.00631015	0.00754051
0.00520613	0.00631002	0.00758306
0.0052057	0.00625445	0.00758283
0.0057707	0.00608782	0.00789881
0.00585636	0.00608782	0.00794328
0.00585636	0.00603225	0.00794328
0.0057707	0.00619898	0.00789881
0.00585637	0.00619898	0.00794329
0.00585636	0.00614339	0.00794328
0.00577071	0.00631021	0.0078989
0.00585635	0.00631024	0.00794332
0.00585637	0.00625459	0.0079433
0.00593676	0.00564333	0.00797859
0.00603147	0.00564333	0.00801471
0.00603147	0.00558778	0.0080147
0.00593675	0.00575446	0.00797855
0.00603153	0.00575445	0.0080148
0.00603149	0.00569889	0.00801473
0.00593671	0.00608781	0.00797846
0.00603162	0.00608781	0.00801495
0.00603161	0.00603224	0.00801493
0.00593673	0.00619896	0.00797849
0.00603169	0.00619895	0.00801505
0.00603166	0.00614338	0.00801501
0.00593668	0.00631012	0.0079783
0.00603167	0.00631013	0.00801486
0.00603171	0.00625454	0.00801505
0.00613734	0.00564333	0.0080535
0.00623901	0.00564333	0.00808513
0.00623901	0.00558778	0.00808513
0.00613732	0.00575443	0.00805359
0.0062389	0.00575446	0.00808512
0.00623901	0.00569889	0.00808514
0.00657436	0.00558775	0.00813848
0.00657437	0.00564333	0.00813849
0.00669423	0.00564333	0.00814459
0.00657438	0.00569889	0.00813849
0.00657435	0.00575445	0.00813851
0.00669419	0.00575445	0.0081446
0.00633668	0.00564333	0.00810662
0.00644892	0.00564333	0.0081243
0.00644891	0.00558777	0.00812429
0.00633663	0.00575446	0.0081066
0.00644893	0.00575445	0.0081243
0.00644892	0.00569889	0.0081243
0.00497174	0.00597669	0.00745254
0.00505742	0.00597669	0.00750073
0.00505742	0.00592113	0.00750073
0.00497155	0.00608783	0.00745245
0.00505733	0.00608784	0.00750071
0.00505741	0.00603226	0.00750074
0.00512967	0.00597668	0.00754057
0.00520561	0.00597668	0.0075828
0.00520552	0.00592111	0.00758274
0.00512971	0.00608781	0.00754062
0.00520574	0.00608779	0.00758289
0.00520567	0.00603223	0.00758284
0.00577068	0.00586556	0.00789879
0.00585637	0.00586556	0.00794328
0.00585633	0.00580999	0.0079433
0.00577072	0.00597669	0.00789882
0.00585637	0.00597669	0.00794328
0.00585638	0.00592112	0.00794327
0.00593674	0.00586557	0.00797855
0.00603168	0.00586556	0.00801509
0.00603162	0.00581	0.00801497
0.00593671	0.00597668	0.00797848
0.00603165	0.00597668	0.00801501
0.00603168	0.00592112	0.00801509
0.00497167	0.00564333	0.0074525
0.0050574	0.00564333	0.00750072
0.00505741	0.00558777	0.00750072
0.00497166	0.00575445	0.0074525
0.0050574	0.00575445	0.00750072
0.0050574	0.00569889	0.00750072
0.00497172	0.00586556	0.00745253
0.00505742	0.00586556	0.00750073
0.0050574	0.00581001	0.00750072
0.00512949	0.00564333	0.0075405
0.00520528	0.00564333	0.00758261
0.00520527	0.00558776	0.00758261
0.00512949	0.00575445	0.0075405
0.00520529	0.00575445	0.00758262
0.00520529	0.00569889	0.00758262
0.00512954	0.00586557	0.0075405
0.00520536	0.00586556	0.00758264
0.00520528	0.00581	0.0075826
0.00560191	0.00564333	0.00780521
0.00567997	0.00564333	0.00784846
0.00567997	0.00558776	0.00784846
0.0056019	0.00575444	0.00780517
0.00568001	0.00575446	0.00784849
0.00567998	0.00569889	0.00784847
0.00577037	0.00564333	0.00789858
0.00585639	0.00564333	0.00794349
0.00585637	0.00558777	0.00794348
0.00577041	0.00575443	0.0078986
0.00585636	0.00575444	0.00794341
0.0058564	0.00569889	0.00794349
0.0053026	0.00608779	0.00763826
0.00539836	0.00608781	0.00769283
0.00539836	0.00603225	0.00769283
0.0053025	0.00619892	0.00763819
0.00539837	0.00619897	0.00769284
0.00539835	0.00614338	0.00769283
0.00530272	0.00631003	0.00763828
0.00539839	0.00631016	0.00769277
0.00539841	0.00625456	0.00769285
0.00547457	0.00608782	0.00773558
0.00553742	0.00608781	0.00776998
0.00553742	0.00603224	0.00776997
0.00547462	0.00619897	0.00773561
0.00553745	0.00619895	0.00776999
0.00553742	0.00614338	0.00776998
0.0054747	0.00631022	0.00773566
0.00553754	0.00631017	0.00777009
0.0055375	0.00625454	0.00777002
0.00560189	0.0060878	0.00780515
0.00568024	0.0060878	0.00784873
0.00568023	0.00603224	0.00784872
0.00560189	0.00619893	0.00780515
0.00568024	0.00619894	0.00784874
0.00568024	0.00614337	0.00784873
0.00560192	0.00631006	0.00780512
0.0056803	0.00631011	0.00784872
0.00568028	0.00625453	0.00784878
0.00530248	0.00564333	0.00763816
0.00539863	0.00564333	0.00769297
0.00539864	0.00558777	0.00769297
0.00530249	0.00575445	0.00763817
0.00539867	0.00575445	0.00769298
0.00539865	0.00569889	0.00769297
0.00530251	0.00586555	0.00763818
0.00539859	0.00586556	0.00769295
0.00539865	0.00581	0.00769297
0.00530255	0.00597667	0.00763823
0.0053984	0.00597668	0.00769286
0.0053985	0.00592112	0.00769291
0.00547478	0.00564333	0.00773565
0.00553749	0.00564333	0.00777006
0.00553748	0.00558776	0.00777006
0.00547485	0.00575445	0.00773568
0.00553753	0.00575444	0.00777007
0.0055375	0.00569889	0.00777006
0.00547473	0.00586556	0.00773564
0.00553748	0.00586557	0.00777001
0.00553754	0.00581001	0.00777006
0.00547459	0.00597669	0.00773558
0.00553742	0.00597668	0.00776997
0.00553742	0.00592112	0.00776997
0.00560191	0.00586557	0.0078052
0.00568023	0.00586557	0.00784876
0.00568013	0.00581002	0.00784863
0.00560188	0.00597667	0.00780516
0.00568024	0.00597668	0.00784875
0.00568025	0.00592112	0.00784878

