0.0064	0.00777102	0.00469124
0.0063482	0.00778625	0.00473265
0.00629621	0.0078	0.00477437
0.00624398	0.00781229	0.00481621
0.00619147	0.00782274	0.00485822
0.0061388	0.00783155	0.00490038
0.00608596	0.00783849	0.00494269
0.00603301	0.00784375	0.0049851
0.00597997	0.00784736	0.00502756
0.00592687	0.00784931	0.00507007
0.00587375	0.00784949	0.00511258
0.00582065	0.00784793	0.00515508
0.00576759	0.00784469	0.00519754
0.0057146	0.00783973	0.00523993
0.00566172	0.00783302	0.00528222
0.00560898	0.0078246	0.00532438
0.00555642	0.0078145	0.00536641
0.00550406	0.0078028	0.00540828
0.00545197	0.00778949	0.00544999
0.00645181	0.00778625	0.00473265
0.0064	0.00780173	0.00477398
0.00634802	0.00781514	0.0048158
0.00629579	0.00782695	0.00485779
0.00624329	0.00783729	0.00489982
0.00619062	0.00784604	0.004942
0.0061378	0.00785289	0.00498432
0.00608487	0.00785791	0.00502677
0.00603185	0.0078613	0.00506927
0.0059788	0.00786304	0.0051118
0.0059257	0.00786308	0.00515431
0.00587264	0.00786134	0.00519682
0.00581959	0.00785806	0.00523927
0.00576662	0.0078531	0.00528165
0.00571376	0.00784641	0.00532394
0.005661	0.00783809	0.00536608
0.00560842	0.00782816	0.00540811
0.00555605	0.0078165	0.00544997
0.00550404	0.0078029	0.00549168
0.00650379	0.0078	0.00477437
0.00645198	0.00781514	0.0048158
0.0064	0.00782861	0.00485757
0.00634778	0.00784017	0.00489961
0.00629531	0.00784998	0.00494176
0.00624266	0.00785848	0.00498397
0.00618985	0.00786541	0.00502624
0.00613694	0.00787043	0.00506867
0.00608394	0.00787375	0.00511116
0.00603091	0.00787535	0.00515368
0.00597784	0.0078753	0.0051962
0.00592479	0.00787354	0.00523869
0.00587177	0.00787022	0.00528113
0.00581881	0.00786527	0.0053235
0.00576597	0.00785854	0.00536579
0.00571324	0.00785017	0.00540794
0.0056607	0.00784013	0.00544996
0.0056084	0.00782825	0.00549183
0.0055564	0.00781466	0.00553355
0.00655602	0.00781229	0.00481621
0.00650421	0.00782695	0.00485779
0.00645222	0.00784017	0.00489961
0.0064	0.00785181	0.00494158
0.00634755	0.00786136	0.00498377
0.00629493	0.00786931	0.00502609
0.00624214	0.00787598	0.00506839
0.00618923	0.00788113	0.00511076
0.00613625	0.00788449	0.00515321
0.00608324	0.00788596	0.00519573
0.00603019	0.00788584	0.00523824
0.00597716	0.00788405	0.00528072
0.00592416	0.00788065	0.00532316
0.00587123	0.00787564	0.00536552
0.0058184	0.00786891	0.00540781
0.00576569	0.00786055	0.00544997
0.00571322	0.00785026	0.005492
0.00566097	0.00783824	0.00553387
0.00560894	0.00782475	0.00557558
0.00660853	0.00782274	0.00485822
0.00655671	0.00783729	0.00489982
0.00650469	0.00784998	0.00494176
0.00645246	0.00786137	0.00498377
0.0064	0.00787129	0.00502586
0.00634739	0.00787905	0.00506819
0.00629462	0.00788512	0.00511059
0.00624173	0.00789003	0.00515298
0.00618876	0.00789338	0.00519542
0.00613576	0.00789487	0.00523792
0.00608274	0.00789466	0.00528041
0.00602973	0.00789277	0.00532289
0.00597675	0.00788929	0.00536533
0.00592385	0.00788418	0.0054077
0.00587106	0.00787738	0.00544998
0.00581839	0.0078689	0.00549214
0.00576593	0.00785861	0.00553417
0.0057137	0.00784657	0.00557604
0.00566168	0.00783314	0.00561776
0.0066612	0.00783155	0.00490038
0.00660938	0.00784604	0.004942
0.00655734	0.00785848	0.00498397
0.00650507	0.00786931	0.00502609
0.00645262	0.00787905	0.00506819
0.0064	0.00788706	0.00511044
0.00634724	0.00789297	0.00515285
0.00629438	0.00789723	0.00519531
0.00624143	0.00790034	0.00523776
0.00618844	0.00790197	0.00528023
0.00613543	0.00790181	0.0053227
0.00608244	0.00789986	0.00536518
0.00602949	0.0078963	0.00540761
0.00597661	0.00789111	0.00544998
0.00592385	0.00788418	0.00549226
0.00587122	0.00787564	0.00553443
0.00581878	0.00786533	0.00557646
0.00576657	0.00785324	0.00561833
0.00571456	0.00783983	0.00566006
0.00671404	0.00783849	0.00494269
0.0066622	0.00785289	0.00498432
0.00661015	0.00786541	0.00502624
0.00655786	0.00787598	0.00506839
0.00650538	0.00788512	0.00511059
0.00645276	0.00789297	0.00515285
0.0064	0.00789906	0.0051952
0.00634714	0.00790316	0.00523767
0.00629422	0.00790583	0.00528015
0.00624124	0.00790725	0.00532262
0.00618824	0.00790716	0.00536508
0.00613526	0.00790526	0.00540754
0.00608233	0.00790163	0.00544998
0.00602948	0.0078963	0.00549234
0.00597675	0.00788929	0.00553463
0.00592415	0.00788068	0.0055768
0.00587174	0.0078703	0.00561884
0.00581955	0.00785817	0.00566071
0.00576755	0.00784474	0.00570245
0.00676699	0.00784375	0.0049851
0.00671513	0.00785791	0.00502677
0.00666307	0.00787043	0.00506867
0.00661077	0.00788113	0.00511076
0.00655827	0.00789003	0.00515298
0.00650562	0.00789723	0.00519531
0.00645286	0.00790316	0.00523767
0.0064	0.00790769	0.00528008
0.00634708	0.00791022	0.00532255
0.00629413	0.00791098	0.00536505
0.00624115	0.00791069	0.00540752
0.00618817	0.0079089	0.00544998
0.00613526	0.00790526	0.00549241
0.00608243	0.00789986	0.00553478
0.00602972	0.00789278	0.00557706
0.00597715	0.00788406	0.00561924
0.00592477	0.00787358	0.00566128
0.00587261	0.0078614	0.00570316
0.00582062	0.00784795	0.0057449
0.00682003	0.00784736	0.00502756
0.00676815	0.0078613	0.00506927
0.00671606	0.00787375	0.00511116
0.00666375	0.00788449	0.00515321
0.00661124	0.00789338	0.00519542
0.00655857	0.00790034	0.00523776
0.00650578	0.00790583	0.00528015
0.00645292	0.00791022	0.00532255
0.0064	0.00791294	0.00536501
0.00634705	0.00791357	0.0054075
0.00629409	0.00791276	0.00544998
0.00624115	0.00791069	0.00549244
0.00618824	0.00790716	0.00553488
0.00613542	0.00790181	0.00557726
0.00608273	0.00789466	0.00561955
0.00603019	0.00788584	0.00566173
0.00597783	0.00787528	0.00570378
0.00592569	0.00786305	0.00574567
0.00587373	0.00784948	0.0057874
0.00687313	0.00784931	0.00507007
0.00682121	0.00786304	0.0051118
0.00676909	0.00787535	0.00515368
0.00671676	0.00788596	0.00519573
0.00666424	0.00789487	0.00523792
0.00661156	0.00790197	0.00528023
0.00655876	0.00790725	0.00532262
0.00650588	0.00791098	0.00536505
0.00645295	0.00791357	0.0054075
0.0064	0.0079146	0.00544998
0.00634705	0.00791358	0.00549245
0.00629413	0.00791098	0.00553491
0.00624124	0.00790725	0.00557734
0.00618844	0.00790198	0.00561974
0.00613576	0.00789487	0.00566205
0.00608324	0.00788593	0.00570423
0.00603091	0.00787527	0.00574629
0.00597878	0.00786298	0.00578818
0.00592685	0.00784929	0.00582991
0.00692625	0.0078495	0.00511258
0.0068743	0.00786308	0.00515431
0.00682216	0.0078753	0.0051962
0.00676981	0.00788584	0.00523824
0.00671726	0.00789466	0.00528041
0.00666457	0.00790181	0.0053227
0.00661176	0.00790716	0.00536508
0.00655886	0.00791069	0.00540752
0.00650591	0.00791276	0.00544998
0.00645295	0.00791358	0.00549245
0.0064	0.00791294	0.00553495
0.00634708	0.00791022	0.0055774
0.00629422	0.00790583	0.00561981
0.00624143	0.00790034	0.00566221
0.00618876	0.00789338	0.00570455
0.00613626	0.00788442	0.00574676
0.00608395	0.00787363	0.00578883
0.00603185	0.00786117	0.00583071
0.00597995	0.00784725	0.00587241
0.00697935	0.00784793	0.00515508
0.00692736	0.00786134	0.00519682
0.00687521	0.00787355	0.00523869
0.00682284	0.00788406	0.00528072
0.00677027	0.00789278	0.00532289
0.00671756	0.00789986	0.00536518
0.00666474	0.00790526	0.00540754
0.00661183	0.0079089	0.00544998
0.00655886	0.00791069	0.00549244
0.00650588	0.00791098	0.00553491
0.00645292	0.00791022	0.0055774
0.0064	0.00790769	0.00561988
0.00634715	0.00790316	0.00566229
0.00629438	0.00789724	0.00570466
0.00624172	0.00789004	0.00574699
0.00618924	0.00788107	0.00578922
0.00613694	0.00787035	0.00583133
0.00608486	0.00785777	0.0058732
0.00603299	0.00784358	0.00591486
0.00703242	0.00784469	0.00519754
0.00698041	0.00785806	0.00523927
0.00692823	0.00787022	0.00528113
0.00687584	0.00788066	0.00532316
0.00682325	0.00788929	0.00536533
0.00677052	0.0078963	0.00540761
0.00671767	0.00790163	0.00544998
0.00666474	0.00790526	0.00549241
0.00661176	0.00790716	0.00553488
0.00655876	0.00790725	0.00557734
0.00650578	0.00790583	0.00561981
0.00645285	0.00790316	0.00566229
0.0064	0.00789906	0.00570478
0.00634724	0.00789298	0.00574714
0.00629461	0.00788512	0.0057894
0.00624214	0.00787594	0.00583162
0.00618985	0.00786535	0.00587378
0.00613777	0.00785279	0.00591569
0.00608593	0.0078383	0.00595728
0.0070854	0.00783973	0.00523993
0.00703338	0.0078531	0.00528165
0.00698119	0.00786528	0.0053235
0.00692877	0.00787564	0.00536552
0.00687615	0.00788418	0.0054077
0.00682339	0.00789111	0.00544998
0.00677052	0.0078963	0.00549234
0.00671757	0.00789986	0.00553478
0.00666458	0.00790181	0.00557726
0.00661156	0.00790198	0.00561974
0.00655857	0.00790034	0.00566221
0.00650562	0.00789724	0.00570466
0.00645276	0.00789298	0.00574714
0.0064	0.00788706	0.00578957
0.00634737	0.00787904	0.00583182
0.00629492	0.0078692	0.00587393
0.00624266	0.00785835	0.00591607
0.00619058	0.00784595	0.00595803
0.00613875	0.00783133	0.0059996
0.00713828	0.00783303	0.00528222
0.00708625	0.00784641	0.00532394
0.00703403	0.00785855	0.00536579
0.0069816	0.00786891	0.00540781
0.00692894	0.00787738	0.00544998
0.00687615	0.00788418	0.00549226
0.00682325	0.00788929	0.00553463
0.00677028	0.00789278	0.00557707
0.00671727	0.00789466	0.00561955
0.00666424	0.00789487	0.00566205
0.00661124	0.00789338	0.00570455
0.00655828	0.00789004	0.00574699
0.0065054	0.00788512	0.0057894
0.00645263	0.00787904	0.00583182
0.0064	0.00787129	0.00587415
0.00634757	0.00786113	0.0059162
0.00629533	0.00784966	0.00595822
0.00624327	0.00783718	0.00600019
0.00619144	0.00782262	0.00604178
0.00719103	0.0078246	0.00532438
0.007139	0.00783809	0.00536608
0.00708676	0.00785017	0.00540794
0.00703431	0.00786055	0.00544997
0.00698161	0.00786891	0.00549214
0.00692878	0.00787565	0.00553443
0.00687585	0.00788068	0.0055768
0.00682285	0.00788406	0.00561924
0.00676981	0.00788584	0.00566173
0.00671676	0.00788593	0.00570423
0.00666375	0.00788442	0.00574676
0.00661076	0.00788107	0.00578922
0.00655786	0.00787594	0.00583162
0.00650508	0.0078692	0.00587393
0.00645243	0.00786113	0.0059162
0.0064	0.00785153	0.00595843
0.00634778	0.00783991	0.00600044
0.00629574	0.00782681	0.00604226
0.00624392	0.00781208	0.0060838
0.00724358	0.0078145	0.00536641
0.00719158	0.00782816	0.00540811
0.0071393	0.00784013	0.00544996
0.00708678	0.00785026	0.005492
0.00703407	0.00785861	0.00553417
0.00698122	0.00786533	0.00557646
0.00692826	0.0078703	0.00561884
0.00687523	0.00787358	0.00566128
0.00682217	0.00787528	0.00570378
0.00676909	0.00787527	0.00574629
0.00671605	0.00787363	0.00578883
0.00666306	0.00787035	0.00583133
0.00661016	0.00786535	0.00587378
0.00655734	0.00785835	0.00591607
0.00650467	0.00784966	0.00595822
0.00645222	0.00783991	0.00600044
0.0064	0.00782851	0.00604255
0.00634797	0.00781504	0.00608428
0.00629614	0.00779972	0.00612564
0.00729594	0.0078028	0.00540828
0.00724395	0.00781651	0.00544997
0.0071916	0.00782825	0.00549183
0.00713904	0.00783824	0.00553387
0.0070863	0.00784657	0.00557604
0.00703343	0.00785325	0.00561833
0.00698045	0.00785818	0.00566071
0.00692739	0.0078614	0.00570316
0.00687431	0.00786305	0.00574567
0.00682122	0.00786299	0.00578818
0.00676816	0.00786118	0.00583071
0.00671514	0.00785777	0.0058732
0.00666223	0.00785279	0.00591569
0.00660942	0.00784595	0.00595803
0.00655673	0.00783718	0.00600019
0.00650426	0.00782681	0.00604226
0.00645203	0.00781504	0.00608428
0.0064	0.00780168	0.00612607
0.00634817	0.00778614	0.00616735
0.00734804	0.00778949	0.00544999
0.00729596	0.0078029	0.00549168
0.0072436	0.00781466	0.00553355
0.00719106	0.00782475	0.00557558
0.00713832	0.00783314	0.00561776
0.00708544	0.00783983	0.00566006
0.00703245	0.00784474	0.00570245
0.00697938	0.00784795	0.0057449
0.00692627	0.00784948	0.0057874
0.00687315	0.0078493	0.00582991
0.00682005	0.00784725	0.00587241
0.00676701	0.00784359	0.00591486
0.00671407	0.0078383	0.00595728
0.00666125	0.00783133	0.0059996
0.00660856	0.00782262	0.00604178
0.00655608	0.00781208	0.0060838
0.00650386	0.00779972	0.00612564
0.00645183	0.00778614	0.00616735
0.0064	0.00777098	0.00620876
0.00648182	0.00660198	0.00375945
0.00648054	0.00668597	0.00376653
0.00647899	0.0067694	0.00377973
0.00647716	0.00685176	0.00379903
0.00647506	0.00693254	0.00382432
0.00647271	0.0070114	0.0038552
0.00647011	0.00708768	0.00389196
0.00646725	0.00716091	0.00393435
0.0064642	0.00723117	0.00398127
0.00646099	0.00729834	0.00403237
0.00645763	0.00736222	0.00408738
0.00645417	0.00742274	0.00414594
0.00645061	0.00747964	0.00420788
0.00644696	0.00753272	0.00427297
0.00644322	0.00758216	0.00434071
0.00643946	0.00762815	0.00441072
0.00643569	0.00767076	0.0044827
0.0064319	0.00771005	0.00455644
0.00642811	0.00774571	0.00463189
0.00664466	0.00660313	0.00376852
0.00664083	0.00668952	0.00377572
0.00663618	0.00677558	0.00378951
0.00663071	0.00686066	0.00380981
0.00662442	0.00694408	0.00383652
0.00661731	0.00702538	0.00386927
0.00660951	0.00710401	0.00390801
0.006601	0.00717919	0.00395253
0.00659184	0.00725076	0.00400196
0.0065822	0.00731887	0.00405564
0.00657217	0.0073834	0.00411316
0.00656177	0.00744419	0.00417418
0.0065511	0.00750115	0.00423841
0.00654019	0.00755402	0.00430559
0.00652906	0.00760292	0.00437532
0.00651781	0.00764806	0.00444714
0.00650647	0.0076895	0.00452082
0.00649508	0.00772733	0.0045961
0.00648371	0.00776153	0.00467282
0.00680699	0.00660441	0.00378634
0.00680099	0.00669338	0.00379354
0.00679349	0.00678209	0.00380785
0.00678455	0.00686981	0.003829
0.00677416	0.00695576	0.00385683
0.00676232	0.00703929	0.00389118
0.00674929	0.00711997	0.00393163
0.00673511	0.00719692	0.0039778
0.00671982	0.00726967	0.00402916
0.00670371	0.00733853	0.00408486
0.00668692	0.00740347	0.00414437
0.00666954	0.0074644	0.00420727
0.00665174	0.00752131	0.00427315
0.0066336	0.00757399	0.00434173
0.00661509	0.00762242	0.00441273
0.00659634	0.00766669	0.00448578
0.00657742	0.00770692	0.00456058
0.00655843	0.0077434	0.00463679
0.0065395	0.00777629	0.00471416
0.00696819	0.00660573	0.00381331
0.00696044	0.00669735	0.00382033
0.0069504	0.00678873	0.00383485
0.00693814	0.00687898	0.00385669
0.00692376	0.00696726	0.00388548
0.00690727	0.00705286	0.003921
0.00688902	0.00713528	0.00396286
0.00686916	0.00721368	0.00401041
0.00684778	0.0072875	0.00406304
0.00682522	0.00735697	0.00412014
0.00680168	0.00742215	0.00418106
0.00677733	0.00748303	0.00424524
0.0067524	0.00753963	0.00431225
0.006727	0.00759183	0.00438176
0.00670116	0.00763972	0.0044534
0.00667499	0.00768323	0.00452695
0.00664858	0.00772245	0.00460212
0.00662206	0.00775786	0.0046785
0.00659556	0.00778948	0.00475594
0.00712783	0.00660704	0.00384943
0.0071186	0.00670126	0.00385632
0.00710627	0.00679519	0.00387096
0.00709091	0.00688784	0.00389318
0.00707266	0.00697826	0.00392264
0.00705162	0.00706571	0.00395895
0.00702822	0.00714966	0.00400174
0.00700271	0.00722923	0.00405024
0.00697524	0.00730384	0.00410371
0.00694627	0.00737376	0.0041616
0.00691607	0.00743915	0.00422319
0.00688482	0.0074999	0.00428799
0.00685279	0.00755599	0.00435557
0.0068202	0.00760757	0.00442541
0.00678711	0.00765485	0.00449708
0.00675361	0.00769763	0.00457046
0.00671981	0.00773597	0.00464533
0.00668583	0.00777026	0.00472132
0.00665183	0.00780061	0.00479825
0.00728519	0.00660833	0.00389485
0.00727489	0.00670505	0.00390163
0.00726046	0.00680137	0.00391637
0.00724215	0.00689621	0.00393883
0.00722017	0.00698859	0.00396865
0.00719465	0.00707766	0.0040054
0.00716619	0.00716292	0.00404867
0.00713513	0.00724355	0.00409751
0.00710166	0.00731879	0.00415126
0.00706633	0.0073889	0.00420946
0.00702952	0.00745425	0.00427119
0.00699147	0.00751476	0.00433594
0.00695249	0.00757045	0.00440328
0.00691284	0.00762145	0.00447273
0.00687259	0.00766796	0.00454387
0.00683189	0.00770996	0.00461648
0.00679084	0.00774747	0.00469038
0.00674955	0.00778072	0.00476533
0.00670821	0.00781002	0.00484105
0.0074397	0.00660954	0.00394979
0.00742858	0.0067086	0.00395639
0.00741235	0.00680713	0.00397108
0.00739124	0.00690393	0.00399367
0.00736562	0.00699797	0.00402366
0.00733576	0.00708843	0.00406048
0.00730235	0.00717477	0.00410373
0.00726585	0.00725621	0.00415241
0.00722653	0.00733197	0.00420582
0.007185	0.00740221	0.0042636
0.0071417	0.00746736	0.00432488
0.00709697	0.0075275	0.00438896
0.0070512	0.00758269	0.00445542
0.00700466	0.00763308	0.0045238
0.00695743	0.00767885	0.00459372
0.0069097	0.00772008	0.00466491
0.0068616	0.00775685	0.00473718
0.00681319	0.00778929	0.00481038
0.00676469	0.00781761	0.00488427
0.00759052	0.00661062	0.00401444
0.00757888	0.00671179	0.00402096
0.00756106	0.0068123	0.00403549
0.0075374	0.00691088	0.00405788
0.00750831	0.00700638	0.00408768
0.00747423	0.00709797	0.00412422
0.007436	0.00718514	0.00416702
0.00739414	0.00726709	0.00421514
0.00734915	0.00734321	0.0042676
0.00730166	0.00741356	0.00432423
0.00725207	0.00747847	0.00438433
0.00720089	0.00753822	0.00444703
0.00714853	0.00759288	0.00451192
0.0070953	0.00764259	0.00457859
0.00704129	0.00768757	0.00464665
0.00698674	0.00772801	0.00471578
0.00693182	0.00776407	0.00478579
0.00687657	0.00779591	0.00485653
0.00682117	0.00782349	0.0049279
0.0077369	0.00661156	0.00408896
0.00772498	0.00671454	0.00409542
0.00770573	0.00681672	0.00410978
0.00767968	0.00691678	0.00413181
0.00764737	0.00701354	0.00416101
0.00760927	0.00710604	0.00419681
0.00756637	0.00719377	0.00423873
0.00751935	0.00727601	0.00428572
0.0074689	0.00735231	0.00433666
0.00741569	0.00742266	0.00439149
0.0073601	0.00748733	0.00444967
0.00730277	0.00754674	0.00451022
0.00724413	0.00760092	0.00457279
0.00718449	0.00765003	0.00463703
0.00712399	0.00769431	0.00470252
0.0070629	0.00773398	0.00476894
0.0070014	0.00776929	0.00483609
0.00693958	0.00780047	0.00490379
0.00687756	0.00782749	0.00497197
0.00787769	0.0066123	0.00417368
0.00786572	0.00671672	0.00418016
0.00784534	0.0068203	0.00419421
0.00781709	0.00692154	0.00421563
0.00778166	0.00701921	0.00424401
0.00773978	0.00711237	0.00427861
0.00769252	0.0072005	0.00431902
0.00764062	0.00728289	0.00436426
0.00758495	0.00735912	0.00441314
0.00752631	0.00742931	0.00446555
0.00746511	0.00749379	0.00452102
0.00740198	0.0075528	0.00457872
0.00733737	0.0076064	0.00463832
0.00727166	0.00765489	0.00469943
0.00720505	0.00769858	0.00476161
0.00713781	0.00773769	0.00482456
0.00707013	0.00777246	0.0048881
0.00700208	0.0078031	0.0049521
0.00693383	0.00782969	0.00501643
0.00801188	0.00661277	0.00426871
0.00799993	0.00671816	0.00427538
0.00797853	0.00682272	0.004289
0.00794836	0.00692481	0.00430958
0.00791011	0.0070231	0.00433674
0.0078647	0.00711662	0.0043697
0.00781341	0.00720493	0.00440802
0.00775707	0.00728741	0.00445077
0.00769656	0.00736343	0.00449693
0.00763285	0.00743331	0.00454629
0.00756645	0.0074975	0.00459837
0.00749787	0.00755598	0.00465258
0.0074277	0.00760895	0.00470851
0.00735639	0.00765693	0.00476573
0.00728414	0.00770021	0.00482383
0.00721124	0.007739	0.00488255
0.00713785	0.00777349	0.00494176
0.00706401	0.00780378	0.00500137
0.00698992	0.00783006	0.00506122
0.00813807	0.00661301	0.00437421
0.00812634	0.00671896	0.00438105
0.00810414	0.00682408	0.00439421
0.00807217	0.0069266	0.00441375
0.00803146	0.00702525	0.00443922
0.00798294	0.00711893	0.00446998
0.00792791	0.00720708	0.00450574
0.00786747	0.00728935	0.00454545
0.00780267	0.00736516	0.0045881
0.00773438	0.00743463	0.00463372
0.00766316	0.00749827	0.00468182
0.0075897	0.00755628	0.00473176
0.00751459	0.0076089	0.00478316
0.00743827	0.00765658	0.00483568
0.00736095	0.00769964	0.00488896
0.00728288	0.00773818	0.00494278
0.00720425	0.00777235	0.00499705
0.00712513	0.00780239	0.00505162
0.00704573	0.00782858	0.00510632
0.00825453	0.00661299	0.00449031
0.00824297	0.00671897	0.00449735
0.00822016	0.00682423	0.00450983
0.00818677	0.00692684	0.00452796
0.00814386	0.00702543	0.0045514
0.00809266	0.00711896	0.00457946
0.00803454	0.00720687	0.00461193
0.00797055	0.00728871	0.00464799
0.00790203	0.00736417	0.00468648
0.00782979	0.00743317	0.00472765
0.00775439	0.00749624	0.00477108
0.00767676	0.00755394	0.00481595
0.00759738	0.00760626	0.00486211
0.00751667	0.00765367	0.00490927
0.00743487	0.00769653	0.00495707
0.00735225	0.00773485	0.00500534
0.00726901	0.00776889	0.00505397
0.00718529	0.00779903	0.00510279
0.00710122	0.00782535	0.00515169
0.00836002	0.00661269	0.00461641
0.00834842	0.00671812	0.00462373
0.00832492	0.0068229	0.00463551
0.00829037	0.00692513	0.00465191
0.00824583	0.00702336	0.00467279
0.00819252	0.00711644	0.00469761
0.00813189	0.00720383	0.00472622
0.00806514	0.0072852	0.00475786
0.00799358	0.00736013	0.00479163
0.00791815	0.00742867	0.00482764
0.00783942	0.00749133	0.00486562
0.00775829	0.0075486	0.00490484
0.00767538	0.00760068	0.00494511
0.00759103	0.00764795	0.00498624
0.00750551	0.00769073	0.00502792
0.00741909	0.00772907	0.00506998
0.00733201	0.00776333	0.0051123
0.00724438	0.00779375	0.00515476
0.00715629	0.00782027	0.00519728
0.00845246	0.00661219	0.0047522
0.00844087	0.00671668	0.00475954
0.00841685	0.00682054	0.00477034
0.00838137	0.00692188	0.00478476
0.0083356	0.00701928	0.00480272
0.0082808	0.00711158	0.00482382
0.00821841	0.00719816	0.00484805
0.00814968	0.00727883	0.00487471
0.00807596	0.00735312	0.00490309
0.0079982	0.00742112	0.00493336
0.00791703	0.00748336	0.00496522
0.00783339	0.00754038	0.00499812
0.00774788	0.00759241	0.00503183
0.00766076	0.00763961	0.00506632
0.00757237	0.00768244	0.00510126
0.00748301	0.00772102	0.00513648
0.00739291	0.0077556	0.00517192
0.00730215	0.00778638	0.00520747
0.00721084	0.00781331	0.00524307
0.00852949	0.0066115	0.00489701
0.00851787	0.00671468	0.00490397
0.00849359	0.00681723	0.00491333
0.00845754	0.00691721	0.00492538
0.00841099	0.00701324	0.00494007
0.00835543	0.00710435	0.00495701
0.00829231	0.00719	0.00497624
0.00822269	0.00726984	0.00499735
0.00814777	0.00734332	0.00501986
0.00806865	0.00741063	0.00504387
0.00798613	0.00747252	0.00506908
0.00790104	0.00752939	0.00509506
0.00781391	0.00758132	0.00512172
0.00772506	0.0076286	0.00514902
0.00763485	0.00767171	0.00517667
0.00754356	0.00771071	0.00520454
0.00745136	0.00774572	0.0052326
0.00735839	0.00777695	0.00526078
0.00726477	0.0078044	0.00528896
0.0085892	0.00661067	0.00504941
0.00857724	0.00671221	0.00505546
0.00855286	0.00681302	0.00506291
0.00851682	0.00691125	0.00507208
0.00847041	0.00700564	0.00508296
0.00841508	0.00709526	0.0050953
0.00835207	0.00717952	0.00510925
0.00828262	0.00725828	0.00512444
0.0082077	0.00733084	0.00514065
0.0081284	0.00739745	0.005158
0.00804578	0.00745907	0.00517613
0.00796036	0.00751569	0.00519487
0.00787273	0.00756756	0.00521412
0.00778332	0.00761511	0.00523381
0.00769242	0.00765865	0.00525374
0.00760029	0.00769822	0.00527384
0.00750703	0.00773373	0.00529415
0.00741284	0.00776545	0.00531456
0.00731798	0.00779372	0.00533493
0.00863013	0.00660984	0.00520743
0.00861766	0.0067096	0.00521177
0.00859336	0.00680832	0.00521671
0.00855798	0.00690444	0.00522249
0.0085126	0.00699681	0.00522915
0.00845841	0.00708453	0.00523664
0.00839663	0.00716706	0.00524507
0.00832838	0.00724428	0.00525421
0.00825474	0.00731576	0.00526389
0.00817667	0.00738175	0.0052743
0.00809511	0.00744289	0.0052852
0.0080107	0.00749939	0.00529643
0.00792395	0.00755148	0.00530797
0.00783524	0.00759944	0.0053198
0.00774482	0.00764348	0.00533179
0.0076529	0.00768348	0.00534393
0.00755967	0.00771949	0.00535623
0.00746543	0.00775196	0.00536858
0.00737043	0.00778127	0.00538086
0.00865108	0.00660915	0.00536873
0.00863837	0.00670728	0.00537027
0.00861448	0.00680377	0.00537197
0.00858028	0.00689743	0.00537391
0.00853669	0.00698734	0.00537613
0.0084846	0.00707272	0.00537863
0.00842536	0.00715334	0.00538143
0.00835961	0.00722872	0.00538447
0.00828833	0.00729875	0.00538769
0.0082129	0.00736406	0.00539114
0.00813382	0.00742477	0.00539478
0.0080517	0.0074811	0.00539852
0.00796706	0.00753332	0.00540234
0.00788029	0.00758169	0.00540626
0.00779157	0.00762616	0.00541025
0.00770109	0.00766664	0.0054143
0.00760919	0.00770349	0.00541844
0.00751615	0.00773709	0.00542257
0.00742216	0.00776752	0.00542668
0.00631818	0.00660198	0.00375945
0.00631946	0.00668597	0.00376653
0.00632101	0.0067694	0.00377973
0.00632284	0.00685176	0.00379903
0.00632494	0.00693254	0.00382432
0.00632729	0.0070114	0.0038552
0.00632989	0.00708768	0.00389196
0.00633276	0.00716091	0.00393435
0.0063358	0.00723117	0.00398127
0.00633901	0.00729834	0.00403237
0.00634237	0.00736222	0.00408738
0.00634583	0.00742274	0.00414594
0.00634939	0.00747964	0.00420788
0.00635304	0.00753271	0.00427297
0.00635678	0.00758216	0.00434071
0.00636054	0.00762815	0.00441072
0.00636431	0.00767076	0.0044827
0.00636811	0.00771005	0.00455644
0.00637189	0.00774571	0.00463189
0.00615534	0.00660313	0.00376853
0.00615917	0.00668952	0.00377572
0.00616382	0.00677558	0.00378951
0.00616929	0.00686066	0.00380981
0.00617558	0.00694408	0.00383652
0.00618269	0.00702538	0.00386927
0.00619049	0.00710401	0.00390801
0.006199	0.00717919	0.00395253
0.00620816	0.00725076	0.00400196
0.0062178	0.00731887	0.00405564
0.00622783	0.0073834	0.00411316
0.00623823	0.00744419	0.00417418
0.00624891	0.00750114	0.00423841
0.00625981	0.00755402	0.00430559
0.00627094	0.00760292	0.00437532
0.00628219	0.00764806	0.00444714
0.00629353	0.0076895	0.00452082
0.00630492	0.00772733	0.0045961
0.00631629	0.00776153	0.00467282
0.00599301	0.00660441	0.00378634
0.00599901	0.00669338	0.00379354
0.00600651	0.00678209	0.00380785
0.00601546	0.00686981	0.003829
0.00602584	0.00695576	0.00385683
0.00603769	0.00703929	0.00389118
0.00605071	0.00711997	0.00393163
0.00606489	0.00719692	0.0039778
0.00608018	0.00726967	0.00402916
0.00609629	0.00733853	0.00408486
0.00611308	0.00740347	0.00414437
0.00613046	0.0074644	0.00420727
0.00614826	0.00752131	0.00427315
0.0061664	0.00757399	0.00434173
0.00618491	0.00762242	0.00441273
0.00620367	0.00766669	0.00448578
0.00622258	0.00770692	0.00456058
0.00624157	0.0077434	0.00463679
0.0062605	0.00777629	0.00471416
0.00583182	0.00660573	0.00381331
0.00583956	0.00669735	0.00382034
0.0058496	0.00678873	0.00383485
0.00586186	0.00687898	0.00385669
0.00587625	0.00696726	0.00388549
0.00589273	0.00705286	0.003921
0.00591098	0.00713528	0.00396286
0.00593084	0.00721368	0.00401041
0.00595223	0.0072875	0.00406304
0.00597479	0.00735697	0.00412014
0.00599832	0.00742215	0.00418106
0.00602267	0.00748303	0.00424524
0.0060476	0.00753963	0.00431225
0.006073	0.00759183	0.00438176
0.00609884	0.00763972	0.0044534
0.00612501	0.00768323	0.00452695
0.00615142	0.00772245	0.00460212
0.00617794	0.00775786	0.0046785
0.00620444	0.00778948	0.00475594
0.00567218	0.00660704	0.00384943
0.0056814	0.00670126	0.00385633
0.00569373	0.00679519	0.00387096
0.00570909	0.00688783	0.00389318
0.00572734	0.00697826	0.00392265
0.00574839	0.00706571	0.00395895
0.00577179	0.00714965	0.00400175
0.0057973	0.00722923	0.00405024
0.00582477	0.00730384	0.00410371
0.00585373	0.00737376	0.00416161
0.00588393	0.00743915	0.00422319
0.00591518	0.00749989	0.004288
0.00594721	0.00755599	0.00435557
0.0059798	0.00760757	0.00442541
0.00601289	0.00765485	0.00449708
0.00604639	0.00769763	0.00457046
0.00608019	0.00773597	0.00464533
0.00611417	0.00777026	0.00472132
0.00614817	0.00780061	0.00479825
0.00551481	0.00660833	0.00389486
0.00552512	0.00670505	0.00390163
0.00553954	0.00680137	0.00391637
0.00555785	0.00689621	0.00393883
0.00557984	0.00698859	0.00396866
0.00560535	0.00707766	0.00400541
0.00563382	0.00716292	0.00404868
0.00566487	0.00724354	0.00409751
0.00569834	0.00731878	0.00415126
0.00573367	0.00738889	0.00420946
0.00577048	0.00745425	0.00427119
0.00580854	0.00751476	0.00433594
0.00584751	0.00757045	0.00440328
0.00588716	0.00762145	0.00447273
0.00592741	0.00766795	0.00454387
0.00596811	0.00770996	0.00461648
0.00600916	0.00774747	0.00469038
0.00605046	0.00778072	0.00476533
0.00609179	0.00781002	0.00484105
0.00536031	0.00660954	0.00394979
0.00537142	0.0067086	0.00395639
0.00538766	0.00680713	0.00397108
0.00540876	0.00690393	0.00399367
0.00543439	0.00699797	0.00402366
0.00546424	0.00708842	0.00406048
0.00549765	0.00717477	0.00410373
0.00553416	0.00725621	0.00415242
0.00557347	0.00733197	0.00420582
0.005615	0.00740221	0.00426361
0.00565831	0.00746735	0.00432489
0.00570303	0.0075275	0.00438896
0.0057488	0.00758269	0.00445542
0.00579534	0.00763308	0.0045238
0.00584257	0.00767885	0.00459372
0.00589031	0.00772008	0.00466491
0.00593841	0.00775685	0.00473718
0.00598681	0.00778929	0.00481038
0.00603531	0.00781761	0.00488427
0.00520949	0.00661062	0.00401445
0.00522112	0.00671178	0.00402096
0.00523894	0.0068123	0.0040355
0.0052626	0.00691088	0.00405788
0.0052917	0.00700638	0.00408769
0.00532578	0.00709797	0.00412422
0.005364	0.00718514	0.00416702
0.00540586	0.00726709	0.00421514
0.00545085	0.00734321	0.0042676
0.00549834	0.00741356	0.00432423
0.00554794	0.00747847	0.00438434
0.00559912	0.00753822	0.00444704
0.00565147	0.00759287	0.00451192
0.0057047	0.00764259	0.00457859
0.00575871	0.00768757	0.00464665
0.00581326	0.00772801	0.00471578
0.00586818	0.00776407	0.00478579
0.00592343	0.00779591	0.00485653
0.00597883	0.00782349	0.0049279
0.0050631	0.00661156	0.00408897
0.00507502	0.00671454	0.00409542
0.00509427	0.00681672	0.00410979
0.00512032	0.00691678	0.00413181
0.00515264	0.00701354	0.00416101
0.00519074	0.00710604	0.00419681
0.00523364	0.00719376	0.00423873
0.00528066	0.00727601	0.00428573
0.0053311	0.00735231	0.00433666
0.00538432	0.00742266	0.0043915
0.00543991	0.00748733	0.00444967
0.00549724	0.00754674	0.00451022
0.00555587	0.00760092	0.00457279
0.00561551	0.00765003	0.00463703
0.00567601	0.00769431	0.00470252
0.00573711	0.00773398	0.00476894
0.0057986	0.00776929	0.00483609
0.00586042	0.00780047	0.00490379
0.00592244	0.00782749	0.00497197
0.00492231	0.0066123	0.00417368
0.00493428	0.00671672	0.00418016
0.00495467	0.0068203	0.00419421
0.00498292	0.00692154	0.00421563
0.00501835	0.00701921	0.00424401
0.00506022	0.00711237	0.00427861
0.00510749	0.0072005	0.00431902
0.00515938	0.00728289	0.00436427
0.00521505	0.00735912	0.00441314
0.0052737	0.00742931	0.00446556
0.00533489	0.00749378	0.00452102
0.00539803	0.0075528	0.00457872
0.00546264	0.0076064	0.00463833
0.00552834	0.00765489	0.00469943
0.00559496	0.00769858	0.00476161
0.0056622	0.00773769	0.00482456
0.00572987	0.00777246	0.0048881
0.00579792	0.0078031	0.0049521
0.00586617	0.00782969	0.00501643
0.00478813	0.00661277	0.00426872
0.00480008	0.00671816	0.00427538
0.00482148	0.00682271	0.00428901
0.00485165	0.00692481	0.00430958
0.00488989	0.0070231	0.00433674
0.0049353	0.00711662	0.00436971
0.0049866	0.00720493	0.00440803
0.00504294	0.00728741	0.00445077
0.00510345	0.00736342	0.00449693
0.00516715	0.00743331	0.00454629
0.00523355	0.00749749	0.00459837
0.00530214	0.00755597	0.00465258
0.00537231	0.00760895	0.00470851
0.00544361	0.00765692	0.00476573
0.00551586	0.00770021	0.00482383
0.00558877	0.007739	0.00488255
0.00566216	0.00777349	0.00494176
0.00573599	0.00780378	0.00500137
0.00581008	0.00783005	0.00506122
0.00466194	0.00661301	0.00437421
0.00467367	0.00671896	0.00438105
0.00469586	0.00682408	0.00439422
0.00472784	0.0069266	0.00441375
0.00476855	0.00702525	0.00443922
0.00481707	0.00711893	0.00446999
0.0048721	0.00720708	0.00450575
0.00493254	0.00728935	0.00454546
0.00499734	0.00736516	0.0045881
0.00506562	0.00743463	0.00463372
0.00513684	0.00749827	0.00468182
0.00521031	0.00755628	0.00473176
0.00528542	0.0076089	0.00478317
0.00536173	0.00765658	0.00483568
0.00543906	0.00769964	0.00488896
0.00551712	0.00773818	0.00494279
0.00559576	0.00777235	0.00499705
0.00567487	0.00780239	0.00505162
0.00575427	0.00782858	0.00510632
0.00454547	0.00661299	0.00449032
0.00455704	0.00671897	0.00449736
0.00457985	0.00682423	0.00450984
0.00461323	0.00692684	0.00452796
0.00465615	0.00702542	0.0045514
0.00470734	0.00711896	0.00457946
0.00476546	0.00720687	0.00461193
0.00482945	0.0072887	0.00464799
0.00489797	0.00736417	0.00468649
0.00497021	0.00743317	0.00472765
0.00504561	0.00749624	0.00477108
0.00512324	0.00755393	0.00481596
0.00520263	0.00760625	0.00486211
0.00528334	0.00765367	0.00490927
0.00536513	0.00769653	0.00495707
0.00544775	0.00773485	0.00500534
0.00553099	0.00776889	0.00505397
0.00561471	0.00779903	0.00510279
0.00569878	0.00782535	0.00515169
0.00443998	0.00661269	0.00461641
0.00445159	0.00671812	0.00462373
0.00447509	0.0068229	0.00463551
0.00450964	0.00692513	0.00465191
0.00455417	0.00702336	0.00467279
0.00460749	0.00711644	0.00469762
0.00466812	0.00720383	0.00472623
0.00473487	0.0072852	0.00475787
0.00480643	0.00736013	0.00479163
0.00488186	0.00742866	0.00482764
0.00496058	0.00749133	0.00486562
0.00504171	0.00754859	0.00490485
0.00512463	0.00760068	0.00494511
0.00520897	0.00764794	0.00498624
0.00529449	0.00769072	0.00502792
0.00538091	0.00772907	0.00506998
0.00546799	0.00776333	0.0051123
0.00555562	0.00779374	0.00515476
0.00564371	0.00782027	0.00519728
0.00434754	0.00661219	0.0047522
0.00435914	0.00671668	0.00475954
0.00438316	0.00682054	0.00477034
0.00441863	0.00692188	0.00478477
0.00446441	0.00701928	0.00480272
0.00451921	0.00711158	0.00482382
0.0045816	0.00719816	0.00484805
0.00465033	0.00727883	0.00487472
0.00472405	0.00735311	0.00490309
0.0048018	0.00742112	0.00493336
0.00488297	0.00748336	0.00496523
0.00496662	0.00754038	0.00499812
0.00505213	0.00759241	0.00503183
0.00513925	0.00763961	0.00506632
0.00522764	0.00768244	0.00510126
0.00531699	0.00772102	0.00513648
0.0054071	0.0077556	0.00517192
0.00549786	0.00778637	0.00520747
0.00558916	0.00781331	0.00524307
0.00427052	0.0066115	0.00489701
0.00428214	0.00671468	0.00490397
0.00430641	0.00681723	0.00491333
0.00434247	0.00691721	0.00492538
0.00438902	0.00701324	0.00494007
0.00444458	0.00710434	0.00495702
0.00450769	0.00719	0.00497624
0.00457732	0.00726984	0.00499735
0.00465224	0.00734332	0.00501986
0.00473136	0.00741062	0.00504387
0.00481388	0.00747252	0.00506908
0.00489896	0.00752938	0.00509506
0.00498609	0.00758131	0.00512172
0.00507495	0.0076286	0.00514902
0.00516516	0.0076717	0.00517667
0.00525644	0.00771071	0.00520454
0.00534864	0.00774572	0.0052326
0.00544162	0.00777694	0.00526078
0.00553523	0.0078044	0.00528895
0.0042108	0.00661067	0.00504941
0.00422277	0.00671221	0.00505546
0.00424714	0.00681302	0.00506291
0.00428319	0.00691125	0.00507208
0.0043296	0.00700563	0.00508296
0.00438493	0.00709526	0.0050953
0.00444794	0.00717952	0.00510925
0.00451739	0.00725828	0.00512444
0.0045923	0.00733083	0.00514065
0.0046716	0.00739745	0.005158
0.00475422	0.00745907	0.00517613
0.00483964	0.00751568	0.00519487
0.00492727	0.00756756	0.00521412
0.00501669	0.00761511	0.00523381
0.00510759	0.00765865	0.00525374
0.00519971	0.00769821	0.00527384
0.00529297	0.00773373	0.00529415
0.00538716	0.00776544	0.00531456
0.00548202	0.00779372	0.00533493
0.00416988	0.00660984	0.00520743
0.00418235	0.0067096	0.00521177
0.00420665	0.00680832	0.00521672
0.00424203	0.00690444	0.00522249
0.00428741	0.00699681	0.00522916
0.00434159	0.00708453	0.00523664
0.00440338	0.00716706	0.00524507
0.00447163	0.00724427	0.00525421
0.00454527	0.00731575	0.00526389
0.00462334	0.00738174	0.0052743
0.00470489	0.00744289	0.0052852
0.00478931	0.00749938	0.00529643
0.00487605	0.00755147	0.00530797
0.00496477	0.00759944	0.0053198
0.00505518	0.00764347	0.0053318
0.0051471	0.00768348	0.00534393
0.00524033	0.00771948	0.00535623
0.00533457	0.00775196	0.00536858
0.00542957	0.00778127	0.00538086
0.00414892	0.00660915	0.00536873
0.00416163	0.00670728	0.00537027
0.00418553	0.00680377	0.00537197
0.00421973	0.00689743	0.00537391
0.00426332	0.00698734	0.00537613
0.0043154	0.00707272	0.00537863
0.00437464	0.00715334	0.00538143
0.0044404	0.00722871	0.00538447
0.00451167	0.00729875	0.00538769
0.00458711	0.00736406	0.00539114
0.00466619	0.00742477	0.00539478
0.00474831	0.00748109	0.00539852
0.00483294	0.00753332	0.00540234
0.00491971	0.00758169	0.00540626
0.00500844	0.00762615	0.00541025
0.00509891	0.00766664	0.0054143
0.00519081	0.00770349	0.00541844
0.00528385	0.00773708	0.00542257
0.00537785	0.00776752	0.00542668
0.00414892	0.00660915	0.00553127
0.00416164	0.00670729	0.00552973
0.00418553	0.00680378	0.00552803
0.00421973	0.00689745	0.00552608
0.00426332	0.00698736	0.00552386
0.00431541	0.00707274	0.00552136
0.00437465	0.00715336	0.00551856
0.00444041	0.00722874	0.00551552
0.00451168	0.00729877	0.00551229
0.00458711	0.00736409	0.00550885
0.00466619	0.0074248	0.00550521
0.00474832	0.00748112	0.00550146
0.00483295	0.00753335	0.00549764
0.00491971	0.00758173	0.00549372
0.00500844	0.00762619	0.00548973
0.00509891	0.00766668	0.00548567
0.0051908	0.00770357	0.00548155
0.00528383	0.00773717	0.00547742
0.00537783	0.00776761	0.0054733
0.00416988	0.00660984	0.00569257
0.00418235	0.00670961	0.00568823
0.00420665	0.00680834	0.00568328
0.00424203	0.00690447	0.0056775
0.00428742	0.00699684	0.00567083
0.0043416	0.00708457	0.00566335
0.00440339	0.0071671	0.00565491
0.00447165	0.00724431	0.00564576
0.00454528	0.0073158	0.00563608
0.00462334	0.00738181	0.00562567
0.0047049	0.00744295	0.00561477
0.00478931	0.00749946	0.00560353
0.00487604	0.00755157	0.005592
0.00496475	0.00759955	0.00558017
0.00505518	0.00764357	0.00556817
0.0051471	0.00768356	0.00555603
0.00524032	0.0077196	0.00554373
0.00533455	0.00775212	0.00553139
0.00542954	0.00778145	0.00551911
0.0042108	0.00661067	0.00585058
0.00422277	0.00671223	0.00584454
0.00424715	0.00681305	0.00583708
0.00428319	0.00691128	0.0058279
0.00432961	0.00700568	0.00581702
0.00438494	0.00709531	0.00580467
0.00444795	0.00717957	0.00579072
0.00451741	0.00725833	0.00577553
0.00459232	0.0073309	0.00575932
0.00467162	0.00739752	0.00574196
0.00475424	0.00745914	0.00572383
0.00483965	0.00751578	0.0057051
0.00492726	0.00756768	0.00568585
0.00501668	0.00761523	0.00566615
0.00510758	0.00765877	0.00564622
0.00519972	0.00769831	0.00562611
0.00529299	0.0077338	0.00560579
0.00538716	0.00776555	0.00558539
0.00548199	0.00779391	0.00556503
0.00427052	0.0066115	0.00600299
0.00428214	0.00671469	0.00599603
0.00430642	0.00681725	0.00598666
0.00434248	0.00691723	0.00597461
0.00438903	0.00701328	0.00595992
0.00444459	0.00710438	0.00594297
0.00450771	0.00719004	0.00592375
0.00457733	0.00726989	0.00590264
0.00465226	0.00734336	0.00588012
0.00473137	0.00741068	0.00585612
0.00481389	0.00747259	0.00583091
0.00489898	0.00752945	0.00580492
0.0049861	0.00758139	0.00577827
0.00507494	0.00762871	0.00575097
0.00516515	0.00767183	0.00572332
0.00525643	0.00771082	0.00569546
0.00534865	0.00774579	0.00566737
0.00544163	0.007777	0.00563919
0.00553521	0.00780453	0.00561101
0.00434755	0.00661219	0.0061478
0.00435914	0.00671668	0.00614046
0.00438316	0.00682054	0.00612966
0.00441864	0.00692188	0.00611523
0.00446442	0.00701928	0.00609728
0.0045192	0.00711159	0.00607618
0.0045816	0.00719817	0.00605196
0.00465032	0.00727885	0.00602529
0.00472405	0.00735313	0.00599692
0.0048018	0.00742113	0.00596664
0.00488296	0.00748339	0.00593479
0.00496661	0.00754041	0.0059019
0.00505211	0.00759245	0.00586819
0.00513923	0.00763967	0.0058337
0.00522761	0.00768252	0.00579877
0.00531696	0.00772109	0.00576354
0.00540707	0.00775567	0.00572809
0.00549784	0.00778642	0.00569253
0.00558915	0.00781333	0.00565692
0.00443999	0.00661269	0.00628359
0.00445159	0.00671812	0.00627627
0.0044751	0.0068229	0.00626449
0.00450964	0.00692513	0.00624808
0.00455417	0.00702336	0.00622721
0.00460749	0.00711644	0.00620238
0.00466812	0.00720384	0.00617377
0.00473486	0.0072852	0.00614213
0.00480642	0.00736013	0.00610837
0.00488185	0.00742867	0.00607236
0.00496057	0.00749134	0.00603438
0.00504169	0.00754862	0.00599516
0.00512461	0.00760071	0.0059549
0.00520896	0.00764796	0.00591376
0.00529447	0.00769076	0.00587208
0.00538088	0.00772912	0.00583002
0.00546796	0.00776337	0.0057877
0.0055556	0.00779378	0.00574523
0.00564369	0.0078203	0.00570271
0.00454548	0.00661299	0.00640968
0.00455705	0.00671897	0.00640264
0.00457985	0.00682423	0.00639016
0.00461324	0.00692684	0.00637203
0.00465615	0.00702543	0.00634859
0.00470734	0.00711896	0.00632053
0.00476546	0.00720687	0.00628806
0.00482945	0.0072887	0.006252
0.00489797	0.00736417	0.0062135
0.0049702	0.00743318	0.00617234
0.0050456	0.00749624	0.00612891
0.00512323	0.00755393	0.00608403
0.00520261	0.00760626	0.00603788
0.00528332	0.00765368	0.00599072
0.00536511	0.00769654	0.00594292
0.00544772	0.00773488	0.00589465
0.00553096	0.00776892	0.00584603
0.00561469	0.00779905	0.0057972
0.00569876	0.00782536	0.0057483
0.00466194	0.00661301	0.00652579
0.00467367	0.00671896	0.00651894
0.00469587	0.00682408	0.00650578
0.00472784	0.0069266	0.00648624
0.00476855	0.00702525	0.00646077
0.00481706	0.00711893	0.00643001
0.0048721	0.00720708	0.00639425
0.00493254	0.00728934	0.00635453
0.00499734	0.00736516	0.00631189
0.00506562	0.00743462	0.00626626
0.00513683	0.00749827	0.00621816
0.0052103	0.00755628	0.00616823
0.0052854	0.00760889	0.00611682
0.00536172	0.00765658	0.0060643
0.00543904	0.00769963	0.00601102
0.0055171	0.00773818	0.0059572
0.00559573	0.00777237	0.00590294
0.00567485	0.0078024	0.00584837
0.00575425	0.00782858	0.00579366
0.00478813	0.00661277	0.00663128
0.00480008	0.00671816	0.00662461
0.00482148	0.00682271	0.00661099
0.00485165	0.00692481	0.00659041
0.00488989	0.0070231	0.00656325
0.0049353	0.00711662	0.00653029
0.0049866	0.00720493	0.00649196
0.00504293	0.0072874	0.00644921
0.00510344	0.00736342	0.00640306
0.00516715	0.0074333	0.00635369
0.00523354	0.00749749	0.00630162
0.00530212	0.00755597	0.00624741
0.0053723	0.00760895	0.00619147
0.0054436	0.00765692	0.00613425
0.00551584	0.00770021	0.00607615
0.00558875	0.007739	0.00601743
0.00566214	0.00777348	0.00595822
0.00573597	0.00780378	0.00589861
0.00581006	0.00783005	0.00583876
0.00492232	0.0066123	0.00672631
0.00493429	0.00671672	0.00671983
0.00495467	0.0068203	0.00670578
0.00498292	0.00692154	0.00668436
0.00501835	0.00701921	0.00665598
0.00506023	0.00711237	0.00662138
0.00510749	0.00720049	0.00658097
0.00515939	0.00728289	0.00653572
0.00521505	0.00735911	0.00648685
0.00527369	0.0074293	0.00643443
0.00533489	0.00749378	0.00637897
0.00539802	0.00755279	0.00632126
0.00546263	0.00760638	0.00626166
0.00552834	0.00765487	0.00620055
0.00559495	0.00769856	0.00613837
0.00566219	0.00773766	0.00607542
0.00572986	0.00777243	0.00601187
0.0057979	0.00780308	0.00594787
0.00586615	0.00782968	0.00588355
0.00506311	0.00661156	0.00681103
0.00507503	0.00671453	0.00680458
0.00509428	0.00681671	0.00679021
0.00512032	0.00691677	0.00676818
0.00515264	0.00701353	0.00673898
0.00519074	0.00710602	0.00670318
0.00523364	0.00719374	0.00666126
0.00528066	0.00727599	0.00661427
0.0053311	0.00735229	0.00656333
0.00538432	0.00742263	0.0065085
0.00543991	0.0074873	0.00645032
0.00549723	0.0075467	0.00638977
0.00555587	0.00760088	0.0063272
0.00561551	0.00764998	0.00626296
0.00567601	0.00769425	0.00619746
0.0057371	0.00773391	0.00613103
0.00579859	0.00776923	0.00606389
0.0058604	0.00780044	0.0059962
0.00592241	0.00782745	0.00592802
0.0052095	0.00661062	0.00688555
0.00522113	0.00671178	0.00687903
0.00523894	0.0068123	0.0068645
0.00526261	0.00691087	0.00684211
0.0052917	0.00700636	0.0068123
0.00532578	0.00709794	0.00677577
0.00536401	0.00718511	0.00673297
0.00540586	0.00726706	0.00668485
0.00545085	0.00734317	0.00663239
0.00549835	0.00741352	0.00657576
0.00554795	0.00747841	0.00651565
0.00559913	0.00753815	0.00645295
0.00565148	0.0075928	0.00638806
0.00570472	0.0076425	0.00632138
0.00575872	0.00768747	0.00625332
0.00581326	0.00772792	0.00618419
0.00586817	0.00776401	0.0061142
0.0059234	0.00779587	0.00604346
0.0059788	0.00782343	0.00597208
0.00536031	0.00660953	0.0069502
0.00537143	0.00670859	0.00694361
0.00538766	0.00680711	0.00692891
0.00540876	0.00690389	0.00690632
0.00543438	0.00699793	0.00687634
0.00546424	0.00708838	0.00683952
0.00549765	0.00717472	0.00679627
0.00553415	0.00725615	0.00674759
0.00557347	0.00733189	0.00669418
0.005615	0.00740212	0.00663639
0.00565831	0.00746725	0.00657511
0.00570304	0.00752739	0.00651103
0.0057488	0.00758258	0.00644458
0.00579534	0.00763295	0.0063762
0.00584257	0.00767871	0.00630628
0.00589029	0.00771996	0.0062351
0.00593838	0.00775677	0.00616284
0.00598677	0.00778921	0.00608964
0.00603527	0.00781746	0.00601572
0.00551482	0.00660832	0.00700514
0.00552512	0.00670503	0.00699836
0.00553954	0.00680133	0.00698363
0.00555784	0.00689617	0.00696116
0.00557983	0.00698852	0.00693134
0.00560533	0.00707759	0.0068946
0.0056338	0.00716283	0.00685133
0.00566485	0.00724346	0.0068025
0.00569831	0.00731868	0.00674875
0.00573364	0.00738877	0.00669054
0.00577045	0.00745411	0.00662881
0.00580849	0.00751462	0.00656407
0.00584747	0.0075703	0.00649672
0.00588712	0.00762127	0.00642726
0.00592736	0.00766778	0.00635613
0.00596805	0.00770983	0.00628355
0.00600908	0.00774737	0.00620966
0.00605038	0.00778059	0.0061347
0.00609173	0.00780979	0.00605894
0.00567218	0.00660704	0.00705057
0.00568141	0.00670124	0.00704367
0.00569373	0.00679517	0.00702903
0.00570909	0.00688781	0.00700681
0.00572734	0.00697822	0.00697734
0.00574838	0.00706567	0.00694103
0.00577178	0.0071496	0.00689823
0.00579729	0.00722917	0.00684973
0.00582476	0.00730377	0.00679626
0.00585373	0.00737368	0.00673837
0.00588392	0.00743905	0.00667677
0.00591518	0.00749976	0.00661195
0.00594721	0.00755584	0.00654436
0.0059798	0.00760741	0.00647453
0.00601287	0.00765471	0.00640288
0.00604636	0.00769754	0.00632953
0.00608016	0.00773583	0.00625465
0.00611416	0.00776999	0.00617859
0.00614814	0.00780034	0.00610168
0.00583181	0.00660572	0.00708668
0.00583955	0.00669733	0.00707966
0.0058496	0.00678869	0.00706514
0.00586185	0.00687892	0.00704331
0.00587623	0.00696719	0.00701452
0.00589272	0.00705277	0.006979
0.00591096	0.00713518	0.00693714
0.00593082	0.00721356	0.0068896
0.00595221	0.00728737	0.00683697
0.00597477	0.00735683	0.00677987
0.0059983	0.00742199	0.00671895
0.00602265	0.00748284	0.00665476
0.00604758	0.00753943	0.00658775
0.00607297	0.00759164	0.00651826
0.0060988	0.00763957	0.00644664
0.00612496	0.00768306	0.00637309
0.00615137	0.00772224	0.0062979
0.0061779	0.00775757	0.00622148
0.00620439	0.00778912	0.00614401
0.00599302	0.0066044	0.00711365
0.00599901	0.00669334	0.00710645
0.0060065	0.00678203	0.00709215
0.00601544	0.00686973	0.00707101
0.00602582	0.00695567	0.00704318
0.00603766	0.00703917	0.00700883
0.00605067	0.00711985	0.00696841
0.00606484	0.00719679	0.00692224
0.00608013	0.00726952	0.00687087
0.00609623	0.00733836	0.00681517
0.00611302	0.00740329	0.00675567
0.00613039	0.00746422	0.00669278
0.00614818	0.00752111	0.0066269
0.00616631	0.0075738	0.00655832
0.00618481	0.00762224	0.00648734
0.00620357	0.00766645	0.00641425
0.00622249	0.00770662	0.00633942
0.00624147	0.00774313	0.00626323
0.00626041	0.00777594	0.00618583
0.00615535	0.00660312	0.00713147
0.00615918	0.00668951	0.00712427
0.00616382	0.00677556	0.00711048
0.00616928	0.00686063	0.00709018
0.00617557	0.00694404	0.00706348
0.00618268	0.00702533	0.00703073
0.00619047	0.00710397	0.00699199
0.00619898	0.00717913	0.00694746
0.00620814	0.00725069	0.00689802
0.00621777	0.00731879	0.00684435
0.0062278	0.00738331	0.00678683
0.0062382	0.00744408	0.00672579
0.00624887	0.00750104	0.00666157
0.00625977	0.00755392	0.00659439
0.00627089	0.0076028	0.00652466
0.00628215	0.00764789	0.00645282
0.0062935	0.00768925	0.0063791
0.0063049	0.00772705	0.00630381
0.00631626	0.0077613	0.00622712
0.00631818	0.00660198	0.00714054
0.00631946	0.00668597	0.00713347
0.00632101	0.0067694	0.00712027
0.00632284	0.00685175	0.00710096
0.00632494	0.00693253	0.00707568
0.00632729	0.00701139	0.0070448
0.00632989	0.00708767	0.00700802
0.00633275	0.00716089	0.00696564
0.0063358	0.00723114	0.00691872
0.00633901	0.00729831	0.00686761
0.00634236	0.00736219	0.0068126
0.00634583	0.0074227	0.00675403
0.00634938	0.0074796	0.0066921
0.00635304	0.00753266	0.00662701
0.00635678	0.0075821	0.00655926
0.00636054	0.00762809	0.00648926
0.00636431	0.00767069	0.00641727
0.00636811	0.00770994	0.00634352
0.00637189	0.00774562	0.00626808
0.00865108	0.00660915	0.00553127
0.00863837	0.00670729	0.00552973
0.00861447	0.00680378	0.00552803
0.00858027	0.00689745	0.00552608
0.00853668	0.00698736	0.00552386
0.0084846	0.00707274	0.00552136
0.00842536	0.00715336	0.00551856
0.0083596	0.00722874	0.00551552
0.00828832	0.00729878	0.00551229
0.0082129	0.00736409	0.00550885
0.00813382	0.00742481	0.00550521
0.00805169	0.00748113	0.00550146
0.00796706	0.00753335	0.00549764
0.00788029	0.00758173	0.00549372
0.00779156	0.00762619	0.00548973
0.00770109	0.00766668	0.00548568
0.0076092	0.00770357	0.00548155
0.00751617	0.00773718	0.00547742
0.00742217	0.00776762	0.0054733
0.00863012	0.00660984	0.00569257
0.00861765	0.00670961	0.00568823
0.00859335	0.00680834	0.00568328
0.00855798	0.00690447	0.0056775
0.00851259	0.00699684	0.00567083
0.00845841	0.00708457	0.00566335
0.00839662	0.0071671	0.00565491
0.00832836	0.00724432	0.00564576
0.00825473	0.00731581	0.00563608
0.00817667	0.00738181	0.00562567
0.00809511	0.00744295	0.00561477
0.0080107	0.00749947	0.00560353
0.00792396	0.00755158	0.005592
0.00783525	0.00759955	0.00558017
0.00774482	0.00764357	0.00556817
0.0076529	0.00768356	0.00555603
0.00755968	0.0077196	0.00554374
0.00746545	0.00775212	0.00553139
0.00737046	0.00778145	0.00551911
0.0085892	0.00661067	0.00585059
0.00857723	0.00671223	0.00584454
0.00855286	0.00681305	0.00583708
0.00851681	0.00691128	0.0058279
0.0084704	0.00700568	0.00581703
0.00841506	0.00709531	0.00580467
0.00835206	0.00717958	0.00579072
0.0082826	0.00725834	0.00577553
0.00820769	0.0073309	0.00575932
0.00812839	0.00739753	0.00574197
0.00804577	0.00745915	0.00572383
0.00796036	0.00751579	0.0057051
0.00787274	0.00756768	0.00568585
0.00778332	0.00761523	0.00566615
0.00769242	0.00765877	0.00564622
0.00760028	0.00769832	0.00562611
0.00750702	0.00773381	0.00560579
0.00741284	0.00776555	0.00558539
0.00731801	0.00779391	0.00556503
0.00852949	0.0066115	0.00600299
0.00851787	0.00671469	0.00599603
0.00849359	0.00681725	0.00598667
0.00845753	0.00691724	0.00597461
0.00841098	0.00701328	0.00595992
0.00835542	0.00710438	0.00594297
0.0082923	0.00719004	0.00592375
0.00822268	0.00726989	0.00590264
0.00814775	0.00734336	0.00588013
0.00806863	0.00741069	0.00585612
0.00798612	0.00747259	0.00583091
0.00790103	0.00752945	0.00580492
0.0078139	0.0075814	0.00577827
0.00772506	0.00762871	0.00575097
0.00763486	0.00767183	0.00572333
0.00754357	0.00771083	0.00569546
0.00745135	0.00774579	0.00566737
0.00735838	0.007777	0.00563919
0.00726479	0.00780453	0.00561101
0.00845246	0.00661219	0.0061478
0.00844087	0.00671668	0.00614046
0.00841685	0.00682055	0.00612966
0.00838137	0.00692188	0.00611523
0.00833559	0.00701928	0.00609728
0.00828081	0.00711159	0.00607619
0.00821841	0.00719817	0.00605196
0.00814969	0.00727885	0.00602529
0.00807596	0.00735313	0.00599692
0.0079982	0.00742114	0.00596664
0.00791705	0.0074834	0.00593479
0.0078334	0.00754042	0.0059019
0.00774789	0.00759245	0.00586819
0.00766078	0.00763967	0.0058337
0.0075724	0.00768252	0.00579877
0.00748304	0.00772109	0.00576354
0.00739293	0.00775567	0.00572809
0.00730217	0.00778643	0.00569253
0.00721085	0.00781334	0.00565692
0.00836002	0.00661269	0.00628359
0.00834842	0.00671812	0.00627627
0.00832491	0.0068229	0.00626449
0.00829037	0.00692513	0.00624808
0.00824583	0.00702336	0.00622721
0.00819252	0.00711645	0.00620238
0.00813189	0.00720384	0.00617377
0.00806514	0.00728521	0.00614213
0.00799358	0.00736014	0.00610837
0.00791816	0.00742868	0.00607236
0.00783943	0.00749134	0.00603438
0.00775831	0.00754862	0.00599516
0.0076754	0.00760071	0.0059549
0.00759105	0.00764797	0.00591376
0.00750554	0.00769076	0.00587208
0.00741912	0.00772912	0.00583002
0.00733204	0.00776337	0.0057877
0.00724441	0.00779378	0.00574523
0.00715631	0.0078203	0.00570271
0.00825453	0.00661299	0.00640968
0.00824296	0.00671897	0.00640264
0.00822016	0.00682423	0.00639016
0.00818677	0.00692684	0.00637204
0.00814386	0.00702543	0.00634859
0.00809266	0.00711896	0.00632054
0.00803455	0.00720687	0.00628806
0.00797056	0.0072887	0.006252
0.00790204	0.00736417	0.0062135
0.00782981	0.00743318	0.00617234
0.0077544	0.00749624	0.00612891
0.00767677	0.00755393	0.00608403
0.00759739	0.00760626	0.00603788
0.00751668	0.00765368	0.00599073
0.00743489	0.00769654	0.00594292
0.00735228	0.00773488	0.00589465
0.00726904	0.00776893	0.00584603
0.00718531	0.00779905	0.0057972
0.00710124	0.00782536	0.0057483
0.00813806	0.00661301	0.00652579
0.00812633	0.00671896	0.00651895
0.00810414	0.00682408	0.00650578
0.00807217	0.0069266	0.00648625
0.00803145	0.00702525	0.00646077
0.00798294	0.00711893	0.00643001
0.00792791	0.00720708	0.00639425
0.00786747	0.00728934	0.00635454
0.00780267	0.00736516	0.00631189
0.00773438	0.00743463	0.00626626
0.00766317	0.00749827	0.00621817
0.00758971	0.00755628	0.00616823
0.0075146	0.00760889	0.00611682
0.00743829	0.00765658	0.0060643
0.00736096	0.00769963	0.00601102
0.0072829	0.00773818	0.0059572
0.00720427	0.00777237	0.00590294
0.00712515	0.0078024	0.00584837
0.00704576	0.00782858	0.00579366
0.00801187	0.00661277	0.00663128
0.00799992	0.00671816	0.00662462
0.00797853	0.00682271	0.00661099
0.00794835	0.00692481	0.00659041
0.00791011	0.0070231	0.00656326
0.0078647	0.00711662	0.00653029
0.00781341	0.00720493	0.00649197
0.00775707	0.00728741	0.00644922
0.00769656	0.00736342	0.00640306
0.00763286	0.00743331	0.00635369
0.00756646	0.00749749	0.00630162
0.00749788	0.00755597	0.00624741
0.00742771	0.00760895	0.00619147
0.00735641	0.00765692	0.00613426
0.00728416	0.00770021	0.00607615
0.00721125	0.007739	0.00601743
0.00713787	0.00777348	0.00595823
0.00706404	0.00780378	0.00589862
0.00698994	0.00783005	0.00583876
0.00787768	0.0066123	0.00672632
0.00786572	0.00671672	0.00671984
0.00784534	0.0068203	0.00670579
0.00781708	0.00692154	0.00668437
0.00778166	0.00701921	0.00665598
0.00773978	0.00711237	0.00662138
0.00769252	0.0072005	0.00658097
0.00764062	0.00728289	0.00653572
0.00758495	0.00735912	0.00648685
0.00752631	0.00742931	0.00643443
0.00746512	0.00749378	0.00637897
0.00740198	0.00755279	0.00632127
0.00733737	0.00760639	0.00626166
0.00727167	0.00765487	0.00620056
0.00720505	0.00769856	0.00613837
0.00713781	0.00773766	0.00607542
0.00707014	0.00777243	0.00601188
0.0070021	0.00780308	0.00594787
0.00693385	0.00782969	0.00588355
0.0077369	0.00661156	0.00681103
0.00772498	0.00671453	0.00680458
0.00770573	0.00681671	0.00679021
0.00767968	0.00691677	0.00676818
0.00764737	0.00701353	0.00673898
0.00760927	0.00710602	0.00670318
0.00756637	0.00719375	0.00666126
0.00751935	0.00727599	0.00661427
0.0074689	0.00735229	0.00656333
0.00741569	0.00742263	0.0065085
0.0073601	0.0074873	0.00645032
0.00730277	0.0075467	0.00638977
0.00724414	0.00760088	0.0063272
0.0071845	0.00764998	0.00626296
0.00712399	0.00769425	0.00619746
0.0070629	0.00773391	0.00613103
0.00700141	0.00776923	0.00606389
0.0069396	0.00780044	0.0059962
0.00687759	0.00782746	0.00592802
0.00759051	0.00661062	0.00688555
0.00757888	0.00671178	0.00687903
0.00756106	0.0068123	0.0068645
0.0075374	0.00691087	0.00684212
0.0075083	0.00700636	0.00681231
0.00747423	0.00709794	0.00677577
0.007436	0.00718512	0.00673297
0.00739414	0.00726706	0.00668485
0.00734915	0.00734317	0.00663239
0.00730166	0.00741352	0.00657576
0.00725206	0.00747842	0.00651565
0.00720088	0.00753816	0.00645295
0.00714852	0.0075928	0.00638806
0.00709529	0.0076425	0.00632138
0.00704128	0.00768747	0.00625332
0.00698674	0.00772792	0.00618419
0.00693183	0.00776402	0.0061142
0.0068766	0.00779587	0.00604347
0.0068212	0.00782343	0.00597208
0.00743969	0.00660953	0.0069502
0.00742858	0.00670859	0.00694361
0.00741235	0.00680711	0.00692892
0.00739124	0.0069039	0.00690632
0.00736562	0.00699793	0.00687634
0.00733576	0.00708838	0.00683952
0.00730236	0.00717472	0.00679628
0.00726585	0.00725615	0.00674759
0.00722653	0.0073319	0.00669418
0.007185	0.00740212	0.00663639
0.00714169	0.00746725	0.00657511
0.00709697	0.00752739	0.00651103
0.0070512	0.00758258	0.00644458
0.00700466	0.00763295	0.0063762
0.00695743	0.00767871	0.00630628
0.00690971	0.00771996	0.0062351
0.00686163	0.00775677	0.00616284
0.00681323	0.00778921	0.00608964
0.00676473	0.00781746	0.00601572
0.00728518	0.00660832	0.00700514
0.00727488	0.00670503	0.00699837
0.00726047	0.00680133	0.00698363
0.00724216	0.00689617	0.00696117
0.00722018	0.00698853	0.00693135
0.00719467	0.00707759	0.0068946
0.00716621	0.00716283	0.00685133
0.00713516	0.00724346	0.0068025
0.00710169	0.00731868	0.00674875
0.00706636	0.00738877	0.00669054
0.00702956	0.00745411	0.00662881
0.00699151	0.00751462	0.00656407
0.00695253	0.0075703	0.00649672
0.00691288	0.00762127	0.00642726
0.00687264	0.00766778	0.00635613
0.00683196	0.00770983	0.00628355
0.00679092	0.00774737	0.00620966
0.00674962	0.0077806	0.0061347
0.00670827	0.00780979	0.00605894
0.00712782	0.00660704	0.00705057
0.0071186	0.00670124	0.00704367
0.00710627	0.00679517	0.00702904
0.00709092	0.00688781	0.00700681
0.00707267	0.00697822	0.00697735
0.00705162	0.00706567	0.00694104
0.00702822	0.0071496	0.00689823
0.00700271	0.00722917	0.00684974
0.00697524	0.00730377	0.00679626
0.00694628	0.00737368	0.00673837
0.00691608	0.00743905	0.00667677
0.00688483	0.00749976	0.00661195
0.00685279	0.00755584	0.00654436
0.0068202	0.00760741	0.00647453
0.00678713	0.00765471	0.00640288
0.00675364	0.00769754	0.00632953
0.00671984	0.00773583	0.00625465
0.00668584	0.00776999	0.00617859
0.00665186	0.00780034	0.00610168
0.00696819	0.00660572	0.00708668
0.00696045	0.00669733	0.00707966
0.00695041	0.00678869	0.00706514
0.00693815	0.00687892	0.00704331
0.00692377	0.00696719	0.00701452
0.00690729	0.00705277	0.006979
0.00688904	0.00713518	0.00693714
0.00686918	0.00721357	0.0068896
0.0068478	0.00728738	0.00683698
0.00682524	0.00735683	0.00677987
0.0068017	0.00742199	0.00671895
0.00677735	0.00748284	0.00665476
0.00675242	0.00753943	0.00658775
0.00672703	0.00759165	0.00651826
0.0067012	0.00763957	0.00644664
0.00667504	0.00768306	0.00637309
0.00664863	0.00772224	0.0062979
0.0066221	0.00775757	0.00622148
0.00659561	0.00778912	0.00614401
0.00680699	0.0066044	0.00711365
0.00680099	0.00669334	0.00710645
0.0067935	0.00678203	0.00709215
0.00678456	0.00686973	0.00707101
0.00677418	0.00695567	0.00704318
0.00676235	0.00703917	0.00700883
0.00674933	0.00711985	0.00696841
0.00673516	0.00719679	0.00692224
0.00671987	0.00726952	0.00687087
0.00670377	0.00733836	0.00681517
0.00668698	0.00740329	0.00675567
0.00666962	0.00746422	0.00669278
0.00665183	0.00752111	0.0066269
0.00663369	0.0075738	0.00655832
0.00661519	0.00762224	0.00648734
0.00659643	0.00766645	0.00641425
0.00657751	0.00770662	0.00633942
0.00655853	0.00774313	0.00626323
0.00653959	0.00777594	0.00618583
0.00664465	0.00660312	0.00713147
0.00664083	0.00668951	0.00712427
0.00663618	0.00677556	0.00711049
0.00663072	0.00686063	0.00709019
0.00662443	0.00694404	0.00706348
0.00661732	0.00702534	0.00703073
0.00660953	0.00710397	0.00699199
0.00660102	0.00717913	0.00694746
0.00659186	0.00725069	0.00689802
0.00658223	0.0073188	0.00684435
0.0065722	0.00738331	0.00678683
0.0065618	0.00744408	0.00672579
0.00655113	0.00750104	0.00666157
0.00654023	0.00755392	0.00659439
0.00652911	0.0076028	0.00652466
0.00651785	0.00764789	0.00645282
0.0065065	0.00768925	0.0063791
0.0064951	0.00772705	0.00630381
0.00648374	0.0077613	0.00622712
0.00648182	0.00660198	0.00714054
0.00648054	0.00668597	0.00713347
0.00647899	0.0067694	0.00712027
0.00647716	0.00685175	0.00710096
0.00647506	0.00693253	0.00707568
0.00647271	0.00701139	0.0070448
0.00647011	0.00708767	0.00700802
0.00646725	0.00716089	0.00696564
0.0064642	0.00723114	0.00691872
0.00646099	0.00729831	0.00686761
0.00645764	0.00736219	0.0068126
0.00645417	0.0074227	0.00675403
0.00645062	0.0074796	0.0066921
0.00644696	0.00753266	0.00662701
0.00644322	0.0075821	0.00655926
0.00643946	0.00762809	0.00648926
0.00643569	0.00767069	0.00641727
0.00643189	0.00770994	0.00634352
0.00642811	0.00774562	0.00626808
