0.00645152	0.00558776	0.00305758
0.00645152	0.00569889	0.00305758
0.00645153	0.00580999	0.00305758
0.00645158	0.00592109	0.00305754
0.00645154	0.0060322	0.00305757
0.00645152	0.00614328	0.00305758
0.00645153	0.00625433	0.00305757
0.00645161	0.00636531	0.0030575
0.00645156	0.00647697	0.0030585
0.00665505	0.00558776	0.00304214
0.00665505	0.00569889	0.00304214
0.00665505	0.00581	0.00304214
0.00665503	0.0059211	0.00304215
0.00665504	0.0060322	0.00304214
0.00665504	0.00614328	0.00304214
0.00665503	0.00625434	0.00304214
0.00665494	0.00636534	0.00304215
0.00665493	0.00647708	0.00304298
0.00686108	0.00558775	0.00303702
0.00686109	0.00569889	0.00303702
0.0068611	0.00580999	0.00303701
0.00686108	0.0059211	0.00303702
0.00686108	0.00603219	0.00303702
0.00686108	0.00614327	0.00303702
0.0068611	0.00625433	0.00303701
0.00686102	0.00636532	0.00303704
0.00686097	0.00647705	0.00303775
0.00706979	0.00558776	0.00304181
0.00706979	0.00569889	0.00304181
0.00706979	0.00580999	0.00304181
0.00706976	0.0059211	0.00304179
0.00706976	0.00603219	0.00304179
0.00706976	0.00614327	0.00304179
0.00706976	0.00625431	0.00304178
0.00706973	0.00636528	0.00304171
0.00706952	0.006477	0.0030423
0.00727877	0.00558776	0.00306302
0.00727878	0.00569888	0.00306302
0.00727878	0.00580999	0.00306302
0.00727872	0.0059211	0.00306303
0.0072787	0.00603219	0.00306304
0.0072787	0.00614326	0.00306303
0.00727875	0.0062543	0.00306302
0.0072787	0.00636528	0.00306299
0.00727847	0.00647683	0.0030633
0.00748842	0.00558776	0.0031007
0.00748843	0.00569889	0.00310069
0.00748843	0.00580999	0.00310069
0.00748843	0.0059211	0.00310069
0.00748843	0.00603219	0.00310069
0.00748843	0.00614327	0.00310069
0.00748843	0.00625433	0.0031007
0.00748835	0.00636534	0.00310078
0.00748815	0.00647706	0.0031011
0.00770024	0.00558776	0.00314421
0.00770024	0.00569888	0.00314421
0.00770024	0.00580999	0.00314421
0.00770024	0.00592109	0.00314421
0.00770024	0.00603219	0.00314421
0.00770024	0.00614326	0.00314421
0.00770029	0.0062543	0.00314419
0.00770018	0.00636527	0.00314414
0.00770004	0.00647662	0.00314437
0.00791247	0.00558777	0.00320504
0.00791249	0.00569889	0.00320504
0.00791249	0.00580999	0.00320504
0.00791249	0.0059211	0.00320504
0.00791249	0.00603219	0.00320504
0.00791249	0.00614327	0.00320504
0.00791249	0.00625433	0.00320504
0.00791243	0.00636534	0.0032051
0.00791222	0.00647679	0.00320536
0.00812691	0.00558776	0.00327348
0.00812692	0.00569888	0.00327348
0.00812692	0.00580999	0.00327348
0.00812692	0.00592109	0.00327348
0.00812692	0.00603219	0.00327348
0.00812692	0.00614326	0.00327348
0.00812695	0.00625431	0.00327347
0.00812684	0.00636529	0.00327344
0.00812669	0.00647616	0.00327343
0.00834355	0.00558777	0.00336002
0.00834355	0.00569889	0.00336002
0.00834355	0.00580999	0.00336002
0.00834355	0.0059211	0.00336002
0.00834356	0.00603219	0.00336002
0.00834356	0.00614326	0.00336002
0.00834356	0.00625431	0.00336002
0.00834356	0.00636528	0.00336
0.00834345	0.0064761	0.00335996
0.00855494	0.00558776	0.00346434
0.00855495	0.00569888	0.00346434
0.00855495	0.00580999	0.00346434
0.00855496	0.00592109	0.00346434
0.00855496	0.00603219	0.00346434
0.00855496	0.00614327	0.00346434
0.00855498	0.00625433	0.00346434
0.00855489	0.00636532	0.00346432
0.00855476	0.00647574	0.00346401
0.00876875	0.00558777	0.00359246
0.00876874	0.00569889	0.00359246
0.00876874	0.00580999	0.00359246
0.00876874	0.00592109	0.00359245
0.00876874	0.00603218	0.00359245
0.00876874	0.00614325	0.00359245
0.00876875	0.00625426	0.00359245
0.00876879	0.00636515	0.00359243
0.00876894	0.00647535	0.00359213
0.00896535	0.00558776	0.00375074
0.00896536	0.00569889	0.00375074
0.00896536	0.00580999	0.00375074
0.00896536	0.00592109	0.00375074
0.00896536	0.00603219	0.00375074
0.00896536	0.00614326	0.00375074
0.00896537	0.00625429	0.00375074
0.0089654	0.00636522	0.00375073
0.00896554	0.00647546	0.00375042
0.00914706	0.00558777	0.00393489
0.00914705	0.00569888	0.00393488
0.00914705	0.00580999	0.00393488
0.00914705	0.00592109	0.00393488
0.00914705	0.00603218	0.00393488
0.00914706	0.00614324	0.00393488
0.00914707	0.00625425	0.00393487
0.0091471	0.00636514	0.00393487
0.00914714	0.00647512	0.00393425
0.00931174	0.00558776	0.00414958
0.00931174	0.00569888	0.00414958
0.00931174	0.00580999	0.00414958
0.00931174	0.00592109	0.00414958
0.00931175	0.00603218	0.00414958
0.00931175	0.00614324	0.00414958
0.00931177	0.00625426	0.00414958
0.0093118	0.00636517	0.00414959
0.00931197	0.00647529	0.00414924
0.00945914	0.00558776	0.00438698
0.00945913	0.00569888	0.00438696
0.00945913	0.00580999	0.00438696
0.00945913	0.00592108	0.00438696
0.00945914	0.00603216	0.00438696
0.00945914	0.00614321	0.00438696
0.00945916	0.00625418	0.00438696
0.00945921	0.00636501	0.00438695
0.0094595	0.00647489	0.00438657
0.00957495	0.00558776	0.0046491
0.00957495	0.00569888	0.0046491
0.00957495	0.00580998	0.0046491
0.00957495	0.00592108	0.0046491
0.00957495	0.00603216	0.0046491
0.00957496	0.00614321	0.0046491
0.00957498	0.00625419	0.0046491
0.00957503	0.00636504	0.00464911
0.00957561	0.00647488	0.00464901
0.00965567	0.00558776	0.00493059
0.00965566	0.00569888	0.00493057
0.00965566	0.00580998	0.00493057
0.00965567	0.00592107	0.00493057
0.00965567	0.00603215	0.00493057
0.00965568	0.00614318	0.00493057
0.0096557	0.00625413	0.00493057
0.00965576	0.00636492	0.00493057
0.00965649	0.00647449	0.00493062
0.00968892	0.00558775	0.0052254
0.00968893	0.00569888	0.00522542
0.00968893	0.00580998	0.00522542
0.00968893	0.00592108	0.00522542
0.00968893	0.00603216	0.00522542
0.00968894	0.00614322	0.00522543
0.00968895	0.00625421	0.00522544
0.00968899	0.0063651	0.00522546
0.0096896	0.00647479	0.00522553
0.00634937	0.00558776	0.00307035
0.00634938	0.00569889	0.00307035
0.00634939	0.00581	0.00307035
0.00634945	0.0059211	0.00307031
0.00634937	0.00603219	0.00307033
0.00634935	0.00614328	0.00307034
0.00634936	0.00625433	0.00307033
0.00634934	0.00636531	0.00307024
0.00634934	0.00647694	0.00307132
0.00615008	0.00558776	0.0031068
0.00615007	0.00569889	0.00310681
0.00615007	0.00581	0.00310681
0.0061501	0.0059211	0.00310679
0.00615015	0.00603221	0.00310674
0.00615017	0.00614329	0.00310672
0.00615017	0.00625437	0.00310673
0.00615012	0.0063654	0.00310692
0.00615025	0.00647709	0.00310821
0.00595307	0.00558776	0.0031459
0.00595307	0.00569889	0.0031459
0.00595306	0.00581	0.0031459
0.00595308	0.00592111	0.00314594
0.00595309	0.0060322	0.00314598
0.00595309	0.00614328	0.00314598
0.00595308	0.00625434	0.00314597
0.00595303	0.00636531	0.00314569
0.00595318	0.00647682	0.00314716
0.0057609	0.00558776	0.00320546
0.0057609	0.00569889	0.00320546
0.0057609	0.00580999	0.00320548
0.00576083	0.00592109	0.00320559
0.0057608	0.0060322	0.00320562
0.0057608	0.00614329	0.00320562
0.00576079	0.00625436	0.00320565
0.0057608	0.00636537	0.00320561
0.00576105	0.00647688	0.00320733
0.00557358	0.00558777	0.0032769
0.00557358	0.00569889	0.0032769
0.00557358	0.00581	0.0032769
0.0055736	0.0059211	0.00327689
0.0055736	0.00603221	0.00327689
0.0055736	0.0061433	0.00327689
0.0055736	0.00625438	0.00327689
0.00557363	0.00636542	0.00327688
0.00557403	0.00647698	0.00327871
0.00538884	0.00558777	0.00335211
0.00538884	0.00569889	0.00335212
0.00538884	0.00581	0.00335212
0.00538887	0.00592111	0.00335208
0.00538888	0.00603221	0.00335207
0.00538888	0.0061433	0.00335207
0.00538887	0.00625439	0.00335208
0.00538889	0.00636543	0.00335202
0.0053893	0.00647697	0.00335354
0.00520778	0.00558777	0.00343217
0.00520778	0.00569889	0.00343217
0.00520778	0.00581	0.00343217
0.00520778	0.0059211	0.00343217
0.00520778	0.00603221	0.00343217
0.00520778	0.00614331	0.00343217
0.00520776	0.00625438	0.0034322
0.00520781	0.00636544	0.00343228
0.00520832	0.00647687	0.00343356
0.00502743	0.00558777	0.00351629
0.00502742	0.00569889	0.00351629
0.00502742	0.00580999	0.00351629
0.00502742	0.0059211	0.00351629
0.00502742	0.00603221	0.00351629
0.00502742	0.0061433	0.00351629
0.00502741	0.00625439	0.0035163
0.00502751	0.00636546	0.00351619
0.00502832	0.00647682	0.00351758
0.00485091	0.00558777	0.00360739
0.00485091	0.00569889	0.00360739
0.00485091	0.00581	0.00360739
0.00485091	0.0059211	0.00360739
0.00485091	0.00603221	0.00360739
0.00485091	0.0061433	0.00360739
0.00485088	0.00625438	0.00360741
0.00485083	0.00636542	0.00360736
0.00485126	0.00647651	0.00360793
0.00467836	0.00558777	0.00371298
0.00467834	0.00569888	0.00371299
0.00467834	0.00580999	0.00371299
0.00467834	0.0059211	0.00371299
0.00467834	0.00603221	0.00371299
0.00467834	0.00614331	0.00371299
0.00467832	0.00625441	0.003713
0.00467843	0.00636551	0.00371282
0.00467897	0.00647661	0.00371323
0.00450761	0.00558777	0.00382099
0.00450761	0.00569889	0.00382099
0.00450761	0.00581	0.00382099
0.00450761	0.0059211	0.00382099
0.00450761	0.00603221	0.00382099
0.00450761	0.0061433	0.00382099
0.00450757	0.00625437	0.00382099
0.00450738	0.0063654	0.00382085
0.0045072	0.00647606	0.00382042
0.00434283	0.00558777	0.00394879
0.00434283	0.00569888	0.0039488
0.00434283	0.00580999	0.0039488
0.00434283	0.0059211	0.0039488
0.00434283	0.0060322	0.00394879
0.00434283	0.0061433	0.00394879
0.00434282	0.00625437	0.0039488
0.00434299	0.00636541	0.00394864
0.00434286	0.006476	0.00394824
0.00419427	0.00558777	0.00409618
0.00419427	0.00569889	0.00409618
0.00419427	0.00581	0.00409618
0.00419427	0.0059211	0.00409618
0.00419427	0.00603221	0.00409618
0.00419427	0.0061433	0.00409618
0.00419427	0.00625438	0.00409618
0.00419425	0.0063654	0.00409618
0.00419403	0.00647602	0.00409582
0.00406003	0.00558777	0.00425981
0.00406003	0.00569889	0.00425981
0.00406003	0.00581	0.00425981
0.00406003	0.0059211	0.00425981
0.00406003	0.0060322	0.00425981
0.00406003	0.00614329	0.00425981
0.00406002	0.00625436	0.00425981
0.00406001	0.00636537	0.0042598
0.00405978	0.006476	0.00425939
0.00394453	0.00558777	0.00444276
0.00394453	0.00569889	0.00444275
0.00394453	0.00580999	0.00444275
0.00394453	0.0059211	0.00444275
0.00394453	0.0060322	0.00444275
0.00394453	0.00614329	0.00444275
0.00394452	0.00625435	0.00444275
0.00394451	0.00636536	0.00444275
0.00394425	0.006476	0.00444242
0.00385228	0.00558777	0.00464156
0.00385228	0.00569889	0.00464155
0.00385228	0.00580999	0.00464155
0.00385228	0.0059211	0.00464155
0.00385228	0.0060322	0.00464155
0.00385227	0.00614328	0.00464155
0.00385227	0.00625434	0.00464155
0.00385225	0.00636533	0.00464155
0.00385195	0.00647593	0.00464137
0.00378843	0.00558776	0.00485175
0.00378843	0.00569889	0.00485175
0.00378843	0.00580999	0.00485175
0.00378843	0.0059211	0.00485175
0.00378842	0.0060322	0.00485175
0.00378842	0.00614329	0.00485176
0.00378842	0.00625436	0.00485176
0.00378841	0.00636539	0.00485177
0.0037882	0.00647609	0.00485181
0.00374212	0.00558777	0.00506656
0.00374212	0.00569889	0.00506654
0.00374212	0.00580999	0.00506654
0.00374212	0.00592109	0.00506654
0.00374212	0.00603219	0.00506654
0.00374211	0.00614327	0.00506654
0.00374211	0.00625432	0.00506655
0.00374209	0.0063653	0.00506655
0.00374176	0.00647587	0.00506648
0.0037256	0.00558776	0.00528504
0.0037256	0.00569889	0.00528505
0.0037256	0.00580999	0.00528505
0.0037256	0.0059211	0.00528505
0.0037256	0.0060322	0.00528505
0.0037256	0.00614329	0.00528505
0.0037256	0.00625437	0.00528506
0.00372559	0.0063654	0.00528507
0.00372534	0.00647606	0.00528499
0.00372499	0.00558777	0.00550482
0.00372499	0.00569889	0.00550482
0.00372499	0.00580999	0.00550482
0.00372499	0.0059211	0.00550482
0.00372499	0.0060322	0.00550482
0.00372499	0.00614329	0.00550483
0.00372499	0.00625435	0.00550483
0.00372497	0.00636537	0.00550484
0.00372474	0.00647605	0.00550475
0.00373832	0.00558776	0.00572289
0.00373832	0.00569889	0.00572288
0.00373832	0.00580999	0.00572289
0.00373832	0.0059211	0.00572289
0.00373832	0.00603219	0.00572289
0.00373832	0.00614328	0.00572289
0.00373831	0.00625434	0.00572289
0.0037383	0.00636535	0.0057229
0.00376146	0.00653836	0.00582997
0.00377251	0.00558776	0.00593837
0.00377251	0.00569889	0.00593839
0.00377251	0.00581	0.00593839
0.00377251	0.0059211	0.00593839
0.00377251	0.00603221	0.00593839
0.00377251	0.0061433	0.00593839
0.00377251	0.00625438	0.0059384
0.00377251	0.00636544	0.00593841
0.00380013	0.00653814	0.00604475
0.00381316	0.00558777	0.00615622
0.00381316	0.00569889	0.00615621
0.00381316	0.00580999	0.00615621
0.00381316	0.0059211	0.00615622
0.00381315	0.00603219	0.00615622
0.00381315	0.00614328	0.00615622
0.00381315	0.00625434	0.00615623
0.00381314	0.00636533	0.00615624
0.00384869	0.00653918	0.00626064
0.00387332	0.00558776	0.00637245
0.00387332	0.00569889	0.00637246
0.00387332	0.00580999	0.00637246
0.00387332	0.0059211	0.00637246
0.00387332	0.00603219	0.00637246
0.00387332	0.00614328	0.00637246
0.00387331	0.00625433	0.00637247
0.0038733	0.00636531	0.00637248
0.00392052	0.00653819	0.00647311
0.00396132	0.00558776	0.00657916
0.00396132	0.00569889	0.00657917
0.00396132	0.00580999	0.00657917
0.00396132	0.0059211	0.00657917
0.00396132	0.0060322	0.00657917
0.00396132	0.00614328	0.00657917
0.00396132	0.00625433	0.00657918
0.00396131	0.00636532	0.0065792
0.0040212	0.00653863	0.00667089
0.00407331	0.00558776	0.00677025
0.00407331	0.00569889	0.00677025
0.00407331	0.00580999	0.00677025
0.00407331	0.0059211	0.00677026
0.00407331	0.00603219	0.00677026
0.00407331	0.00614327	0.00677026
0.0040733	0.00625432	0.00677027
0.00407329	0.00636528	0.00677028
0.00414537	0.0065374	0.00685025
0.00421288	0.00558777	0.00693586
0.00421288	0.00569889	0.00693586
0.00421288	0.00580999	0.00693586
0.00421288	0.0059211	0.00693586
0.00421288	0.00603219	0.00693586
0.00421288	0.00614327	0.00693587
0.00421287	0.00625431	0.00693587
0.00421285	0.00636526	0.00693589
0.0043008	0.00653661	0.0070021
0.00438446	0.00558777	0.00706725
0.00438445	0.00569889	0.00706725
0.00438445	0.00581	0.00706725
0.00438445	0.0059211	0.00706725
0.00438445	0.0060322	0.00706725
0.00438445	0.00614329	0.00706726
0.00438443	0.00625435	0.00706726
0.00438492	0.00636537	0.00706752
0.00448174	0.00653969	0.00711301
0.00456655	0.00558777	0.00717171
0.00456656	0.00569889	0.00717171
0.00456656	0.00581	0.00717171
0.00456656	0.0059211	0.00717171
0.00456656	0.0060322	0.00717171
0.00456656	0.00614329	0.00717171
0.0045665	0.00625438	0.00717171
0.00456603	0.0063654	0.00717167
0.00466605	0.00653855	0.00720667
0.00475341	0.00558778	0.00725839
0.00475337	0.00569889	0.00725839
0.00475337	0.00581	0.00725839
0.00475337	0.0059211	0.00725839
0.00475337	0.0060322	0.00725839
0.00475338	0.00614329	0.00725839
0.00475337	0.00625436	0.00725837
0.00475427	0.00636541	0.00725826
0.00485264	0.00653796	0.00728871
0.0049399	0.00558777	0.0073365
0.0049399	0.00569889	0.0073365
0.0049399	0.00580999	0.0073365
0.0049399	0.0059211	0.0073365
0.0049399	0.0060322	0.0073365
0.0049399	0.00614329	0.0073365
0.00493983	0.00625437	0.00733649
0.00493948	0.0063654	0.00733648
0.00503618	0.00653822	0.00736366
0.00512568	0.00558777	0.00740444
0.00512566	0.00569889	0.00740444
0.00512576	0.00581	0.0074044
0.00512577	0.0059211	0.0074044
0.00512577	0.0060322	0.0074044
0.00512577	0.0061433	0.0074044
0.00512578	0.00625437	0.00740437
0.00512648	0.00636542	0.00740411
0.00522159	0.00653837	0.00742705
0.00531014	0.00558776	0.00747224
0.00531014	0.00569889	0.00747224
0.00531014	0.00581	0.00747221
0.00531014	0.0059211	0.00747221
0.00531014	0.00603221	0.00747221
0.00531015	0.0061433	0.00747221
0.00531012	0.00625439	0.00747219
0.00530996	0.00636545	0.00747201
0.00540507	0.00653742	0.00749746
0.00549251	0.00558776	0.00754312
0.0054925	0.00569889	0.00754312
0.00549251	0.00581	0.00754312
0.00549251	0.0059211	0.00754312
0.0055385	0.0060601	0.00756049
0.00553848	0.00617106	0.00756054
0.00553834	0.00628196	0.00756029
0.00549238	0.00636538	0.00754293
0.00558656	0.00653771	0.00756777
0.00567699	0.00558776	0.00761099
0.005677	0.00569889	0.00761099
0.00567698	0.00581	0.00761092
0.00567699	0.0059211	0.00761092
0.00567777	0.00603211	0.00761179
0.00567804	0.00614328	0.00761212
0.00567804	0.00625439	0.00761212
0.00572357	0.00639323	0.00762985
0.00572508	0.0065094	0.00762366
0.00586347	0.00558776	0.00768129
0.00586348	0.00569889	0.00768129
0.00586345	0.00581	0.00768124
0.00586345	0.0059211	0.00768123
0.00586342	0.00603222	0.00768117
0.00586341	0.0061433	0.00768116
0.00586345	0.00625437	0.0076812
0.00586428	0.00636524	0.00768282
0.00595777	0.0065389	0.00770448
0.0060542	0.00558776	0.00775048
0.0060542	0.00569889	0.00775048
0.0060542	0.00581	0.00775048
0.00605421	0.0059211	0.00775049
0.00605424	0.00603219	0.00775056
0.00605426	0.00614329	0.0077506
0.00605427	0.00625436	0.0077506
0.0060542	0.00636538	0.00775052
0.0061504	0.00653915	0.00777196
0.00624915	0.00558776	0.00781178
0.00624915	0.00569889	0.00781178
0.00624915	0.00580999	0.00781178
0.00624915	0.0059211	0.00781178
0.00624912	0.0060322	0.00781172
0.00624912	0.00614329	0.00781172
0.00624913	0.00625435	0.00781174
0.00624904	0.00636534	0.00781179
0.00634919	0.00654091	0.00782941
0.00969041	0.00558776	0.00552499
0.00969041	0.00569888	0.00552498
0.00969041	0.00580998	0.00552498
0.00969041	0.00592108	0.00552498
0.00969042	0.00603216	0.00552499
0.00969042	0.00614321	0.00552499
0.00969043	0.00625419	0.00552501
0.00969048	0.00636505	0.00552504
0.00969119	0.00647468	0.00552516
0.00966334	0.00558776	0.00582058
0.00966334	0.00569888	0.00582059
0.00966334	0.00580998	0.00582059
0.00966334	0.00592108	0.00582059
0.00966335	0.00603216	0.00582059
0.00966335	0.00614321	0.0058206
0.00966336	0.00625419	0.00582061
0.00966341	0.00636505	0.00582064
0.00964417	0.00654799	0.00581901
0.00960614	0.00558776	0.00610807
0.00960614	0.00569888	0.00610807
0.00960614	0.00580998	0.00610807
0.00960615	0.00592108	0.00610807
0.00960615	0.00603215	0.00610807
0.00960615	0.00614319	0.00610808
0.00960617	0.00625416	0.00610809
0.00960622	0.00636498	0.00610812
0.00959336	0.00654594	0.0061067
0.00951233	0.00558776	0.00637906
0.00951233	0.00569888	0.00637907
0.00951233	0.00580999	0.00637907
0.00951233	0.00592108	0.00637907
0.00951233	0.00603216	0.00637908
0.00951233	0.00614322	0.00637909
0.00951234	0.00625421	0.0063791
0.00951237	0.00636508	0.00637913
0.00950081	0.00654643	0.00637559
0.00938828	0.00558776	0.00663374
0.00938828	0.00569888	0.00663374
0.00938828	0.00580999	0.00663374
0.00938828	0.00592108	0.00663375
0.00938828	0.00603217	0.00663375
0.00938828	0.00614322	0.00663376
0.00938829	0.0062542	0.00663377
0.00938832	0.00636506	0.0066338
0.00937858	0.00654628	0.00662702
0.00923578	0.00558776	0.00686469
0.00923576	0.00569888	0.00686471
0.00923576	0.00580999	0.00686471
0.00923576	0.00592109	0.00686471
0.00923576	0.00603218	0.00686471
0.00923576	0.00614325	0.00686472
0.00923577	0.00625426	0.00686473
0.00923578	0.00636518	0.00686477
0.00922775	0.00654483	0.0068569
0.00906891	0.00558776	0.00707061
0.00906891	0.00569888	0.00707061
0.00906891	0.00580999	0.00707061
0.00906891	0.00592109	0.00707061
0.00906892	0.00603218	0.00707061
0.00906892	0.00614324	0.00707062
0.00906892	0.00625424	0.00707063
0.00906895	0.00636511	0.00707066
0.00906224	0.00654357	0.00706451
0.00888291	0.00558776	0.0072451
0.0088829	0.00569889	0.00724511
0.0088829	0.00580999	0.00724511
0.0088829	0.0059211	0.00724512
0.0088829	0.00603219	0.00724512
0.0088829	0.00614326	0.00724512
0.0088829	0.0062543	0.00724513
0.00888291	0.00636524	0.00724516
0.00887664	0.00654327	0.00723788
0.00867978	0.00558776	0.00739951
0.00867978	0.00569889	0.00739951
0.00867978	0.00580999	0.00739951
0.00867978	0.0059211	0.00739951
0.00867978	0.00603219	0.00739952
0.00867978	0.00614326	0.00739952
0.00867978	0.00625428	0.00739953
0.00867979	0.0063652	0.00739956
0.00867329	0.00654396	0.007392
0.00847267	0.00558777	0.0075217
0.00847268	0.00569889	0.0075217
0.00847268	0.00581	0.0075217
0.00847268	0.0059211	0.0075217
0.00847268	0.00603219	0.0075217
0.00847268	0.00614327	0.0075217
0.00847268	0.00625432	0.00752171
0.00847253	0.0063653	0.00752176
0.00846807	0.00654446	0.00751424
0.00825774	0.00558776	0.00762687
0.00825774	0.00569889	0.00762687
0.00825774	0.00580999	0.00762687
0.00825774	0.00592109	0.00762687
0.00825774	0.00603219	0.00762687
0.00825774	0.00614326	0.00762688
0.00825775	0.00625429	0.00762688
0.00825774	0.00636524	0.00762694
0.00825505	0.00654303	0.00761921
0.0080431	0.00558777	0.00770863
0.00804312	0.00569889	0.00770863
0.00804312	0.00581	0.00770863
0.00804312	0.0059211	0.00770863
0.00804312	0.00603219	0.00770863
0.00804297	0.00614327	0.00770863
0.00804296	0.00625432	0.00770863
0.00804277	0.00636531	0.00770862
0.00803988	0.00653997	0.00770325
0.00782628	0.00558776	0.00777762
0.00782627	0.00569889	0.00777762
0.00782627	0.00580999	0.00777762
0.00782627	0.00592109	0.00777762
0.00782628	0.00603219	0.00777763
0.00782627	0.00614326	0.00777766
0.00782629	0.0062543	0.00777766
0.00782626	0.00636527	0.00777774
0.00782465	0.00653871	0.00777262
0.00761149	0.00558777	0.0078284
0.00761151	0.00569889	0.00782841
0.00761151	0.00581	0.00782841
0.00761151	0.0059211	0.00782841
0.00761139	0.00603219	0.00782837
0.00761147	0.00614328	0.00782838
0.00761153	0.00625433	0.00782839
0.00761133	0.00636533	0.0078283
0.00760926	0.00653936	0.00782452
0.00739698	0.00558776	0.00787049
0.00739698	0.00569889	0.00787049
0.00739697	0.00580999	0.00787049
0.00739698	0.00592109	0.00787049
0.00739697	0.00603219	0.00787052
0.00739697	0.00614327	0.00787052
0.00739698	0.00625431	0.00787052
0.00739695	0.00636528	0.00787061
0.00739453	0.00653988	0.00786579
0.00718457	0.00558776	0.00789754
0.00718458	0.00569889	0.00789754
0.00718458	0.00580999	0.00789754
0.00718459	0.0059211	0.00789755
0.00718468	0.00603219	0.00789757
0.00718459	0.00614326	0.00789757
0.00718462	0.00625431	0.00789758
0.00718454	0.00636527	0.00789762
0.0071831	0.00653902	0.00789317
0.00697196	0.00558776	0.00790617
0.00697195	0.00569889	0.00790617
0.00697195	0.00580999	0.00790617
0.00697195	0.0059211	0.00790617
0.00697196	0.00603219	0.00790617
0.00697195	0.00614327	0.00790616
0.00697196	0.00625432	0.00790617
0.00697192	0.0063653	0.00790617
0.00697117	0.0065391	0.00789893
0.00676155	0.00558776	0.00790251
0.00676156	0.00569889	0.00790251
0.00676156	0.00580999	0.00790251
0.00676156	0.0059211	0.00790251
0.00676157	0.00603219	0.00790252
0.00676154	0.00614327	0.00790253
0.00676157	0.00625431	0.00790256
0.00676148	0.00636526	0.00790263
0.00676147	0.00653978	0.00789572
0.00645211	0.00558776	0.00786244
0.00645211	0.00569889	0.00786244
0.0064521	0.00580999	0.00786244
0.0064521	0.0059211	0.00786244
0.00645212	0.00603219	0.00786246
0.00645216	0.00614326	0.00786253
0.00645217	0.00625431	0.00786256
0.00645213	0.00636527	0.0078626
0.00645205	0.00647722	0.0078615
0.00855496	0.00564334	0.00346434
0.00866081	0.00564333	0.00352483
0.00866083	0.00558776	0.00352484
0.00855495	0.00575444	0.00346434
0.00866081	0.00575444	0.00352483
0.00866081	0.00569889	0.00352483
0.00855495	0.00586555	0.00346434
0.00866081	0.00586555	0.00352483
0.00866081	0.00580999	0.00352483
0.00855496	0.00597665	0.00346434
0.00866081	0.00597665	0.00352483
0.00866081	0.0059211	0.00352483
0.00855496	0.00608774	0.00346434
0.00866081	0.00608774	0.00352482
0.00866081	0.00603219	0.00352482
0.00855497	0.00619881	0.00346434
0.00866081	0.0061988	0.00352482
0.00866081	0.00614327	0.00352482
0.00855495	0.00630985	0.00346433
0.00866082	0.00630981	0.00352481
0.00866082	0.00625432	0.00352482
0.00855489	0.00642075	0.0034643
0.00866083	0.00642069	0.00352477
0.00866082	0.00636527	0.00352479
0.00855183	0.00654347	0.00347202
0.00865633	0.00654329	0.00353177
0.00866078	0.00647565	0.00352447
0.00876874	0.00564333	0.00359246
0.00887035	0.00564333	0.00366786
0.00887035	0.00558776	0.00366786
0.00876874	0.00575444	0.00359246
0.00887035	0.00575444	0.00366786
0.00887035	0.00569889	0.00366786
0.00876874	0.00586554	0.00359245
0.00887035	0.00586554	0.00366786
0.00887035	0.00580999	0.00366786
0.00876874	0.00597664	0.00359245
0.00887035	0.00597664	0.00366786
0.00887035	0.00592109	0.00366786
0.00876874	0.00608772	0.00359245
0.00887036	0.00608772	0.00366785
0.00887036	0.00603218	0.00366785
0.00876875	0.00619877	0.00359245
0.00887036	0.00619876	0.00366785
0.00887036	0.00614325	0.00366785
0.00876877	0.00630973	0.00359244
0.00887037	0.00630972	0.00366783
0.00887036	0.00625425	0.00366784
0.00876883	0.00642051	0.00359241
0.00887042	0.0064205	0.0036678
0.00887038	0.00636514	0.00366781
0.00876078	0.00654303	0.00359717
0.00886253	0.0065437	0.00367287
0.00887054	0.00647528	0.00366749
0.00896536	0.00564333	0.00375074
0.00905774	0.00564333	0.00383972
0.00905775	0.00558776	0.00383973
0.00896536	0.00575444	0.00375074
0.00905774	0.00575444	0.00383972
0.00905774	0.00569889	0.00383972
0.00896536	0.00586554	0.00375074
0.00905774	0.00586554	0.00383972
0.00905774	0.00580999	0.00383972
0.00896536	0.00597664	0.00375074
0.00905774	0.00597664	0.00383972
0.00905774	0.00592109	0.00383972
0.00896536	0.00608773	0.00375074
0.00905774	0.00608772	0.00383971
0.00905774	0.00603218	0.00383971
0.00896537	0.00619878	0.00375074
0.00905774	0.00619877	0.0038397
0.00905774	0.00614325	0.00383971
0.00896538	0.00630977	0.00375074
0.00905774	0.00630975	0.00383969
0.00905774	0.00625427	0.0038397
0.00896545	0.00642062	0.00375073
0.00905779	0.00642058	0.00383966
0.00905775	0.00636519	0.00383967
0.00895812	0.00654382	0.0037564
0.00905027	0.00654501	0.00384716
0.00905769	0.00647527	0.0038391
0.00914705	0.00564333	0.00393488
0.00923193	0.00564333	0.00403813
0.00923193	0.00558776	0.00403813
0.00914705	0.00575444	0.00393488
0.00923193	0.00575444	0.00403813
0.00923193	0.00569888	0.00403813
0.00914705	0.00586554	0.00393488
0.00923193	0.00586554	0.00403813
0.00923193	0.00580999	0.00403813
0.00914705	0.00597664	0.00393488
0.00923193	0.00597663	0.00403813
0.00923193	0.00592109	0.00403813
0.00914705	0.00608771	0.00393488
0.00923194	0.0060877	0.00403812
0.00923194	0.00603217	0.00403813
0.00914706	0.00619875	0.00393488
0.00923194	0.00619874	0.00403811
0.00923194	0.00614323	0.00403812
0.00914708	0.00630971	0.00393487
0.00923195	0.00630968	0.00403809
0.00923194	0.00625422	0.00403811
0.00914716	0.0064205	0.00393487
0.009232	0.00642045	0.00403806
0.00923196	0.00636509	0.00403807
0.00913868	0.00654747	0.00394548
0.00922272	0.00654745	0.00404725
0.0092321	0.00647501	0.00403752
0.00931174	0.00564333	0.00414958
0.00938766	0.00564333	0.00426596
0.00938768	0.00558776	0.00426598
0.00931174	0.00575444	0.00414958
0.00938766	0.00575444	0.00426596
0.00938766	0.00569888	0.00426596
0.00931174	0.00586554	0.00414958
0.00938766	0.00586554	0.00426596
0.00938766	0.00580999	0.00426596
0.00931174	0.00597664	0.00414958
0.00938766	0.00597663	0.00426596
0.00938766	0.00592109	0.00426596
0.00931175	0.00608771	0.00414958
0.00938767	0.00608771	0.00426596
0.00938766	0.00603217	0.00426596
0.00931176	0.00619876	0.00414958
0.00938767	0.00619875	0.00426595
0.00938767	0.00614323	0.00426595
0.00931178	0.00630973	0.00414958
0.00938768	0.00630971	0.00426592
0.00938767	0.00625424	0.00426594
0.00931185	0.00642055	0.0041496
0.00938772	0.00642051	0.00426589
0.00938769	0.00636514	0.00426591
0.00930315	0.00654582	0.00415476
0.00937928	0.00654575	0.00427053
0.00938782	0.0064752	0.0042655
0.00945913	0.00564333	0.00438696
0.00952174	0.00564333	0.00451484
0.00952174	0.00558776	0.00451484
0.00945913	0.00575443	0.00438696
0.00952174	0.00575443	0.00451483
0.00952174	0.00569888	0.00451484
0.00945913	0.00586553	0.00438696
0.00952174	0.00586553	0.00451483
0.00952174	0.00580998	0.00451483
0.00945913	0.00597662	0.00438696
0.00952174	0.00597662	0.00451483
0.00952174	0.00592108	0.00451483
0.00945914	0.00608769	0.00438696
0.00952174	0.00608768	0.00451483
0.00952174	0.00603216	0.00451483
0.00945915	0.00619871	0.00438696
0.00952175	0.0061987	0.00451482
0.00952175	0.0061432	0.00451482
0.00945918	0.00630962	0.00438696
0.00952177	0.00630961	0.0045148
0.00952176	0.00625417	0.00451481
0.00945927	0.00642033	0.00438697
0.00952185	0.00642032	0.00451478
0.0095218	0.00636499	0.00451479
0.00944948	0.00654659	0.00439242
0.00951001	0.00654584	0.00451899
0.00952226	0.00647483	0.00451453
0.00957495	0.00564333	0.0046491
0.00961976	0.00564333	0.00478787
0.00961976	0.00558775	0.00478789
0.00957495	0.00575443	0.0046491
0.00961976	0.00575443	0.00478787
0.00961976	0.00569888	0.00478787
0.00957495	0.00586553	0.0046491
0.00961976	0.00586553	0.00478787
0.00961976	0.00580998	0.00478787
0.00957495	0.00597662	0.0046491
0.00961976	0.00597662	0.00478787
0.00961976	0.00592108	0.00478787
0.00957495	0.00608769	0.0046491
0.00961976	0.00608768	0.00478787
0.00961976	0.00603216	0.00478787
0.00957497	0.00619871	0.0046491
0.00961977	0.0061987	0.00478786
0.00961977	0.0061432	0.00478786
0.009575	0.00630963	0.00464911
0.00961979	0.00630962	0.00478784
0.00961978	0.00625418	0.00478785
0.00957509	0.00642038	0.00464913
0.00961987	0.00642036	0.0047878
0.00961982	0.00636501	0.00478782
0.00956045	0.00654429	0.00465059
0.0096038	0.00654473	0.00478863
0.00962046	0.0064748	0.00478775
0.00965566	0.00564333	0.00493056
0.00967883	0.00564333	0.00507667
0.00967883	0.00558776	0.00507664
0.00965566	0.00575443	0.00493057
0.00967883	0.00575443	0.00507666
0.00967883	0.00569888	0.00507666
0.00965567	0.00586553	0.00493057
0.00967884	0.00586553	0.00507666
0.00967884	0.00580998	0.00507666
0.00965567	0.00597661	0.00493057
0.00967884	0.00597661	0.00507666
0.00967884	0.00592107	0.00507666
0.00965567	0.00608767	0.00493057
0.00967884	0.00608767	0.00507666
0.00967884	0.00603214	0.00507666
0.00965569	0.00619867	0.00493057
0.00967886	0.00619867	0.00507665
0.00967885	0.00614318	0.00507665
0.00965572	0.00630955	0.00493057
0.00967889	0.00630955	0.00507664
0.00967887	0.00625413	0.00507664
0.00965583	0.00642022	0.00493058
0.00967899	0.00642021	0.00507661
0.00967893	0.00636491	0.00507662
0.00963906	0.00654705	0.00493075
0.00966149	0.00654805	0.00507673
0.00967964	0.00647443	0.00507659
0.00968893	0.00564333	0.00522542
0.00969289	0.00564333	0.00537517
0.00969289	0.00558776	0.00537518
0.00968893	0.00575443	0.00522542
0.00969289	0.00575443	0.00537517
0.00969289	0.00569888	0.00537517
0.00968893	0.00586553	0.00522542
0.00969289	0.00586553	0.00537516
0.00969289	0.00580998	0.00537516
0.00968893	0.00597662	0.00522542
0.00969289	0.00597662	0.00537516
0.00969289	0.00592108	0.00537516
0.00968893	0.0060877	0.00522542
0.0096929	0.00608769	0.00537516
0.0096929	0.00603216	0.00537516
0.00968894	0.00619873	0.00522543
0.00969291	0.00619872	0.00537515
0.0096929	0.00614321	0.00537515
0.00968896	0.00630967	0.00522545
0.00969293	0.00630966	0.00537512
0.00969291	0.00625421	0.00537514
0.00968903	0.00642047	0.00522548
0.00969301	0.00642046	0.00537509
0.00969296	0.00636508	0.00537511
0.0096707	0.00654792	0.00522704
0.00967373	0.0065475	0.00537655
0.00969361	0.00647477	0.00537503
0.00442405	0.00636538	0.00388101
0.00442408	0.00642086	0.00388096
0.00450726	0.00642092	0.00382086
0.00442397	0.00647597	0.00388053
0.004434	0.0065382	0.00389171
0.00451708	0.00653787	0.00383258
0.00426638	0.00558777	0.00402044
0.00426638	0.00564333	0.00402044
0.00434283	0.00564334	0.0039488
0.00426638	0.00569889	0.00402044
0.00426638	0.00575444	0.00402044
0.00434283	0.00575445	0.0039488
0.00426638	0.00581	0.00402043
0.00426638	0.00586555	0.00402043
0.00434283	0.00586555	0.0039488
0.00426638	0.0059211	0.00402043
0.00426638	0.00597666	0.00402043
0.00434283	0.00597666	0.0039488
0.00426638	0.00603221	0.00402043
0.00426638	0.00608775	0.00402043
0.00434283	0.00608776	0.00394879
0.00426638	0.0061433	0.00402043
0.00426638	0.00619884	0.00402043
0.00434283	0.00619884	0.00394879
0.00426638	0.00625437	0.00402043
0.00426638	0.00630989	0.00402042
0.00434288	0.00630992	0.00394875
0.00426637	0.00636539	0.00402042
0.00426635	0.00642087	0.00402041
0.00434302	0.00642087	0.00394859
0.00426616	0.00647597	0.00402006
0.00427678	0.00653885	0.0040291
0.00435325	0.00653878	0.00395764
0.00412533	0.00558777	0.00417597
0.00412533	0.00564333	0.00417597
0.00419427	0.00564333	0.00409618
0.00412533	0.00569889	0.00417597
0.00412533	0.00575444	0.00417597
0.00419427	0.00575444	0.00409618
0.00412533	0.00581	0.00417597
0.00412533	0.00586555	0.00417597
0.00419427	0.00586555	0.00409618
0.00412533	0.0059211	0.00417596
0.00412533	0.00597665	0.00417596
0.00419427	0.00597666	0.00409618
0.00412533	0.0060322	0.00417596
0.00412533	0.00608775	0.00417596
0.00419427	0.00608776	0.00409618
0.00412533	0.0061433	0.00417596
0.00412533	0.00619884	0.00417596
0.00419427	0.00619884	0.00409618
0.00412533	0.00625437	0.00417596
0.00412533	0.00630989	0.00417595
0.00419426	0.0063099	0.00409618
0.00412533	0.0063654	0.00417594
0.00412531	0.00642088	0.00417594
0.00419423	0.00642089	0.00409618
0.00412512	0.00647599	0.00417552
0.00413597	0.00653754	0.00418525
0.00420506	0.00653799	0.00410531
0.00399953	0.00558777	0.00434874
0.00399953	0.00564333	0.00434874
0.00406003	0.00564333	0.00425981
0.00399953	0.00569889	0.00434874
0.00399953	0.00575444	0.00434874
0.00406003	0.00575444	0.00425981
0.00399953	0.00580999	0.00434874
0.00399953	0.00586555	0.00434874
0.00406003	0.00586555	0.00425981
0.00399953	0.0059211	0.00434874
0.00399953	0.00597665	0.00434874
0.00406003	0.00597665	0.00425981
0.00399953	0.0060322	0.00434874
0.00399953	0.00608775	0.00434874
0.00406003	0.00608775	0.00425981
0.00399953	0.00614329	0.00434873
0.00399953	0.00619882	0.00434873
0.00406003	0.00619883	0.00425981
0.00399952	0.00625435	0.00434873
0.00399952	0.00630986	0.00434872
0.00406002	0.00630988	0.00425981
0.00399952	0.00636535	0.00434871
0.0039995	0.00642083	0.0043487
0.00405998	0.00642085	0.0042598
0.00399927	0.00647595	0.00434831
0.00400921	0.00653736	0.00435688
0.00407014	0.00653745	0.00426875
0.00389525	0.00558777	0.00454047
0.00389525	0.00564333	0.00454046
0.00394453	0.00564333	0.00444275
0.00389525	0.00569889	0.00454046
0.00389525	0.00575444	0.00454046
0.00394453	0.00575444	0.00444275
0.00389525	0.00580999	0.00454046
0.00389525	0.00586555	0.00454046
0.00394453	0.00586555	0.00444275
0.00389525	0.0059211	0.00454046
0.00389525	0.00597665	0.00454046
0.00394453	0.00597665	0.00444275
0.00389525	0.0060322	0.00454046
0.00389525	0.00608774	0.00454046
0.00394453	0.00608775	0.00444275
0.00389525	0.00614328	0.00454046
0.00389525	0.00619882	0.00454045
0.00394452	0.00619882	0.00444275
0.00389525	0.00625434	0.00454045
0.00389525	0.00630985	0.00454044
0.00394452	0.00630986	0.00444275
0.00389524	0.00636534	0.00454043
0.00389522	0.00642081	0.00454042
0.00394448	0.00642083	0.00444274
0.00389497	0.00647594	0.00454017
0.00390496	0.00653793	0.00454605
0.00395419	0.0065375	0.00444943
0.00381652	0.00558777	0.00474548
0.00381652	0.00564333	0.00474549
0.00385228	0.00564333	0.00464155
0.00381652	0.00569889	0.00474549
0.00381652	0.00575444	0.00474549
0.00385228	0.00575444	0.00464155
0.00381652	0.00580999	0.00474549
0.00381652	0.00586555	0.00474549
0.00385228	0.00586555	0.00464155
0.00381652	0.0059211	0.00474549
0.00381652	0.00597665	0.00474549
0.00385228	0.00597665	0.00464155
0.00381652	0.00603219	0.00474549
0.00381652	0.00608774	0.00474548
0.00385228	0.00608774	0.00464155
0.00381651	0.00614328	0.00474548
0.00381651	0.00619881	0.00474548
0.00385227	0.00619881	0.00464155
0.00381651	0.00625433	0.00474547
0.00381651	0.00630984	0.00474547
0.00385226	0.00630984	0.00464155
0.0038165	0.00636532	0.00474546
0.00381648	0.00642078	0.00474545
0.00385223	0.00642079	0.00464154
0.00381621	0.00647593	0.00474542
0.00382663	0.00653877	0.00474788
0.00386258	0.0065388	0.00464578
0.0037635	0.00558776	0.00495897
0.0037635	0.00564333	0.00495896
0.00378843	0.00564333	0.00485175
0.0037635	0.00569889	0.00495896
0.0037635	0.00575444	0.00495896
0.00378843	0.00575444	0.00485175
0.0037635	0.00580999	0.00495896
0.0037635	0.00586555	0.00495896
0.00378843	0.00586555	0.00485175
0.0037635	0.0059211	0.00495896
0.0037635	0.00597665	0.00495896
0.00378842	0.00597665	0.00485175
0.0037635	0.0060322	0.00495896
0.0037635	0.00608775	0.00495896
0.00378842	0.00608775	0.00485175
0.0037635	0.00614329	0.00495896
0.0037635	0.00619883	0.00495895
0.00378842	0.00619883	0.00485176
0.00376349	0.00625436	0.00495895
0.00376349	0.00630988	0.00495894
0.00378841	0.00630988	0.00485176
0.00376349	0.00636538	0.00495893
0.00376347	0.00642086	0.00495892
0.00378839	0.00642088	0.00485177
0.00376327	0.00647606	0.00495886
0.00377258	0.00653793	0.00496037
0.00379729	0.00653789	0.00485249
0.0037294	0.00558777	0.00517546
0.00372941	0.00564333	0.00517547
0.00374212	0.00564333	0.00506654
0.00372941	0.00569889	0.00517547
0.00372941	0.00575444	0.00517547
0.00374212	0.00575444	0.00506654
0.00372941	0.00580999	0.00517547
0.00372941	0.00586554	0.00517547
0.00374212	0.00586554	0.00506654
0.00372941	0.00592109	0.00517547
0.0037294	0.00597664	0.00517547
0.00374212	0.00597664	0.00506654
0.0037294	0.00603219	0.00517547
0.0037294	0.00608773	0.00517547
0.00374212	0.00608773	0.00506654
0.0037294	0.00614327	0.00517547
0.0037294	0.0061988	0.00517546
0.00374211	0.0061988	0.00506655
0.0037294	0.00625432	0.00517546
0.00372939	0.00630982	0.00517546
0.0037421	0.00630982	0.00506655
0.00372938	0.00636529	0.00517545
0.00372935	0.00642075	0.00517543
0.00374206	0.00642075	0.00506655
0.00372901	0.00647583	0.00517531
0.00374142	0.00653876	0.00517876
0.00375332	0.00653857	0.00506932
0.00372405	0.00558776	0.00539508
0.00372405	0.00564333	0.00539507
0.0037256	0.00564333	0.00528505
0.00372405	0.00569889	0.00539507
0.00372405	0.00575444	0.00539507
0.0037256	0.00575444	0.00528505
0.00372405	0.00580999	0.00539507
0.00372405	0.00586555	0.00539507
0.0037256	0.00586555	0.00528505
0.00372405	0.0059211	0.00539507
0.00372405	0.00597665	0.00539507
0.0037256	0.00597665	0.00528505
0.00372405	0.0060322	0.00539507
0.00372405	0.00608775	0.00539507
0.0037256	0.00608775	0.00528505
0.00372405	0.00614329	0.00539507
0.00372405	0.00619883	0.00539507
0.0037256	0.00619883	0.00528505
0.00372405	0.00625436	0.00539506
0.00372404	0.00630989	0.00539505
0.00372559	0.00630989	0.00528506
0.00372404	0.0063654	0.00539505
0.00372402	0.00642089	0.00539504
0.00372557	0.00642089	0.00528507
0.00372382	0.00647605	0.00539493
0.00373535	0.00653863	0.00539807
0.00373716	0.00653876	0.00528839
0.00372983	0.00558776	0.00561432
0.00372983	0.00564333	0.00561432
0.00372499	0.00564333	0.00550482
0.00372983	0.00569889	0.00561432
0.00372983	0.00575444	0.00561432
0.00372499	0.00575444	0.00550482
0.00372983	0.00580999	0.00561432
0.00372983	0.00586555	0.00561432
0.00372499	0.00586555	0.00550482
0.00372983	0.0059211	0.00561432
0.00372983	0.00597665	0.00561432
0.00372499	0.00597665	0.00550482
0.00372983	0.0060322	0.00561432
0.00372983	0.00608775	0.00561432
0.00372499	0.00608774	0.00550483
0.00372983	0.00614329	0.00561431
0.00372982	0.00619883	0.00561431
0.00372499	0.00619882	0.00550483
0.00372982	0.00625436	0.00561431
0.00372982	0.00630988	0.0056143
0.00372498	0.00630987	0.00550484
0.00372981	0.00636538	0.00561429
0.00372979	0.00642087	0.00561429
0.00372495	0.00642086	0.00550485
0.00372959	0.00647605	0.00561423
0.00374069	0.00653878	0.00561469
0.00373624	0.00653865	0.00550612
0.00375263	0.00558777	0.00583107
0.00375264	0.00564333	0.00583108
0.00373832	0.00564333	0.00572288
0.00375264	0.00569889	0.00583108
0.00375263	0.00575444	0.00583108
0.00373832	0.00575444	0.00572288
0.00375263	0.00580999	0.00583108
0.00375263	0.00586555	0.00583108
0.00373832	0.00586555	0.00572289
0.00375263	0.0059211	0.00583108
0.00375263	0.00597665	0.00583108
0.00373832	0.00597665	0.00572289
0.00375263	0.0060322	0.00583108
0.00375263	0.00608774	0.00583108
0.00373832	0.00608774	0.00572289
0.00375263	0.00614328	0.00583108
0.00375263	0.00619882	0.00583108
0.00373831	0.00619882	0.00572289
0.00375263	0.00625434	0.00583107
0.00375262	0.00630985	0.00583107
0.00373831	0.00630985	0.0057229
0.00375261	0.00636535	0.00583106
0.00375259	0.00642082	0.00583106
0.00373828	0.00642082	0.00572291
0.00374834	0.00653866	0.00572246
0.00373806	0.00647601	0.00572287
0.00375239	0.00647603	0.00583106
0.00379278	0.00558776	0.00604695
0.00379278	0.00564333	0.00604694
0.00377251	0.00564333	0.00593839
0.00379278	0.00569889	0.00604694
0.00379278	0.00575444	0.00604694
0.00377251	0.00575444	0.00593839
0.00379278	0.00581	0.00604694
0.00379278	0.00586555	0.00604694
0.00377251	0.00586555	0.00593839
0.00379278	0.0059211	0.00604694
0.00379278	0.00597666	0.00604694
0.00377251	0.00597665	0.00593839
0.00379278	0.00603221	0.00604694
0.00379278	0.00608776	0.00604694
0.00377251	0.00608775	0.00593839
0.00379278	0.0061433	0.00604694
0.00379278	0.00619885	0.00604693
0.00377251	0.00619885	0.00593839
0.00379278	0.00625439	0.00604693
0.00379277	0.00630992	0.00604692
0.00377251	0.00630992	0.0059384
0.00379277	0.00636544	0.00604691
0.00379276	0.00642095	0.00604691
0.0037725	0.00642095	0.00593842
0.00377979	0.0065379	0.00593636
0.00377238	0.00647622	0.00593843
0.00379261	0.00647621	0.00604688
0.00384013	0.00558776	0.00626492
0.00384013	0.00564333	0.00626493
0.00381316	0.00564333	0.00615621
0.00384013	0.00569889	0.00626493
0.00384013	0.00575444	0.00626493
0.00381316	0.00575444	0.00615621
0.00384013	0.00580999	0.00626493
0.00384013	0.00586555	0.00626493
0.00381316	0.00586555	0.00615622
0.00384012	0.0059211	0.00626493
0.00384012	0.00597665	0.00626493
0.00381316	0.00597665	0.00615622
0.00384012	0.0060322	0.00626493
0.00384012	0.00608774	0.00626493
0.00381315	0.00608774	0.00615622
0.00384012	0.00614328	0.00626493
0.00384012	0.00619881	0.00626493
0.00381315	0.00619881	0.00615622
0.00384011	0.00625434	0.00626493
0.00384011	0.00630985	0.00626492
0.00381315	0.00630984	0.00615623
0.0038401	0.00636533	0.00626492
0.00384008	0.0064208	0.00626492
0.00381312	0.0064208	0.00615626
0.00382185	0.006539	0.00615284
0.00381288	0.00647595	0.00615629
0.00383982	0.00647596	0.00626502
0.00391392	0.00558777	0.00647732
0.00391392	0.00564333	0.00647733
0.00387332	0.00564333	0.00637246
0.00391392	0.00569889	0.00647733
0.00391392	0.00575444	0.00647733
0.00387332	0.00575444	0.00637246
0.00391392	0.00580999	0.00647733
0.00391392	0.00586555	0.00647733
0.00387332	0.00586555	0.00637246
0.00391392	0.0059211	0.00647733
0.00391392	0.00597665	0.00647733
0.00387332	0.00597665	0.00637246
0.00391392	0.00603219	0.00647733
0.00391392	0.00608774	0.00647733
0.00387332	0.00608774	0.00637246
0.00391391	0.00614328	0.00647733
0.00391391	0.00619881	0.00647733
0.00387331	0.00619881	0.00637246
0.00391391	0.00625433	0.00647733
0.0039139	0.00630983	0.00647733
0.00387331	0.00630983	0.00637247
0.00391389	0.00636532	0.00647733
0.00391387	0.00642077	0.00647733
0.00387328	0.00642076	0.0063725
0.00388048	0.00653841	0.00636829
0.00387304	0.0064759	0.00637266
0.00391365	0.00647595	0.0064775
0.0040147	0.00558777	0.00667681
0.00401471	0.00564333	0.00667681
0.00396132	0.00564333	0.00657917
0.00401471	0.00569889	0.00667681
0.00401471	0.00575444	0.00667681
0.00396132	0.00575444	0.00657917
0.0040147	0.00580999	0.00667681
0.0040147	0.00586555	0.00667681
0.00396132	0.00586555	0.00657917
0.0040147	0.0059211	0.00667681
0.0040147	0.00597665	0.00667681
0.00396132	0.00597665	0.00657917
0.0040147	0.0060322	0.00667681
0.0040147	0.00608774	0.00667681
0.00396132	0.00608774	0.00657917
0.0040147	0.00614328	0.00667681
0.0040147	0.00619882	0.00667681
0.00396132	0.00619881	0.00657918
0.00401469	0.00625434	0.00667681
0.00401469	0.00630985	0.00667681
0.00396132	0.00630984	0.00657919
0.00401468	0.00636534	0.00667681
0.00401466	0.0064208	0.00667682
0.00396129	0.00642078	0.00657921
0.00396771	0.00653854	0.00657388
0.0039611	0.00647592	0.00657944
0.00401447	0.00647595	0.00667708
0.00413956	0.00558777	0.00685655
0.00413956	0.00564333	0.00685656
0.00407331	0.00564333	0.00677025
0.00413956	0.00569889	0.00685656
0.00413956	0.00575444	0.00685656
0.00407331	0.00575444	0.00677025
0.00413956	0.00580999	0.00685656
0.00413956	0.00586555	0.00685656
0.00407331	0.00586555	0.00677025
0.00413956	0.0059211	0.00685656
0.00413956	0.00597665	0.00685656
0.00407331	0.00597665	0.00677026
0.00413956	0.0060322	0.00685656
0.00413956	0.00608774	0.00685656
0.00407331	0.00608774	0.00677026
0.00413956	0.00614328	0.00685656
0.00413956	0.00619881	0.00685656
0.0040733	0.0061988	0.00677026
0.00413955	0.00625432	0.00685656
0.00413955	0.00630982	0.00685657
0.0040733	0.00630981	0.00677027
0.00413953	0.00636529	0.00685657
0.00413951	0.00642073	0.00685658
0.00407327	0.00642072	0.0067703
0.00408022	0.00653821	0.00676424
0.00407307	0.00647581	0.00677063
0.00413938	0.00647588	0.0068569
0.00429447	0.00558777	0.00700619
0.00429447	0.00564334	0.00700619
0.00421288	0.00564333	0.00693586
0.00429447	0.00569888	0.00700619
0.00429447	0.00575444	0.00700619
0.00421288	0.00575444	0.00693586
0.00429447	0.00580999	0.00700619
0.00429447	0.00586555	0.00700619
0.00421288	0.00586555	0.00693586
0.00429447	0.00592109	0.00700619
0.00429447	0.00597665	0.00700619
0.00421288	0.00597665	0.00693586
0.00429447	0.00603219	0.00700619
0.00429447	0.00608774	0.00700619
0.00421288	0.00608774	0.00693586
0.00429447	0.00614326	0.0070062
0.00429446	0.0061988	0.0070062
0.00421288	0.0061988	0.00693587
0.00429445	0.0062543	0.0070062
0.00429453	0.00630983	0.00700624
0.00421287	0.0063098	0.00693588
0.0042947	0.00636528	0.0070063
0.00429474	0.00642067	0.00700634
0.00421282	0.00642067	0.00693591
0.00421698	0.00653625	0.00693085
0.00421272	0.00647578	0.00693621
0.00429463	0.00647578	0.00700659
0.00447538	0.00636538	0.00712252
0.00447524	0.00642088	0.00712253
0.00438497	0.00642084	0.00706755
0.00439177	0.00653882	0.00706004
0.00438496	0.00647599	0.00706782
0.00447532	0.00647599	0.00712285
0.00969041	0.00564333	0.00552498
0.00968046	0.00564333	0.00567375
0.00968046	0.00558776	0.00567374
0.00969041	0.00575443	0.00552498
0.00968046	0.00575443	0.00567375
0.00968046	0.00569888	0.00567375
0.00969041	0.00586553	0.00552498
0.00968046	0.00586553	0.00567375
0.00968046	0.00580998	0.00567375
0.00969041	0.00597662	0.00552499
0.00968046	0.00597662	0.00567374
0.00968046	0.00592108	0.00567375
0.00969042	0.00608769	0.00552499
0.00968047	0.00608769	0.00567374
0.00968046	0.00603216	0.00567374
0.00969043	0.00619871	0.005525
0.00968047	0.00619872	0.00567373
0.00968047	0.00614321	0.00567374
0.00969045	0.00630964	0.00552502
0.0096805	0.00630965	0.00567371
0.00968048	0.0062542	0.00567372
0.00969053	0.00642042	0.00552505
0.00968059	0.00642043	0.00567368
0.00968053	0.00636506	0.0056737
0.00966999	0.00654789	0.00552312
0.00965994	0.00654832	0.00567096
0.00968125	0.00647467	0.0056738
0.00966334	0.00564333	0.00582059
0.00963846	0.00564333	0.00596561
0.00963846	0.00558776	0.00596561
0.00966334	0.00575443	0.00582059
0.00963846	0.00575443	0.00596561
0.00963846	0.00569888	0.00596561
0.00966334	0.00586553	0.00582059
0.00963847	0.00586553	0.00596561
0.00963846	0.00580998	0.00596561
0.00966334	0.00597662	0.00582059
0.00963847	0.00597662	0.00596561
0.00963847	0.00592108	0.00596561
0.00966335	0.00608769	0.00582059
0.00963847	0.00608769	0.0059656
0.00963847	0.00603216	0.0059656
0.00966336	0.00619871	0.0058206
0.00963848	0.00619871	0.0059656
0.00963848	0.00614321	0.0059656
0.00966338	0.00630964	0.00582062
0.00963851	0.00630964	0.00596558
0.00963849	0.00625419	0.00596559
0.00966346	0.00642041	0.00582065
0.0096386	0.00642041	0.00596555
0.00963854	0.00636505	0.00596557
0.00962189	0.00654727	0.00596434
0.00963915	0.00647477	0.0059656
0.00966409	0.00647466	0.00582085
0.00960614	0.00564333	0.00610807
0.00956392	0.00564333	0.00624608
0.00956393	0.00558776	0.00624606
0.00960614	0.00575443	0.00610807
0.00956392	0.00575443	0.00624608
0.00956392	0.00569888	0.00624608
0.00960615	0.00586553	0.00610807
0.00956393	0.00586553	0.00624608
0.00956392	0.00580998	0.00624608
0.00960615	0.00597662	0.00610807
0.00956393	0.00597662	0.00624608
0.00956393	0.00592108	0.00624608
0.00960615	0.00608768	0.00610807
0.00956393	0.00608769	0.00624608
0.00956393	0.00603216	0.00624608
0.00960616	0.00619869	0.00610808
0.00956394	0.0061987	0.00624608
0.00956394	0.0061432	0.00624608
0.00960618	0.00630959	0.0061081
0.00956397	0.00630961	0.00624608
0.00956395	0.00625418	0.00624608
0.00960627	0.0064203	0.00610813
0.00956406	0.00642033	0.00624606
0.00956401	0.006365	0.00624607
0.00955255	0.00654575	0.00624451
0.00956447	0.00647486	0.00624616
0.00960673	0.00647476	0.00610827
0.00951232	0.00564333	0.00637907
0.00945361	0.00564333	0.00650846
0.00945361	0.00558776	0.00650846
0.00951233	0.00575444	0.00637907
0.00945361	0.00575444	0.00650846
0.00945361	0.00569888	0.00650846
0.00951233	0.00586554	0.00637907
0.00945361	0.00586554	0.00650846
0.00945361	0.00580999	0.00650846
0.00951233	0.00597663	0.00637908
0.00945362	0.00597663	0.00650846
0.00945361	0.00592108	0.00650846
0.00951233	0.0060877	0.00637908
0.00945362	0.0060877	0.00650846
0.00945362	0.00603217	0.00650846
0.00951233	0.00619872	0.00637909
0.00945363	0.00619873	0.00650846
0.00945362	0.00614323	0.00650846
0.00951235	0.00630966	0.00637911
0.00945365	0.00630968	0.00650846
0.00945364	0.00625422	0.00650846
0.0095124	0.00642043	0.00637915
0.00945373	0.00642046	0.00650844
0.00945368	0.0063651	0.00650845
0.00944266	0.00654658	0.00650329
0.00945397	0.00647508	0.00650879
0.00951274	0.00647502	0.00637934
0.00938828	0.00564333	0.00663374
0.00931545	0.00564333	0.00675259
0.00931547	0.00558777	0.00675257
0.00938828	0.00575444	0.00663374
0.00931545	0.00575444	0.00675259
0.00931545	0.00569888	0.00675259
0.00938828	0.00586554	0.00663374
0.00931545	0.00586554	0.00675259
0.00931545	0.00580999	0.00675259
0.00938828	0.00597663	0.00663375
0.00931546	0.00597663	0.00675259
0.00931546	0.00592109	0.00675259
0.00938828	0.0060877	0.00663375
0.00931546	0.0060877	0.00675259
0.00931546	0.00603217	0.00675259
0.00938829	0.00619872	0.00663376
0.00931547	0.00619873	0.00675259
0.00931546	0.00614323	0.00675259
0.0093883	0.00630965	0.00663378
0.00931549	0.00630968	0.0067526
0.00931548	0.00625422	0.00675259
0.00938836	0.0064204	0.00663381
0.00931557	0.00642044	0.00675259
0.00931552	0.00636509	0.0067526
0.00930673	0.00654579	0.00674486
0.00931567	0.00647508	0.00675313
0.00938855	0.00647496	0.00663429
0.00923576	0.00564333	0.00686471
0.00915337	0.00564333	0.00697069
0.00915337	0.00558776	0.0069707
0.00923576	0.00575444	0.00686471
0.00915337	0.00575444	0.00697069
0.00915337	0.00569889	0.00697069
0.00923576	0.00586554	0.00686471
0.00915337	0.00586554	0.00697069
0.00915337	0.00580999	0.00697069
0.00923576	0.00597664	0.00686471
0.00915338	0.00597664	0.0069707
0.00915338	0.00592109	0.00697069
0.00923576	0.00608772	0.00686472
0.00915338	0.00608772	0.0069707
0.00915338	0.00603218	0.0069707
0.00923577	0.00619876	0.00686473
0.00915339	0.00619878	0.00697069
0.00915338	0.00614326	0.0069707
0.00923577	0.00630974	0.00686475
0.00915341	0.00630977	0.00697069
0.00915339	0.00625428	0.00697069
0.00923581	0.00642057	0.00686478
0.00915347	0.00642062	0.00697069
0.00915343	0.00636522	0.0069707
0.00914599	0.00654421	0.00696344
0.00915352	0.00647542	0.00697111
0.0092358	0.00647525	0.00686536
0.00906891	0.00564333	0.00707061
0.00897859	0.00564333	0.00716204
0.00897861	0.00558777	0.00716203
0.00906891	0.00575444	0.00707061
0.00897859	0.00575444	0.00716204
0.00897859	0.00569889	0.00716204
0.00906891	0.00586554	0.00707061
0.0089786	0.00586554	0.00716204
0.00897859	0.00580999	0.00716204
0.00906891	0.00597663	0.00707061
0.0089786	0.00597664	0.00716204
0.0089786	0.00592109	0.00716204
0.00906892	0.00608771	0.00707061
0.0089786	0.00608772	0.00716204
0.0089786	0.00603218	0.00716204
0.00906892	0.00619875	0.00707062
0.0089786	0.00619876	0.00716204
0.0089786	0.00614324	0.00716204
0.00906893	0.0063097	0.00707064
0.00897862	0.00630972	0.00716205
0.00897861	0.00625425	0.00716205
0.00906899	0.00642047	0.00707067
0.00897869	0.0064205	0.00716207
0.00897865	0.00636514	0.00716206
0.00897263	0.00654307	0.00715572
0.00897872	0.00647533	0.00716245
0.00906903	0.0064752	0.00707112
0.0088829	0.00564333	0.00724511
0.00878321	0.00564333	0.0073244
0.00878321	0.00558777	0.0073244
0.0088829	0.00575444	0.00724511
0.00878321	0.00575444	0.0073244
0.00878321	0.00569889	0.0073244
0.0088829	0.00586554	0.00724511
0.00878321	0.00586555	0.0073244
0.00878321	0.00580999	0.0073244
0.0088829	0.00597664	0.00724512
0.00878321	0.00597665	0.0073244
0.00878321	0.0059211	0.0073244
0.0088829	0.00608773	0.00724512
0.00878322	0.00608773	0.0073244
0.00878321	0.00603219	0.0073244
0.0088829	0.00619879	0.00724513
0.00878322	0.00619879	0.0073244
0.00878322	0.00614327	0.0073244
0.0088829	0.00630979	0.00724514
0.00878324	0.00630979	0.00732441
0.00878323	0.0062543	0.0073244
0.00888293	0.00642065	0.00724518
0.0087833	0.00642065	0.00732442
0.00878326	0.00636524	0.00732441
0.00877554	0.00654332	0.00731767
0.00878339	0.0064755	0.00732472
0.00888292	0.00647549	0.00724555
0.00867978	0.00564333	0.00739951
0.00857639	0.00564334	0.00746501
0.00857639	0.00558776	0.00746501
0.00867978	0.00575444	0.00739951
0.00857639	0.00575444	0.00746501
0.00857639	0.00569888	0.00746501
0.00867978	0.00586554	0.00739951
0.00857639	0.00586555	0.00746501
0.00857639	0.00580999	0.00746501
0.00867978	0.00597664	0.00739952
0.00857639	0.00597665	0.00746501
0.00857639	0.00592109	0.00746501
0.00867978	0.00608773	0.00739952
0.00857639	0.00608774	0.00746501
0.00857639	0.00603219	0.00746501
0.00867978	0.00619878	0.00739953
0.0085764	0.0061988	0.00746502
0.00857639	0.00614326	0.00746501
0.00867978	0.00630976	0.00739954
0.00857638	0.0063098	0.00746503
0.0085764	0.0062543	0.00746502
0.00867981	0.00642058	0.00739958
0.00857633	0.00642065	0.00746508
0.00857632	0.00636525	0.00746506
0.00857121	0.0065445	0.00745711
0.00857626	0.00647551	0.00746543
0.00867983	0.0064754	0.00739995
0.00812683	0.00642069	0.00327342
0.00823457	0.00642065	0.00331353
0.00823456	0.00636526	0.00331356
0.0081233	0.00654295	0.00327876
0.00823089	0.00654223	0.00331897
0.00823439	0.0064761	0.00331352
0.00834359	0.00642068	0.00335997
0.00845066	0.00642071	0.00341036
0.00845067	0.00636529	0.00341039
0.00833845	0.00654148	0.00336533
0.00844606	0.00654206	0.0034167
0.00845033	0.00647588	0.00341011
0.00847252	0.00642072	0.0075218
0.00836601	0.00642067	0.00757596
0.00836599	0.00636528	0.00757593
0.00836265	0.00654391	0.00756838
0.00836574	0.00647613	0.00757595
0.00847216	0.00647587	0.00752206
0.00825774	0.0064206	0.00762699
0.00815019	0.00642064	0.00767103
0.0081502	0.00636527	0.00767099
0.00814694	0.0065414	0.00766432
0.00815	0.0064761	0.00767097
0.00825747	0.00647602	0.00762697
0.00812692	0.00564333	0.00327348
0.00823456	0.00564333	0.00331363
0.00823457	0.00558777	0.00331363
0.00812692	0.00575444	0.00327348
0.00823456	0.00575444	0.00331363
0.00823456	0.00569889	0.00331363
0.00812692	0.00586555	0.00327348
0.00823456	0.00586554	0.00331362
0.00823456	0.00580999	0.00331363
0.00812692	0.00597665	0.00327348
0.00823456	0.00597664	0.00331362
0.00823456	0.00592109	0.00331362
0.00812692	0.00608774	0.00327348
0.00823456	0.00608773	0.00331362
0.00823456	0.00603219	0.00331362
0.00812692	0.0061988	0.00327347
0.00823456	0.00619879	0.00331362
0.00823456	0.00614326	0.00331362
0.00812692	0.00630983	0.00327345
0.00823457	0.00630981	0.00331359
0.00823457	0.0062543	0.00331361
0.00834355	0.00564333	0.00336002
0.00845081	0.00564333	0.00341045
0.0084508	0.00558777	0.00341045
0.00834355	0.00575444	0.00336002
0.00845082	0.00575444	0.00341045
0.00845082	0.00569889	0.00341045
0.00834355	0.00586554	0.00336002
0.00845081	0.00586554	0.00341045
0.00845082	0.00581	0.00341045
0.00834355	0.00597664	0.00336002
0.00845081	0.00597664	0.00341045
0.00845082	0.0059211	0.00341045
0.00834356	0.00608773	0.00336002
0.00845081	0.00608773	0.00341045
0.00845082	0.00603219	0.00341045
0.00834356	0.00619879	0.00336002
0.00845082	0.00619879	0.00341044
0.00845082	0.00614327	0.00341045
0.00834356	0.00630981	0.00336001
0.00845076	0.00630981	0.00341042
0.00845082	0.00625431	0.00341044
0.00459309	0.00558777	0.00376717
0.0045931	0.00564333	0.00376716
0.00467834	0.00564334	0.00371299
0.0045931	0.00569889	0.00376716
0.0045931	0.00575444	0.00376716
0.00467834	0.00575445	0.00371299
0.0045931	0.00581	0.00376716
0.0045931	0.00586555	0.00376716
0.00467834	0.00586556	0.00371299
0.0045931	0.00592111	0.00376716
0.0045931	0.00597666	0.00376716
0.00467834	0.00597666	0.00371299
0.0045931	0.00603221	0.00376716
0.0045931	0.00608776	0.00376716
0.00467834	0.00608777	0.00371299
0.00459311	0.00614331	0.00376716
0.00459311	0.00619886	0.00376716
0.00467835	0.00619887	0.00371299
0.00459306	0.00625442	0.00376718
0.00459293	0.00630997	0.00376724
0.00467837	0.00630999	0.00371295
0.00442379	0.00558777	0.00388143
0.00442378	0.00564333	0.00388144
0.00450761	0.00564333	0.00382099
0.00442378	0.00569889	0.00388144
0.00442378	0.00575444	0.00388144
0.00450761	0.00575444	0.00382099
0.00442378	0.00581	0.00388144
0.00442378	0.00586555	0.00388144
0.00450761	0.00586555	0.00382099
0.00442378	0.00592111	0.00388144
0.00442378	0.00597665	0.00388144
0.00450761	0.00597665	0.00382099
0.00442378	0.00603221	0.00388144
0.00442378	0.00608775	0.00388144
0.00450761	0.00608775	0.00382099
0.00442378	0.0061433	0.00388143
0.00442378	0.00619883	0.00388143
0.00450761	0.00619884	0.00382099
0.00442376	0.00625436	0.00388143
0.00442386	0.00630989	0.00388125
0.00450749	0.00630987	0.00382092
0.0044756	0.00558777	0.00712238
0.00447559	0.00564333	0.00712238
0.00438445	0.00564333	0.00706725
0.00447559	0.00569889	0.00712238
0.00447559	0.00575444	0.00712238
0.00438445	0.00575444	0.00706725
0.00447559	0.00581	0.00712238
0.00447559	0.00586555	0.00712238
0.00438445	0.00586554	0.00706725
0.00447559	0.0059211	0.00712238
0.00447559	0.00597665	0.00712238
0.00438445	0.00597665	0.00706725
0.00447559	0.0060322	0.00712238
0.00447559	0.00608775	0.00712238
0.00438445	0.00608774	0.00706725
0.00447559	0.00614329	0.00712238
0.00447559	0.00619883	0.00712238
0.00438445	0.00619882	0.00706726
0.00447554	0.00625435	0.00712238
0.00447549	0.00630985	0.00712244
0.00438461	0.00630988	0.00706737
0.00465894	0.00558776	0.00721701
0.00465892	0.00564334	0.00721701
0.00456656	0.00564333	0.00717171
0.00465892	0.00569888	0.00721701
0.00465892	0.00575445	0.00721701
0.00456656	0.00575444	0.00717171
0.00465892	0.00580999	0.00721701
0.00465892	0.00586555	0.00721701
0.00456656	0.00586555	0.00717171
0.00465892	0.00592109	0.00721701
0.00465892	0.00597666	0.00721701
0.00456656	0.00597665	0.00717171
0.00465892	0.00603219	0.00721701
0.00465892	0.00608775	0.00721701
0.00456656	0.00608775	0.00717171
0.00465892	0.00614329	0.00721701
0.00465892	0.00619884	0.00721701
0.00456656	0.00619883	0.00717171
0.00465889	0.00625436	0.00721701
0.00465902	0.00630993	0.007217
0.00456633	0.0063099	0.00717169
0.00847268	0.00564333	0.0075217
0.00836598	0.00564333	0.00757591
0.00836598	0.00558777	0.00757592
0.00847268	0.00575444	0.0075217
0.00836599	0.00575444	0.00757591
0.00836599	0.00569889	0.00757591
0.00847268	0.00586554	0.0075217
0.00836599	0.00586554	0.00757591
0.00836599	0.00580999	0.00757591
0.00847268	0.00597664	0.0075217
0.00836599	0.00597664	0.00757592
0.00836599	0.0059211	0.00757591
0.00847268	0.00608773	0.0075217
0.00836599	0.00608773	0.00757592
0.00836599	0.00603219	0.00757592
0.00847268	0.00619879	0.00752171
0.00836599	0.00619879	0.00757592
0.00836599	0.00614327	0.00757592
0.00847262	0.00630982	0.00752173
0.00836599	0.00630981	0.00757592
0.00836599	0.00625431	0.00757592
0.00825774	0.00564333	0.00762687
0.0081504	0.00564333	0.00767093
0.00815039	0.00558776	0.00767093
0.00825774	0.00575444	0.00762687
0.0081504	0.00575444	0.00767093
0.0081504	0.00569888	0.00767093
0.00825774	0.00586554	0.00762687
0.0081504	0.00586555	0.00767093
0.0081504	0.00580999	0.00767093
0.00825774	0.00597664	0.00762687
0.0081504	0.00597665	0.00767093
0.0081504	0.00592109	0.00767093
0.00825774	0.00608773	0.00762687
0.00815037	0.00608774	0.00767093
0.0081504	0.00603218	0.00767093
0.00825774	0.00619878	0.00762688
0.00815028	0.00619879	0.00767094
0.00815031	0.00614326	0.00767093
0.00825775	0.00630979	0.00762691
0.00815029	0.00630981	0.00767096
0.00815032	0.0062543	0.00767094
0.00476419	0.00636542	0.00365793
0.00476426	0.00642086	0.00365778
0.00485076	0.00642089	0.0036073
0.00476479	0.00647649	0.00365839
0.00477393	0.00653765	0.00367317
0.00485966	0.00653745	0.00362315
0.00459267	0.00636551	0.00376729
0.00459248	0.006421	0.00376728
0.00467842	0.00642096	0.00371268
0.00459288	0.0064764	0.00376724
0.00460202	0.00653778	0.00377981
0.00468854	0.0065377	0.00372629
0.00465924	0.00636542	0.00721696
0.00465935	0.00642083	0.00721699
0.00456583	0.00642084	0.00717168
0.00457266	0.00653907	0.00716168
0.00456627	0.00647619	0.00717179
0.00465981	0.00647647	0.00721661
0.00484766	0.00636542	0.00729798
0.0048476	0.00642088	0.00729802
0.00475447	0.00642086	0.0072583
0.00476001	0.00653819	0.00724795
0.00475495	0.00647655	0.00725783
0.00484797	0.00647657	0.00729758
0.00804276	0.00642071	0.00770867
0.00793453	0.00642071	0.0077443
0.00793451	0.00636532	0.00774426
0.00793141	0.00653885	0.00773966
0.00793432	0.0064766	0.00774396
0.00804237	0.00647641	0.00770851
0.00782625	0.00642063	0.00777778
0.00771872	0.00642066	0.00780568
0.00771874	0.00636529	0.00780564
0.00771722	0.00653902	0.00780091
0.00771855	0.00647651	0.00780541
0.00782604	0.00647648	0.00777749
0.00770015	0.00642064	0.00314411
0.007806	0.00642062	0.0031717
0.00780601	0.00636526	0.00317174
0.00769909	0.00654207	0.00314922
0.00780503	0.00654225	0.00317737
0.00780582	0.00647661	0.00317197
0.00791244	0.00642074	0.00320507
0.00801969	0.00642076	0.00323902
0.00801971	0.00636534	0.00323905
0.00790955	0.00654321	0.00321061
0.00801594	0.00654352	0.00324444
0.00801933	0.00647654	0.00323912
0.00804294	0.00619879	0.00770863
0.00793455	0.0061988	0.00774428
0.00793455	0.00614327	0.00774427
0.00804289	0.00630983	0.00770862
0.00793453	0.00630983	0.00774426
0.00793456	0.00625432	0.00774427
0.00782627	0.00619879	0.00777766
0.00771881	0.0061988	0.00780558
0.00771879	0.00614326	0.00780558
0.00782628	0.00630982	0.00777769
0.00771883	0.00630983	0.00780562
0.00771886	0.0062543	0.0078056
0.00770024	0.00564333	0.00314421
0.00780602	0.00564332	0.00317184
0.00780602	0.00558776	0.00317184
0.00770024	0.00575444	0.00314421
0.00780602	0.00575444	0.00317184
0.00780602	0.00569889	0.00317184
0.00770024	0.00586555	0.00314421
0.00780602	0.00586554	0.00317183
0.00780602	0.00580999	0.00317184
0.00770024	0.00597665	0.00314421
0.00780602	0.00597664	0.00317183
0.00780602	0.00592109	0.00317183
0.00770024	0.00608773	0.00314421
0.00780602	0.00608773	0.00317183
0.00780602	0.00603219	0.00317183
0.00770024	0.00619879	0.0031442
0.00780602	0.00619879	0.00317183
0.00780602	0.00614326	0.00317183
0.00770026	0.00630982	0.00314416
0.00780603	0.00630981	0.00317179
0.00780603	0.0062543	0.00317182
0.00791248	0.00564332	0.00320504
0.0080199	0.00564332	0.00323899
0.00801988	0.00558777	0.00323899
0.00791249	0.00575444	0.00320504
0.0080199	0.00575444	0.00323899
0.0080199	0.00569889	0.00323899
0.00791249	0.00586554	0.00320504
0.0080199	0.00586554	0.00323899
0.0080199	0.00581	0.00323899
0.00791249	0.00597664	0.00320504
0.0080199	0.00597664	0.00323899
0.0080199	0.0059211	0.00323899
0.00791249	0.00608773	0.00320504
0.0080199	0.00608773	0.00323899
0.0080199	0.00603219	0.00323899
0.00791249	0.0061988	0.00320504
0.00801989	0.0061988	0.00323899
0.0080199	0.00614328	0.00323899
0.00791246	0.00630985	0.00320508
0.00801983	0.00630985	0.00323902
0.00801991	0.00625433	0.00323899
0.00804312	0.00564332	0.00770863
0.00793459	0.00564332	0.00774428
0.00793459	0.00558776	0.00774428
0.00804312	0.00575444	0.00770863
0.0079346	0.00575444	0.00774428
0.0079346	0.00569889	0.00774428
0.00804312	0.00586554	0.00770863
0.0079346	0.00586554	0.00774428
0.0079346	0.00580999	0.00774428
0.00804312	0.00597664	0.00770864
0.0079346	0.00597664	0.00774429
0.0079346	0.0059211	0.00774428
0.00804306	0.00608773	0.00770863
0.00793457	0.00608773	0.00774428
0.00793459	0.00603219	0.00774428
0.00782628	0.00564332	0.00777762
0.00771881	0.00564333	0.00780555
0.00771881	0.00558776	0.00780555
0.00782627	0.00575444	0.00777762
0.00771881	0.00575444	0.00780555
0.00771881	0.00569888	0.00780555
0.00782627	0.00586554	0.00777762
0.00771881	0.00586555	0.00780555
0.00771881	0.00580999	0.00780555
0.00782627	0.00597664	0.00777762
0.00771879	0.00597665	0.00780555
0.00771882	0.00592109	0.00780555
0.00782628	0.00608773	0.00777764
0.00771876	0.00608773	0.00780556
0.00771875	0.00603219	0.00780554
0.00761132	0.00642073	0.00782834
0.00750387	0.00642072	0.00785
0.00750384	0.00636534	0.00784996
0.00750088	0.00653969	0.00784621
0.00750361	0.00647699	0.00784955
0.00761097	0.00647682	0.00782801
0.00739695	0.00642064	0.00787066
0.00729071	0.00642062	0.00788669
0.00729071	0.00636527	0.00788664
0.00728863	0.00653967	0.00788163
0.00729049	0.00647679	0.00788623
0.00739671	0.00647685	0.00787021
0.00727871	0.00642066	0.00306295
0.00738315	0.00642068	0.00308009
0.00738315	0.0063653	0.00308013
0.00727534	0.00653977	0.00306705
0.00738025	0.00654047	0.00308407
0.00738286	0.00647691	0.00308043
0.00748838	0.00642074	0.00310074
0.00759424	0.00642072	0.00312203
0.00759425	0.00636533	0.00312206
0.00748565	0.00654179	0.0031046
0.00759225	0.00654238	0.00312629
0.00759395	0.00647691	0.00312232
0.00493869	0.00558777	0.00356057
0.00493869	0.00564333	0.00356057
0.00502742	0.00564333	0.00351629
0.00493869	0.00569889	0.00356057
0.00493869	0.00575444	0.00356057
0.00502742	0.00575444	0.00351629
0.00493869	0.00581	0.00356057
0.00493869	0.00586555	0.00356056
0.00502742	0.00586555	0.00351629
0.00493869	0.0059211	0.00356056
0.00493869	0.00597666	0.00356056
0.00502742	0.00597666	0.00351629
0.00493869	0.00603221	0.00356056
0.00493869	0.00608776	0.00356056
0.00502742	0.00608776	0.00351629
0.00493869	0.0061433	0.00356056
0.0049387	0.00619885	0.00356056
0.00502742	0.00619885	0.00351629
0.00493866	0.00625439	0.00356059
0.00493857	0.00630993	0.00356066
0.00502745	0.00630995	0.00351628
0.00476385	0.00558778	0.00365829
0.00476383	0.00564333	0.0036583
0.00485091	0.00564333	0.00360739
0.00476383	0.00569889	0.0036583
0.00476383	0.00575444	0.0036583
0.00485091	0.00575444	0.00360739
0.00476383	0.00581	0.0036583
0.00476383	0.00586555	0.0036583
0.00485091	0.00586555	0.00360739
0.00476383	0.00592111	0.0036583
0.00476383	0.00597665	0.0036583
0.00485091	0.00597666	0.00360739
0.00476383	0.00603221	0.0036583
0.00476383	0.00608775	0.0036583
0.00485091	0.00608776	0.00360739
0.00476383	0.00614331	0.0036583
0.00476384	0.00619884	0.0036583
0.00485091	0.00619885	0.00360739
0.00476383	0.00625438	0.0036583
0.00476397	0.00630991	0.00365815
0.00485086	0.00630989	0.00360739
0.00511771	0.00636543	0.00347365
0.00511776	0.00642085	0.00347349
0.00520776	0.00642087	0.00343221
0.00511845	0.00647684	0.00347503
0.00512453	0.00653767	0.00349
0.00521304	0.00653782	0.00344699
0.00493841	0.00636545	0.00356074
0.00493829	0.00642088	0.0035607
0.00502752	0.00642086	0.00351605
0.00493904	0.00647666	0.00356169
0.00494615	0.00653723	0.00357625
0.00503527	0.00653729	0.00353181
0.00484758	0.00558777	0.00729811
0.00484756	0.00564333	0.00729811
0.00475338	0.00564332	0.00725839
0.00484756	0.00569889	0.00729811
0.00484756	0.00575444	0.00729811
0.00475337	0.00575444	0.00725839
0.00484756	0.00581	0.00729811
0.00484756	0.00586555	0.00729811
0.00475337	0.00586554	0.00725839
0.00484756	0.0059211	0.00729811
0.00484756	0.00597665	0.00729811
0.00475337	0.00597665	0.00725839
0.00484756	0.0060322	0.00729811
0.00484756	0.00608775	0.00729811
0.00475338	0.00608774	0.00725839
0.00484756	0.0061433	0.00729811
0.00484756	0.00619883	0.00729811
0.00475338	0.00619882	0.00725839
0.00484752	0.00625436	0.00729809
0.00484759	0.00630987	0.00729801
0.00475374	0.0063099	0.00725831
0.00503233	0.00558776	0.00737175
0.00503232	0.00564333	0.00737175
0.0049399	0.00564333	0.0073365
0.00503232	0.00569888	0.00737175
0.00503233	0.00575445	0.00737175
0.0049399	0.00575444	0.0073365
0.00503236	0.00580999	0.00737175
0.00503238	0.00586555	0.00737175
0.0049399	0.00586555	0.0073365
0.00503238	0.0059211	0.00737175
0.00503238	0.00597666	0.00737175
0.0049399	0.00597665	0.0073365
0.00503238	0.0060322	0.00737175
0.00503238	0.00608775	0.00737175
0.0049399	0.00608775	0.0073365
0.00503238	0.00614329	0.00737175
0.00503238	0.00619883	0.00737175
0.0049399	0.00619883	0.0073365
0.00503235	0.00625437	0.00737175
0.00503242	0.00630993	0.00737174
0.00493968	0.0063099	0.00733648
0.00503257	0.00636542	0.00737174
0.00503265	0.0064208	0.00737179
0.00493935	0.0064208	0.00733652
0.00494354	0.006538	0.00732838
0.00493986	0.00647667	0.00733595
0.00503307	0.00647691	0.00737088
0.00521895	0.00636545	0.00743721
0.00521891	0.0064209	0.00743724
0.00512659	0.00642085	0.00740416
0.00512915	0.00653849	0.00739477
0.00512697	0.00647701	0.00740312
0.00521928	0.00647704	0.0074361
0.00761141	0.00608774	0.00782837
0.00750388	0.00608774	0.00785003
0.00750387	0.00603219	0.00785003
0.0076115	0.0061988	0.00782839
0.0075039	0.0061988	0.00785003
0.0075039	0.00614328	0.00785003
0.00761145	0.00630985	0.00782834
0.00750387	0.00630985	0.00784998
0.00750391	0.00625433	0.00785003
0.00739697	0.00608773	0.00787052
0.00729077	0.00608774	0.00788657
0.00729077	0.00603218	0.00788657
0.00739697	0.00619879	0.00787052
0.0072907	0.00619879	0.00788655
0.00729072	0.00614326	0.00788656
0.00739698	0.00630983	0.00787056
0.00729076	0.00630982	0.00788661
0.00729076	0.0062543	0.00788657
0.00718456	0.00642061	0.00789769
0.00707809	0.00642063	0.00790405
0.00707808	0.00636529	0.00790399
0.00707643	0.00653884	0.00789863
0.007078	0.00647697	0.00790335
0.0071843	0.00647686	0.00789712
0.0069719	0.00642066	0.00790622
0.00686641	0.00642065	0.00790588
0.00686643	0.00636529	0.00790582
0.00686645	0.00653949	0.00789818
0.00686638	0.00647691	0.0079051
0.00697182	0.00647696	0.00790547
0.00686099	0.00642069	0.003037
0.0069651	0.00642067	0.00303803
0.00696512	0.0063653	0.00303809
0.00686099	0.00653829	0.00304271
0.00696528	0.00653903	0.00304365
0.006965	0.00647706	0.00303877
0.00706975	0.00642063	0.00304165
0.00717446	0.00642062	0.00304985
0.00717443	0.00636527	0.00304991
0.0070687	0.00653982	0.00304668
0.00717177	0.00654005	0.00305437
0.00717413	0.00647685	0.0030503
0.00727878	0.00564333	0.00306302
0.00738318	0.00564332	0.00308019
0.00738318	0.00558776	0.00308019
0.00727878	0.00575444	0.00306302
0.00738318	0.00575444	0.00308019
0.00738318	0.00569889	0.00308019
0.00727876	0.00586555	0.00306302
0.00738318	0.00586555	0.00308019
0.00738318	0.00580999	0.00308019
0.0072787	0.00597665	0.00306304
0.00738317	0.00597665	0.00308018
0.00738317	0.0059211	0.00308018
0.0072787	0.00608773	0.00306304
0.00738317	0.00608773	0.00308018
0.00738317	0.00603219	0.00308018
0.0072787	0.0061988	0.00306303
0.00738317	0.0061988	0.00308018
0.00738317	0.00614327	0.00308018
0.00727875	0.00630982	0.003063
0.00738317	0.00630984	0.00308016
0.00738319	0.00625432	0.00308018
0.00748842	0.00564332	0.00310069
0.00759443	0.00564332	0.00312197
0.00759442	0.00558777	0.00312197
0.00748843	0.00575444	0.00310069
0.00759443	0.00575444	0.00312196
0.00759443	0.00569889	0.00312196
0.00748843	0.00586554	0.00310069
0.00759443	0.00586554	0.00312196
0.00759443	0.00581	0.00312196
0.00748843	0.00597665	0.00310069
0.00759443	0.00597664	0.00312196
0.00759443	0.0059211	0.00312196
0.00748843	0.00608774	0.00310069
0.00759443	0.00608773	0.00312196
0.00759443	0.00603219	0.00312196
0.00748842	0.0061988	0.00310069
0.00759442	0.0061988	0.00312196
0.00759443	0.00614327	0.00312196
0.00748838	0.00630985	0.00310075
0.00759438	0.00630985	0.00312201
0.00759445	0.00625433	0.00312196
0.00761151	0.00564332	0.00782841
0.00750391	0.00564332	0.00785005
0.00750391	0.00558776	0.00785005
0.00761151	0.00575444	0.00782841
0.00750391	0.00575444	0.00785005
0.00750391	0.00569889	0.00785005
0.00761151	0.00586554	0.00782841
0.00750391	0.00586554	0.00785005
0.00750391	0.00580999	0.00785005
0.00761145	0.00597664	0.00782839
0.00750389	0.00597664	0.00785004
0.00750391	0.0059211	0.00785005
0.00739698	0.00564332	0.00787049
0.00729071	0.00564333	0.00788653
0.0072907	0.00558776	0.00788653
0.00739697	0.00575444	0.00787049
0.00729071	0.00575444	0.00788653
0.00729071	0.00569888	0.00788653
0.00739697	0.00586554	0.00787049
0.00729071	0.00586555	0.00788653
0.00729071	0.00580999	0.00788653
0.00739698	0.00597665	0.00787051
0.00729074	0.00597664	0.00788655
0.00729072	0.00592109	0.00788653
0.00645161	0.00642066	0.00305741
0.00655349	0.00642069	0.0030483
0.0065535	0.00636533	0.00304837
0.00645099	0.00653813	0.00306601
0.00655277	0.00653803	0.00305596
0.00655343	0.00647702	0.00304928
0.00665493	0.0064207	0.00304208
0.0067574	0.00642069	0.00303829
0.00675743	0.00636532	0.00303834
0.00665444	0.0065381	0.00304797
0.00675764	0.00653812	0.00304343
0.00675736	0.00647706	0.00303911
0.00566678	0.00636541	0.00324086
0.00566675	0.00642079	0.00324072
0.00576077	0.00642072	0.00320546
0.00566712	0.00647696	0.00324275
0.0056699	0.00653773	0.00325631
0.00576333	0.00653752	0.00321973
0.00548097	0.00636541	0.00331384
0.00548096	0.00642081	0.00331369
0.00557359	0.00642081	0.00327674
0.00548137	0.00647696	0.00331543
0.00548414	0.00653738	0.003328
0.0055769	0.00653757	0.00329287
0.00529781	0.00636544	0.00339158
0.00529773	0.00642084	0.00339152
0.00538887	0.00642082	0.0033519
0.00529828	0.00647691	0.00339294
0.00530139	0.00653765	0.00340308
0.00539223	0.00653736	0.00336314
0.00634942	0.0063653	0.00783879
0.00634937	0.00642063	0.00783886
0.00624902	0.0064207	0.00781191
0.00624838	0.00654016	0.00780195
0.00624897	0.00647725	0.0078106
0.00634935	0.00647726	0.0078376
0.00676147	0.00642059	0.0079027
0.00665759	0.00642057	0.00789452
0.0066576	0.00636526	0.00789444
0.00665744	0.00654032	0.00788763
0.00665754	0.0064771	0.00789357
0.00676135	0.00647697	0.00790183
0.00655492	0.00636526	0.00788114
0.0065549	0.00642057	0.00788122
0.0064521	0.00642059	0.00786266
0.00655484	0.00647717	0.00788019
0.00655504	0.00654086	0.00787339
0.006452	0.00654113	0.00785374
0.00624878	0.00636536	0.00308709
0.00624874	0.00642073	0.00308701
0.00634933	0.00642066	0.00307013
0.00624887	0.00647702	0.00308825
0.00624993	0.00653787	0.00309523
0.00634935	0.00653822	0.00307873
0.00605156	0.00636537	0.00312614
0.00605155	0.00642074	0.00312604
0.00615007	0.00642079	0.00310685
0.00605177	0.00647698	0.00312752
0.00605253	0.00653691	0.00313595
0.00615205	0.00653715	0.00311514
0.00585599	0.00636531	0.00317213
0.00585596	0.00642064	0.00317197
0.00595301	0.00642065	0.00314556
0.00585618	0.0064768	0.00317367
0.00585713	0.00653742	0.00318528
0.00595357	0.00653713	0.00315746
0.00529796	0.00558777	0.00339142
0.00529796	0.00564333	0.00339142
0.00538884	0.00564333	0.00335212
0.00529796	0.00569889	0.00339142
0.00529796	0.00575444	0.00339142
0.00538884	0.00575444	0.00335212
0.00529796	0.00581	0.00339142
0.00529796	0.00586555	0.00339142
0.00538885	0.00586556	0.0033521
0.00529796	0.0059211	0.00339142
0.00529796	0.00597666	0.00339142
0.00538888	0.00597666	0.00335206
0.00529796	0.00603221	0.00339142
0.00529796	0.00608776	0.00339142
0.00538888	0.00608776	0.00335207
0.00529796	0.0061433	0.00339142
0.00529796	0.00619885	0.00339142
0.00538888	0.00619885	0.00335207
0.00529794	0.00625439	0.00339145
0.00529789	0.00630993	0.00339152
0.00538888	0.00630993	0.00335208
0.00511739	0.00558777	0.0034738
0.00511738	0.00564333	0.0034738
0.00520778	0.00564333	0.00343217
0.00511738	0.00569889	0.0034738
0.00511738	0.00575444	0.0034738
0.00520778	0.00575444	0.00343217
0.00511738	0.00581	0.0034738
0.00511738	0.00586555	0.0034738
0.00520778	0.00586555	0.00343217
0.00511738	0.00592111	0.0034738
0.00511738	0.00597665	0.0034738
0.00520778	0.00597666	0.00343217
0.00511737	0.00603221	0.0034738
0.00511738	0.00608776	0.0034738
0.00520778	0.00608776	0.00343217
0.00511738	0.00614331	0.0034738
0.00511738	0.00619885	0.0034738
0.00520778	0.00619885	0.00343217
0.00511737	0.00625439	0.00347381
0.00511751	0.00630992	0.00347377
0.00520779	0.00630991	0.00343225
0.00595813	0.00636539	0.00771644
0.00595808	0.00642079	0.00771651
0.00586458	0.00642078	0.00768358
0.00586459	0.00653888	0.00767194
0.00586461	0.00647713	0.00768213
0.00595806	0.00647721	0.00771489
0.00615113	0.00636537	0.00778231
0.00615112	0.00642073	0.00778245
0.00605417	0.00642074	0.00775062
0.00605315	0.00653881	0.00773902
0.00605408	0.00647723	0.00774898
0.00615098	0.00647723	0.00778097
0.00718457	0.00619879	0.00789756
0.00707811	0.00619879	0.00790393
0.00707811	0.00614327	0.00790393
0.0071846	0.00630982	0.0078976
0.0070781	0.00630982	0.00790395
0.00707812	0.00625432	0.00790393
0.00697194	0.0061988	0.00790616
0.00686643	0.0061988	0.00790582
0.00686643	0.00614327	0.00790582
0.00697195	0.00630984	0.00790616
0.00686646	0.00630983	0.00790583
0.00686646	0.00625431	0.00790583
0.00686108	0.00597665	0.00303702
0.00696515	0.00597665	0.00303809
0.00696515	0.0059211	0.00303809
0.00686108	0.00608774	0.00303702
0.00696515	0.00608774	0.00303809
0.00696515	0.00603219	0.00303809
0.00686108	0.00619881	0.00303702
0.00696515	0.0061988	0.00303809
0.00696515	0.00614327	0.00303809
0.00686108	0.00630986	0.00303703
0.00696514	0.00630984	0.00303809
0.00696515	0.00625432	0.00303809
0.00706976	0.00597664	0.00304179
0.00717446	0.00597664	0.00304999
0.00717448	0.00592109	0.00304998
0.00706976	0.00608773	0.00304179
0.00717446	0.00608773	0.00304999
0.00717446	0.00603219	0.00304999
0.00706975	0.00619879	0.00304179
0.00717446	0.00619879	0.00304998
0.00717446	0.00614326	0.00304998
0.00706974	0.00630982	0.00304175
0.00717448	0.00630981	0.00304994
0.0071745	0.00625431	0.00304997
0.0054009	0.00636552	0.00750727
0.00540115	0.00642081	0.00750764
0.00530989	0.00642085	0.00747204
0.00531312	0.00653783	0.00746161
0.00531039	0.00647709	0.00747074
0.00540167	0.00647712	0.00750615
0.00558385	0.00636528	0.00757652
0.00558322	0.00642084	0.00757588
0.00549262	0.00642077	0.00754332
0.00549621	0.00653738	0.00753381
0.00549315	0.00647702	0.00754194
0.00558366	0.00647714	0.00757462
0.00718458	0.00564332	0.00789754
0.00707811	0.00564332	0.00790391
0.00707811	0.00558776	0.00790391
0.00718458	0.00575444	0.00789754
0.00707811	0.00575444	0.00790391
0.00707811	0.00569889	0.00790391
0.00718458	0.00586554	0.00789754
0.00707811	0.00586554	0.00790391
0.00707811	0.00580999	0.00790391
0.00718463	0.00597664	0.00789756
0.00707813	0.00597665	0.00790391
0.00707812	0.0059211	0.00790391
0.00718466	0.00608773	0.00789758
0.00707813	0.00608773	0.00790392
0.00707814	0.00603219	0.00790391
0.00697195	0.00564332	0.00790617
0.00686643	0.00564332	0.00790582
0.00686643	0.00558776	0.00790581
0.00697195	0.00575444	0.00790617
0.00686643	0.00575444	0.00790582
0.00686643	0.00569889	0.00790582
0.00697195	0.00586555	0.00790617
0.00686643	0.00586555	0.00790582
0.00686643	0.00580999	0.00790582
0.00697195	0.00597665	0.00790617
0.00686643	0.00597665	0.00790582
0.00686643	0.00592109	0.00790582
0.00697195	0.00608774	0.00790617
0.00686645	0.00608774	0.00790583
0.00686645	0.00603219	0.00790583
0.00686109	0.00564332	0.00303702
0.00696515	0.00564332	0.00303809
0.00696516	0.00558776	0.00303809
0.00686109	0.00575444	0.00303702
0.00696515	0.00575444	0.00303809
0.00696515	0.00569889	0.00303809
0.0068611	0.00586555	0.00303702
0.00696516	0.00586555	0.00303809
0.00696516	0.00580999	0.00303809
0.00706979	0.00564332	0.00304181
0.00717458	0.00564332	0.00304999
0.00717456	0.00558776	0.00304999
0.00706979	0.00575444	0.00304181
0.00717458	0.00575444	0.00304999
0.00717458	0.00569889	0.00304999
0.00706977	0.00586554	0.0030418
0.00717454	0.00586554	0.00304998
0.00717458	0.00580999	0.00304999
0.00566681	0.0059211	0.00324082
0.00566681	0.00597666	0.00324082
0.0057608	0.00597665	0.00320563
0.00566681	0.00603221	0.00324082
0.00566681	0.00608775	0.00324082
0.0057608	0.00608775	0.00320562
0.00566681	0.0061433	0.00324082
0.0056668	0.00619884	0.00324082
0.0057608	0.00619883	0.00320562
0.0056668	0.00625438	0.00324083
0.0056668	0.00630991	0.00324087
0.00576079	0.0063099	0.00320566
0.00548084	0.0059211	0.00331396
0.00548085	0.00597666	0.00331395
0.0055736	0.00597666	0.00327689
0.00548085	0.00603221	0.00331395
0.00548085	0.00608776	0.00331395
0.0055736	0.00608776	0.00327689
0.00548085	0.0061433	0.00331395
0.00548085	0.00619884	0.00331395
0.0055736	0.00619884	0.00327689
0.00548086	0.00625438	0.00331395
0.0054809	0.00630991	0.00331393
0.00557362	0.00630992	0.0032769
0.00676154	0.00619879	0.00790254
0.00665765	0.00619879	0.00789435
0.00665765	0.00614327	0.00789434
0.00676154	0.00630982	0.00790259
0.00665763	0.00630981	0.00789439
0.00665766	0.00625431	0.00789435
0.00655492	0.00614327	0.00788104
0.00655492	0.00619879	0.00788104
0.00645217	0.0061988	0.00786255
0.00655492	0.00625431	0.00788104
0.00655493	0.00630982	0.00788109
0.00645216	0.00630983	0.00786258
0.00645157	0.00597665	0.00305755
0.00655349	0.00597665	0.00304841
0.00655349	0.0059211	0.00304841
0.00645152	0.00608774	0.00305758
0.00655348	0.00608774	0.00304841
0.00655348	0.0060322	0.00304841
0.00645152	0.00619881	0.00305758
0.00655348	0.00619881	0.00304841
0.00655348	0.00614328	0.00304841
0.00645157	0.00630985	0.00305755
0.0065535	0.00630986	0.0030484
0.00655348	0.00625434	0.00304841
0.00665504	0.00597665	0.00304214
0.00675759	0.00597665	0.0030383
0.00675758	0.0059211	0.00303831
0.00665504	0.00608774	0.00304214
0.00675759	0.00608774	0.0030383
0.00675759	0.0060322	0.0030383
0.00665504	0.00619881	0.00304214
0.00675759	0.00619881	0.0030383
0.00675759	0.00614328	0.0030383
0.00665499	0.00630986	0.00304216
0.00675753	0.00630986	0.00303832
0.0067576	0.00625434	0.0030383
0.00624886	0.0060322	0.00308714
0.00624887	0.00608775	0.00308713
0.00634935	0.00608774	0.00307034
0.00624887	0.00614329	0.00308713
0.00624887	0.00619882	0.00308713
0.00634935	0.00619881	0.00307034
0.00624888	0.00625436	0.00308712
0.00624884	0.00630988	0.00308711
0.00634935	0.00630986	0.0030703
0.00585612	0.00558776	0.00317222
0.00585612	0.00564333	0.00317222
0.00595307	0.00564333	0.0031459
0.00585612	0.00569889	0.00317222
0.00585612	0.00575444	0.00317222
0.00595307	0.00575444	0.0031459
0.00585611	0.00581	0.00317223
0.00585608	0.00586555	0.00317228
0.00595307	0.00586555	0.0031459
0.00566681	0.00558776	0.0032408
0.00566681	0.00564333	0.0032408
0.0057609	0.00564333	0.00320546
0.00566681	0.00569889	0.0032408
0.00566681	0.00575444	0.0032408
0.0057609	0.00575444	0.00320546
0.00566681	0.00580999	0.0032408
0.00566681	0.00586555	0.00324081
0.00576087	0.00586554	0.00320552
0.00548079	0.00558777	0.00331401
0.00548079	0.00564333	0.00331401
0.00557358	0.00564333	0.0032769
0.00548079	0.00569889	0.00331401
0.00548079	0.00575444	0.00331401
0.00557358	0.00575444	0.0032769
0.00548079	0.00581	0.00331401
0.00548081	0.00586555	0.00331399
0.00557359	0.00586555	0.00327689
0.00615111	0.0060322	0.00778221
0.0061511	0.00608775	0.0077822
0.00605426	0.00608775	0.0077506
0.0061511	0.00614329	0.0077822
0.0061511	0.00619883	0.00778219
0.00605426	0.00619883	0.0077506
0.0061511	0.00625436	0.00778221
0.00615112	0.00630989	0.00778224
0.00605425	0.0063099	0.00775057
0.00634953	0.00558776	0.00783876
0.00634953	0.00564332	0.00783875
0.00624915	0.00564333	0.00781178
0.00634953	0.00569889	0.00783875
0.00634953	0.00575444	0.00783875
0.00624915	0.00575444	0.00781178
0.00634953	0.00580999	0.00783876
0.00634953	0.00586555	0.00783876
0.00624915	0.00586555	0.00781178
0.00634953	0.0059211	0.00783876
0.00634953	0.00597665	0.00783876
0.00624914	0.00597665	0.00781176
0.00634954	0.0060322	0.00783877
0.00634956	0.00608774	0.0078388
0.00624911	0.00608775	0.00781171
0.00634959	0.00614328	0.00783885
0.00634961	0.0061988	0.00783887
0.00624913	0.00619882	0.00781173
0.00634961	0.00625433	0.00783887
0.00634953	0.00630985	0.00783884
0.00624909	0.00630986	0.00781175
0.00676156	0.00564332	0.00790251
0.00665767	0.00564332	0.00789432
0.00665767	0.00558776	0.00789432
0.00676156	0.00575444	0.00790251
0.00665767	0.00575444	0.00789432
0.00665767	0.00569889	0.00789432
0.00676156	0.00586554	0.00790251
0.00665767	0.00586555	0.00789432
0.00665767	0.00580999	0.00789432
0.00676156	0.00597664	0.00790251
0.00665767	0.00597664	0.00789432
0.00665767	0.0059211	0.00789432
0.00676156	0.00608773	0.00790253
0.00665766	0.00608773	0.00789433
0.00665767	0.00603219	0.00789432
0.00655492	0.00558776	0.00788101
0.00655492	0.00564332	0.00788101
0.00645211	0.00564332	0.00786244
0.00655492	0.00569889	0.00788101
0.00655492	0.00575444	0.00788101
0.00645211	0.00575444	0.00786244
0.00655492	0.00580999	0.00788101
0.00655492	0.00586555	0.00788101
0.0064521	0.00586555	0.00786244
0.00655492	0.0059211	0.00788101
0.00655492	0.00597664	0.00788101
0.0064521	0.00597665	0.00786244
0.00655493	0.00603219	0.00788102
0.00655493	0.00608773	0.00788103
0.00645214	0.00608773	0.00786249
0.00645152	0.00564332	0.00305758
0.00655348	0.00564332	0.00304842
0.00655348	0.00558776	0.00304842
0.00645152	0.00575444	0.00305758
0.00655348	0.00575444	0.00304842
0.00655348	0.00569889	0.00304842
0.00645155	0.00586554	0.00305756
0.00655349	0.00586555	0.00304841
0.00655348	0.00580999	0.00304842
0.00665505	0.00564332	0.00304214
0.0067576	0.00564332	0.0030383
0.0067576	0.00558776	0.00303831
0.00665505	0.00575444	0.00304214
0.0067576	0.00575444	0.0030383
0.0067576	0.00569889	0.0030383
0.00665504	0.00586554	0.00304215
0.0067576	0.00586555	0.0030383
0.00675762	0.00581	0.0030383
0.00624885	0.00558776	0.00308719
0.00624885	0.00564333	0.00308719
0.00634938	0.00564332	0.00307035
0.00624885	0.00569889	0.00308719
0.00624885	0.00575444	0.00308719
0.00634938	0.00575444	0.00307035
0.00624885	0.00581	0.00308719
0.00624886	0.00586555	0.00308718
0.00634941	0.00586555	0.00307033
0.00624887	0.0059211	0.00308717
0.00624887	0.00597665	0.00308716
0.00634943	0.00597665	0.00307031
0.00605146	0.00558776	0.00312606
0.00605146	0.00564333	0.00312606
0.00615007	0.00564333	0.00310681
0.00605146	0.00569889	0.00312606
0.00605146	0.00575444	0.00312606
0.00615007	0.00575444	0.00310681
0.00605146	0.00581	0.00312605
0.00605148	0.00586555	0.00312604
0.00615008	0.00586555	0.0031068
0.00605151	0.0059211	0.00312602
0.00605154	0.00597665	0.003126
0.00615012	0.00597665	0.00310677
0.00605156	0.0060322	0.00312599
0.00605156	0.00608775	0.00312598
0.00615017	0.00608775	0.00310672
0.00605157	0.00614329	0.00312598
0.00605157	0.00619882	0.00312598
0.00615017	0.00619883	0.00310672
0.00605156	0.00625436	0.003126
0.00605156	0.00630989	0.00312609
0.00615015	0.00630991	0.00310684
0.00585603	0.0059211	0.00317239
0.00585599	0.00597665	0.00317248
0.00595309	0.00597665	0.00314598
0.005856	0.0060322	0.00317249
0.005856	0.00608774	0.00317249
0.00595309	0.00608774	0.00314598
0.00585599	0.00614328	0.00317249
0.00585599	0.00619881	0.00317249
0.00595309	0.00619881	0.00314599
0.00585598	0.00625434	0.00317248
0.00585598	0.00630986	0.00317233
0.00595306	0.00630985	0.00314584
0.00521874	0.00581	0.00743757
0.00521874	0.00586555	0.00743758
0.00512577	0.00586555	0.0074044
0.00521874	0.0059211	0.00743758
0.00521874	0.00597665	0.00743758
0.00512577	0.00597665	0.0074044
0.00521874	0.00603221	0.00743758
0.00521874	0.00608775	0.00743758
0.00512577	0.00608775	0.0074044
0.00521874	0.0061433	0.00743758
0.00521874	0.00619885	0.00743757
0.00512577	0.00619883	0.0074044
0.00521873	0.00625438	0.00743753
0.00521884	0.00630992	0.00743735
0.00512608	0.00630992	0.00740422
0.00540115	0.00580999	0.00750759
0.00540115	0.00586555	0.00750759
0.00531014	0.00586555	0.00747221
0.00540116	0.0059211	0.0075076
0.00540091	0.00597658	0.00750732
0.00531014	0.00597665	0.00747221
0.00540035	0.00603211	0.0075067
0.00540006	0.00608776	0.00750637
0.00531015	0.00608775	0.00747221
0.00540006	0.00614329	0.00750637
0.00540006	0.00619885	0.00750637
0.00531015	0.00619884	0.00747221
0.00540006	0.00625438	0.00750636
0.00540037	0.00631005	0.00750665
0.00531005	0.00630994	0.00747209
0.00595816	0.00558776	0.00771645
0.00595816	0.00564333	0.00771645
0.00586348	0.00564333	0.00768129
0.00595815	0.00569889	0.00771645
0.00595815	0.00575444	0.00771645
0.00586347	0.00575445	0.00768128
0.00595815	0.00581	0.00771645
0.00595815	0.00586555	0.00771645
0.00586344	0.00586555	0.00768122
0.00595816	0.0059211	0.00771647
0.00595819	0.00597666	0.00771652
0.00586343	0.00597666	0.0076812
0.00615117	0.00558776	0.00778232
0.00615117	0.00564332	0.00778232
0.0060542	0.00564333	0.00775047
0.00615117	0.00569889	0.00778232
0.00615117	0.00575444	0.00778232
0.0060542	0.00575444	0.00775048
0.00615117	0.00581	0.00778232
0.00615117	0.00586555	0.00778232
0.0060542	0.00586555	0.00775048
0.00615117	0.0059211	0.00778232
0.00615115	0.00597665	0.00778228
0.00605422	0.00597664	0.00775051
0.0052187	0.00558776	0.00743761
0.00521869	0.00564333	0.00743762
0.00512566	0.00564332	0.00740444
0.00521869	0.00569889	0.00743761
0.00521871	0.00575444	0.00743759
0.0051257	0.00575444	0.00740442
0.00540115	0.00558776	0.00750763
0.00540115	0.00564333	0.00750763
0.00531014	0.00564333	0.00747224
0.00540114	0.00569889	0.00750761
0.00540114	0.00575444	0.0075076
0.00531014	0.00575444	0.00747222
0.00576988	0.0060322	0.00764536
0.00576985	0.00608775	0.00764531
0.00567805	0.00608776	0.00761213
0.00576985	0.0061433	0.0076453
0.00576985	0.00619885	0.0076453
0.00567804	0.00619886	0.00761212
0.00576987	0.0062544	0.00764535
0.00577016	0.00630995	0.0076459
0.00567745	0.00631008	0.0076114
0.00595825	0.00603221	0.00771663
0.00595828	0.00608775	0.0077167
0.00586342	0.00608776	0.00768117
0.00595828	0.00614329	0.0077167
0.00595828	0.00619883	0.0077167
0.00586341	0.00619884	0.00768116
0.00595829	0.00625436	0.00771671
0.00595823	0.00630991	0.00771659
0.00586374	0.00630978	0.00768167
0.00558451	0.00581	0.00757744
0.00558451	0.00586555	0.00757743
0.00549251	0.00586555	0.00754312
0.00558451	0.0059211	0.00757744
0.00558476	0.00597671	0.00757772
0.00549227	0.00597671	0.00754285
0.00576996	0.00581	0.00764557
0.00576995	0.00586555	0.00764556
0.00567698	0.00586555	0.00761092
0.00576995	0.0059211	0.00764555
0.00576993	0.00597665	0.00764547
0.00567722	0.00597658	0.00761116
0.00558451	0.00558776	0.00757744
0.00558451	0.00564333	0.00757744
0.0054925	0.00564333	0.00754312
0.0055845	0.00569889	0.00757744
0.00558451	0.00575444	0.00757744
0.0054925	0.00575444	0.00754312
0.00576999	0.00558776	0.00764569
0.00577	0.00564332	0.0076457
0.00567699	0.00564333	0.00761099
0.00577	0.00569889	0.0076457
0.00576999	0.00575444	0.00764564
0.00567699	0.00575444	0.00761095

