0.00647264	0.00561556	0.00395216
0.00647264	0.00572667	0.00395216
0.00647264	0.00583778	0.00395216
0.00647264	0.00594889	0.00395216
0.00647264	0.00606	0.00395216
0.00647264	0.00617111	0.00395216
0.00647264	0.00628222	0.00395216
0.00647264	0.00639333	0.00395216
0.00647264	0.00650444	0.00395216
0.00661772	0.00561556	0.00396023
0.00661772	0.00572667	0.00396023
0.00661772	0.00583778	0.00396023
0.00661772	0.00594889	0.00396023
0.00661772	0.00606	0.00396023
0.00661772	0.00617111	0.00396023
0.00661772	0.00628222	0.00396023
0.00661772	0.00639333	0.00396023
0.00661772	0.00650444	0.00396023
0.00676213	0.00561556	0.00397611
0.00676213	0.00572667	0.00397611
0.00676213	0.00583778	0.00397611
0.00676213	0.00594889	0.00397611
0.00676213	0.00606	0.00397611
0.00676213	0.00617111	0.00397611
0.00676213	0.00628222	0.00397611
0.00676213	0.00639333	0.00397611
0.00676213	0.00650444	0.00397611
0.00690543	0.00561556	0.00400009
0.00690543	0.00572667	0.00400009
0.00690543	0.00583778	0.00400009
0.00690543	0.00594889	0.00400009
0.00690543	0.00606	0.00400009
0.00690543	0.00617111	0.00400009
0.00690543	0.00628222	0.00400009
0.00690543	0.00639333	0.00400009
0.00690543	0.00650444	0.00400009
0.00704714	0.00561556	0.00403214
0.00704714	0.00572667	0.00403214
0.00704714	0.00583778	0.00403214
0.00704714	0.00594889	0.00403214
0.00704714	0.00606	0.00403214
0.00704714	0.00617111	0.00403214
0.00704714	0.00628222	0.00403214
0.00704714	0.00639333	0.00403214
0.00704714	0.00650444	0.00403214
0.00718671	0.00561556	0.00407245
0.00718671	0.00572667	0.00407245
0.00718671	0.00583778	0.00407245
0.00718671	0.00594889	0.00407245
0.00718671	0.00606	0.00407245
0.00718671	0.00617111	0.00407245
0.00718671	0.00628222	0.00407245
0.00718671	0.00639333	0.00407245
0.00718671	0.00650444	0.00407245
0.00732359	0.00561556	0.00412114
0.00732359	0.00572667	0.00412114
0.00732359	0.00583778	0.00412114
0.00732359	0.00594889	0.00412114
0.00732359	0.00606	0.00412114
0.00732359	0.00617111	0.00412114
0.00732359	0.00628222	0.00412114
0.00732359	0.00639333	0.00412114
0.00732359	0.00650444	0.00412114
0.0074571	0.00561556	0.0041784
0.0074571	0.00572667	0.0041784
0.0074571	0.00583778	0.0041784
0.0074571	0.00594889	0.0041784
0.0074571	0.00606	0.0041784
0.0074571	0.00617111	0.0041784
0.0074571	0.00628222	0.0041784
0.0074571	0.00639333	0.0041784
0.0074571	0.00650444	0.0041784
0.00758653	0.00561556	0.00424435
0.00758653	0.00572667	0.00424435
0.00758653	0.00583778	0.00424435
0.00758653	0.00594889	0.00424435
0.00758653	0.00606	0.00424435
0.00758653	0.00617111	0.00424435
0.00758653	0.00628222	0.00424435
0.00758653	0.00639333	0.00424435
0.00758653	0.00650444	0.00424435
0.00771096	0.00561556	0.00431927
0.00771096	0.00572667	0.00431927
0.00771096	0.00583778	0.00431927
0.00771096	0.00594889	0.00431927
0.00771096	0.00606	0.00431927
0.00771096	0.00617111	0.00431927
0.00771096	0.00628222	0.00431927
0.00771096	0.00639333	0.00431927
0.00771096	0.00650444	0.00431927
0.00782953	0.00561556	0.00440316
0.00782953	0.00572667	0.00440316
0.00782953	0.00583778	0.00440316
0.00782953	0.00594889	0.00440316
0.00782953	0.00606	0.00440316
0.00782953	0.00617111	0.00440316
0.00782953	0.00628222	0.00440316
0.00782953	0.00639333	0.00440316
0.00782953	0.00650444	0.00440316
0.00794095	0.00561556	0.00449628
0.00794095	0.00572667	0.00449628
0.00794095	0.00583778	0.00449628
0.00794095	0.00594889	0.00449628
0.00794095	0.00606	0.00449628
0.00794095	0.00617111	0.00449628
0.00794095	0.00628222	0.00449628
0.00794095	0.00639333	0.00449628
0.00794095	0.00650444	0.00449628
0.00804379	0.00561556	0.0045988
0.00804379	0.00572667	0.0045988
0.00804379	0.00583778	0.0045988
0.00804379	0.00594889	0.0045988
0.00804379	0.00606	0.0045988
0.00804379	0.00617111	0.0045988
0.00804379	0.00628222	0.0045988
0.00804379	0.00639333	0.0045988
0.00804379	0.00650444	0.0045988
0.00813702	0.00561556	0.0047101
0.00813702	0.00572667	0.0047101
0.00813702	0.00583778	0.0047101
0.00813702	0.00594889	0.0047101
0.00813702	0.00606	0.0047101
0.00813702	0.00617111	0.0047101
0.00813702	0.00628222	0.0047101
0.00813702	0.00639333	0.0047101
0.00813702	0.00650444	0.0047101
0.00821871	0.00561556	0.00483008
0.00821871	0.00572667	0.00483008
0.00821871	0.00583778	0.00483008
0.00821871	0.00594889	0.00483008
0.00821871	0.00606	0.00483008
0.00821871	0.00617111	0.00483008
0.00821871	0.00628222	0.00483008
0.00821871	0.00639333	0.00483008
0.00821871	0.00650444	0.00483008
0.00828686	0.00561556	0.00495819
0.00828686	0.00572667	0.00495819
0.00828686	0.00583778	0.00495819
0.00828686	0.00594889	0.00495819
0.00828686	0.00606	0.00495819
0.00828686	0.00617111	0.00495819
0.00828686	0.00628222	0.00495819
0.00828686	0.00639333	0.00495819
0.00828686	0.00650444	0.00495819
0.00833992	0.00561556	0.00509325
0.00833992	0.00572667	0.00509325
0.00833992	0.00583778	0.00509325
0.00833992	0.00594889	0.00509325
0.00833992	0.00606	0.00509325
0.00833992	0.00617111	0.00509325
0.00833992	0.00628222	0.00509325
0.00833992	0.00639333	0.00509325
0.00833992	0.00650444	0.00509325
0.00837643	0.00561556	0.00523365
0.00837643	0.00572667	0.00523365
0.00837643	0.00583778	0.00523365
0.00837643	0.00594889	0.00523365
0.00837643	0.00606	0.00523365
0.00837643	0.00617111	0.00523365
0.00837643	0.00628222	0.00523365
0.00837643	0.00639333	0.00523365
0.00837643	0.00650444	0.00523365
0.00839518	0.00561556	0.00537749
0.00839518	0.00572667	0.00537749
0.00839518	0.00583778	0.00537749
0.00839518	0.00594889	0.00537749
0.00839518	0.00606	0.00537749
0.00839518	0.00617111	0.00537749
0.00839518	0.00628222	0.00537749
0.00839518	0.00639333	0.00537749
0.00839518	0.00650444	0.00537749
0.00632736	0.00561556	0.00395216
0.00632736	0.00572667	0.00395216
0.00632736	0.00583778	0.00395216
0.00632736	0.00594889	0.00395216
0.00632736	0.00606	0.00395216
0.00632736	0.00617111	0.00395216
0.00632736	0.00628222	0.00395216
0.00632736	0.00639333	0.00395216
0.00632736	0.00650444	0.00395216
0.00618229	0.00561556	0.00396023
0.00618229	0.00572667	0.00396023
0.00618229	0.00583778	0.00396023
0.00618229	0.00594889	0.00396023
0.00618229	0.00606	0.00396023
0.00618229	0.00617111	0.00396023
0.00618229	0.00628222	0.00396023
0.00618229	0.00639333	0.00396023
0.00618229	0.00650444	0.00396023
0.00603787	0.00561556	0.00397611
0.00603787	0.00572667	0.00397611
0.00603787	0.00583778	0.00397611
0.00603787	0.00594889	0.00397611
0.00603787	0.00606	0.00397611
0.00603787	0.00617111	0.00397611
0.00603787	0.00628222	0.00397611
0.00603787	0.00639333	0.00397611
0.00603787	0.00650444	0.00397611
0.00589457	0.00561556	0.00400009
0.00589457	0.00572667	0.00400009
0.00589457	0.00583778	0.00400009
0.00589457	0.00594889	0.00400009
0.00589457	0.00606	0.00400009
0.00589457	0.00617111	0.00400009
0.00589457	0.00628222	0.00400009
0.00589457	0.00639333	0.00400009
0.00589457	0.00650444	0.00400009
0.00575286	0.00561556	0.00403214
0.00575287	0.00572667	0.00403214
0.00575287	0.00583778	0.00403214
0.00575286	0.00594889	0.00403214
0.00575286	0.00606	0.00403214
0.00575286	0.00617111	0.00403214
0.00575286	0.00628222	0.00403214
0.00575286	0.00639333	0.00403214
0.00575286	0.00650444	0.00403214
0.00561329	0.00561556	0.00407246
0.00561329	0.00572667	0.00407245
0.00561329	0.00583778	0.00407246
0.00561329	0.00594889	0.00407246
0.00561329	0.00606	0.00407246
0.00561329	0.00617111	0.00407246
0.00561329	0.00628222	0.00407246
0.00561329	0.00639333	0.00407246
0.00561329	0.00650444	0.00407246
0.00547641	0.00561556	0.00412114
0.00547641	0.00572667	0.00412114
0.00547641	0.00583778	0.00412114
0.00547641	0.00594889	0.00412114
0.00547641	0.00606	0.00412114
0.00547641	0.00617111	0.00412114
0.00547641	0.00628222	0.00412114
0.00547641	0.00639333	0.00412114
0.00547641	0.00650444	0.00412114
0.00534291	0.00561556	0.0041784
0.00534291	0.00572667	0.0041784
0.00534291	0.00583778	0.0041784
0.00534291	0.00594889	0.0041784
0.00534291	0.00606	0.0041784
0.00534291	0.00617111	0.0041784
0.00534291	0.00628222	0.0041784
0.00534291	0.00639333	0.0041784
0.00534291	0.00650444	0.0041784
0.00521348	0.00561556	0.00424435
0.00521348	0.00572667	0.00424435
0.00521348	0.00583778	0.00424435
0.00521348	0.00594889	0.00424435
0.00521348	0.00606	0.00424435
0.00521348	0.00617111	0.00424435
0.00521348	0.00628222	0.00424435
0.00521347	0.00639333	0.00424435
0.00521347	0.00650444	0.00424435
0.00508905	0.00561556	0.00431927
0.00508905	0.00572667	0.00431927
0.00508905	0.00583778	0.00431927
0.00508905	0.00594889	0.00431927
0.00508905	0.00606	0.00431927
0.00508905	0.00617111	0.00431927
0.00508905	0.00628222	0.00431927
0.00508905	0.00639333	0.00431927
0.00508905	0.00650444	0.00431927
0.00497047	0.00561556	0.00440317
0.00497047	0.00572667	0.00440317
0.00497047	0.00583778	0.00440317
0.00497047	0.00594889	0.00440317
0.00497047	0.00606	0.00440317
0.00497047	0.00617111	0.00440317
0.00497047	0.00628222	0.00440317
0.00497047	0.00639333	0.00440317
0.00497047	0.00650444	0.00440317
0.00485906	0.00561556	0.00449628
0.00485906	0.00572667	0.00449628
0.00485906	0.00583778	0.00449628
0.00485906	0.00594889	0.00449628
0.00485906	0.00606	0.00449628
0.00485906	0.00617111	0.00449628
0.00485906	0.00628222	0.00449628
0.00485906	0.00639333	0.00449628
0.00485906	0.00650444	0.00449629
0.00475622	0.00561556	0.0045988
0.00475622	0.00572667	0.0045988
0.00475622	0.00583778	0.0045988
0.00475622	0.00594889	0.0045988
0.00475622	0.00606	0.0045988
0.00475622	0.00617111	0.0045988
0.00475621	0.00628222	0.0045988
0.00475621	0.00639333	0.0045988
0.00475621	0.00650444	0.0045988
0.00466299	0.00561556	0.0047101
0.00466299	0.00572667	0.0047101
0.00466299	0.00583778	0.0047101
0.00466299	0.00594889	0.0047101
0.00466299	0.00606	0.0047101
0.00466299	0.00617111	0.0047101
0.00466299	0.00628222	0.0047101
0.00466299	0.00639333	0.0047101
0.00466299	0.00650444	0.0047101
0.0045813	0.00561556	0.00483008
0.0045813	0.00572667	0.00483008
0.0045813	0.00583778	0.00483008
0.0045813	0.00594889	0.00483008
0.0045813	0.00606	0.00483008
0.0045813	0.00617111	0.00483008
0.0045813	0.00628222	0.00483008
0.0045813	0.00639333	0.00483008
0.0045813	0.00650444	0.00483008
0.00451314	0.00561556	0.00495819
0.00451314	0.00572667	0.00495819
0.00451314	0.00583778	0.00495819
0.00451314	0.00594889	0.00495819
0.00451314	0.00606	0.00495819
0.00451314	0.00617111	0.00495819
0.00451314	0.00628222	0.0049582
0.00451314	0.00639333	0.0049582
0.00451314	0.00650444	0.0049582
0.00446009	0.00561556	0.00509325
0.00446009	0.00572667	0.00509324
0.00446009	0.00583778	0.00509324
0.00446009	0.00594889	0.00509325
0.00446009	0.00606	0.00509325
0.00446009	0.00617111	0.00509325
0.00446009	0.00628222	0.00509325
0.00446009	0.00639333	0.00509325
0.00446009	0.00650444	0.00509325
0.00442358	0.00561556	0.00523365
0.00442358	0.00572667	0.00523365
0.00442358	0.00583778	0.00523365
0.00442358	0.00594889	0.00523365
0.00442358	0.00606	0.00523365
0.00442358	0.00617111	0.00523365
0.00442358	0.00628222	0.00523365
0.00442358	0.00639333	0.00523365
0.00442358	0.00650444	0.00523365
0.00440482	0.00561556	0.00537749
0.00440483	0.00572667	0.00537749
0.00440483	0.00583778	0.00537749
0.00440482	0.00594889	0.00537749
0.00440482	0.00606	0.00537749
0.00440482	0.00617111	0.00537749
0.00440482	0.00628222	0.00537749
0.00440482	0.00639333	0.00537749
0.00440482	0.00650444	0.00537749
0.00440482	0.00561556	0.00552251
0.00440483	0.00572667	0.00552251
0.00440483	0.00583778	0.00552251
0.00440482	0.00594889	0.00552251
0.00440482	0.00606	0.00552251
0.00440482	0.00617111	0.00552251
0.00440482	0.00628222	0.00552251
0.00440482	0.00639333	0.00552251
0.00440482	0.00650444	0.00552251
0.00442358	0.00561556	0.00566635
0.00442358	0.00572667	0.00566635
0.00442358	0.00583778	0.00566635
0.00442358	0.00594889	0.00566635
0.00442358	0.00606	0.00566635
0.00442358	0.00617111	0.00566635
0.00442358	0.00628222	0.00566635
0.00442358	0.00639333	0.00566635
0.00442358	0.00650444	0.00566635
0.00446009	0.00561556	0.00580675
0.00446009	0.00572667	0.00580675
0.00446009	0.00583778	0.00580675
0.00446009	0.00594889	0.00580675
0.00446009	0.00606	0.00580675
0.00446009	0.00617111	0.00580675
0.00446009	0.00628222	0.00580675
0.00446009	0.00639333	0.00580675
0.00446009	0.00650444	0.00580675
0.00451315	0.00561556	0.00594181
0.00451315	0.00572667	0.00594181
0.00451315	0.00583778	0.00594181
0.00451315	0.00594889	0.00594181
0.00451315	0.00606	0.00594181
0.00451315	0.00617111	0.00594181
0.00451315	0.00628222	0.00594181
0.00451315	0.00639333	0.0059418
0.00451315	0.00650444	0.0059418
0.00458131	0.00561556	0.00606992
0.00458131	0.00572667	0.00606992
0.00458131	0.00583778	0.00606992
0.00458131	0.00594889	0.00606992
0.00458131	0.00606	0.00606992
0.00458131	0.00617111	0.00606992
0.0045813	0.00628222	0.00606992
0.0045813	0.00639333	0.00606992
0.0045813	0.00650444	0.00606992
0.00466299	0.00561556	0.0061899
0.00466299	0.00572667	0.0061899
0.00466299	0.00583778	0.0061899
0.00466299	0.00594889	0.0061899
0.00466299	0.00606	0.0061899
0.00466299	0.00617111	0.0061899
0.00466299	0.00628222	0.0061899
0.00466299	0.00639333	0.0061899
0.00466299	0.00650444	0.0061899
0.00475622	0.00561556	0.0063012
0.00475622	0.00572667	0.0063012
0.00475622	0.00583778	0.0063012
0.00475622	0.00594889	0.0063012
0.00475622	0.00606	0.0063012
0.00475622	0.00617111	0.0063012
0.00475622	0.00628222	0.0063012
0.00475622	0.00639333	0.0063012
0.00475622	0.00650444	0.0063012
0.00485907	0.00561556	0.00640371
0.00485907	0.00572667	0.00640372
0.00485907	0.00583778	0.00640371
0.00485907	0.00594889	0.00640371
0.00485907	0.00606	0.00640371
0.00485907	0.00617111	0.00640371
0.00485907	0.00628222	0.00640371
0.00485906	0.00639333	0.00640371
0.00485906	0.00650444	0.00640371
0.00497048	0.00561556	0.00649683
0.00497048	0.00572667	0.00649683
0.00497048	0.00583778	0.00649683
0.00497048	0.00594889	0.00649683
0.00497048	0.00606	0.00649683
0.00497048	0.00617111	0.00649683
0.00497048	0.00628222	0.00649683
0.00497048	0.00639333	0.00649683
0.00497048	0.00650444	0.00649683
0.00508905	0.00561556	0.00658073
0.00508905	0.00572667	0.00658073
0.00508905	0.00583778	0.00658073
0.00508905	0.00594889	0.00658073
0.00508905	0.00606	0.00658073
0.00508905	0.00617111	0.00658073
0.00508905	0.00628222	0.00658073
0.00508905	0.00639333	0.00658073
0.00508905	0.00650444	0.00658073
0.00521348	0.00561556	0.00665564
0.00521348	0.00572667	0.00665564
0.00521348	0.00583778	0.00665564
0.00521348	0.00594889	0.00665564
0.00521348	0.00606	0.00665564
0.00521348	0.00617111	0.00665564
0.00521348	0.00628222	0.00665564
0.00521348	0.00639333	0.00665564
0.00521348	0.00650444	0.00665564
0.00534292	0.00561556	0.00672159
0.00534292	0.00572667	0.00672159
0.00534292	0.00583778	0.00672159
0.00534292	0.00594889	0.00672159
0.00534292	0.00606	0.00672159
0.00534292	0.00617111	0.00672159
0.00534291	0.00628222	0.00672159
0.00534291	0.00639333	0.00672159
0.00534291	0.00650444	0.00672159
0.00547642	0.00561556	0.00677885
0.00547642	0.00572667	0.00677886
0.00547642	0.00583778	0.00677886
0.00547642	0.00594889	0.00677885
0.00547642	0.00606	0.00677885
0.00547642	0.00617111	0.00677885
0.00547642	0.00628222	0.00677885
0.00547642	0.00639333	0.00677885
0.00547642	0.00650444	0.00677885
0.0056133	0.00561556	0.00682754
0.0056133	0.00572667	0.00682754
0.0056133	0.00583778	0.00682754
0.0056133	0.00594889	0.00682754
0.0056133	0.00606	0.00682754
0.0056133	0.00617111	0.00682754
0.0056133	0.00628222	0.00682754
0.0056133	0.00639333	0.00682754
0.0056133	0.00650444	0.00682754
0.00575287	0.00561556	0.00686786
0.00575287	0.00572667	0.00686786
0.00575287	0.00583778	0.00686786
0.00575287	0.00594889	0.00686786
0.00575287	0.00606	0.00686786
0.00575287	0.00617111	0.00686786
0.00575287	0.00628222	0.00686786
0.00575287	0.00639333	0.00686786
0.00575287	0.00650444	0.00686786
0.00589457	0.00561556	0.00689991
0.00589458	0.00572667	0.00689991
0.00589458	0.00583778	0.00689991
0.00589458	0.00594889	0.00689991
0.00589458	0.00606	0.00689991
0.00589457	0.00617111	0.00689991
0.00589457	0.00628222	0.00689991
0.00589457	0.00639333	0.00689991
0.00589458	0.00650444	0.00689991
0.00603787	0.00561556	0.00692389
0.00603787	0.00572667	0.00692389
0.00603787	0.00583778	0.00692389
0.00603787	0.00594889	0.00692389
0.00603787	0.00606	0.00692389
0.00603787	0.00617111	0.00692389
0.00603787	0.00628222	0.00692389
0.00603787	0.00639333	0.00692389
0.00603787	0.00650444	0.00692389
0.00618229	0.00561556	0.00693977
0.00618229	0.00572667	0.00693977
0.00618229	0.00583778	0.00693977
0.00618229	0.00594889	0.00693977
0.00618229	0.00606	0.00693977
0.00618229	0.00617111	0.00693977
0.00618229	0.00628222	0.00693977
0.00618229	0.00639333	0.00693977
0.00618229	0.00650444	0.00693977
0.00632736	0.00561556	0.00694783
0.00632736	0.00572667	0.00694783
0.00632736	0.00583778	0.00694783
0.00632736	0.00594889	0.00694783
0.00632736	0.00606	0.00694783
0.00632736	0.00617111	0.00694783
0.00632736	0.00628222	0.00694783
0.00632736	0.00639333	0.00694783
0.00632736	0.00650444	0.00694783
0.00839518	0.00561556	0.00552251
0.00839518	0.00572667	0.00552251
0.00839518	0.00583778	0.00552251
0.00839518	0.00594889	0.00552251
0.00839518	0.00606	0.00552251
0.00839518	0.00617111	0.00552251
0.00839518	0.00628222	0.00552251
0.00839518	0.00639333	0.00552251
0.00839518	0.00650444	0.00552251
0.00837643	0.00561556	0.00566635
0.00837643	0.00572667	0.00566635
0.00837643	0.00583778	0.00566635
0.00837643	0.00594889	0.00566635
0.00837643	0.00606	0.00566635
0.00837643	0.00617111	0.00566635
0.00837643	0.00628222	0.00566635
0.00837643	0.00639333	0.00566635
0.00837643	0.00650444	0.00566635
0.00833991	0.00561556	0.00580675
0.00833991	0.00572667	0.00580675
0.00833991	0.00583778	0.00580675
0.00833991	0.00594889	0.00580675
0.00833991	0.00606	0.00580675
0.00833991	0.00617111	0.00580675
0.00833991	0.00628222	0.00580675
0.00833991	0.00639333	0.00580675
0.00833991	0.00650444	0.00580675
0.00828686	0.00561556	0.00594181
0.00828686	0.00572667	0.00594181
0.00828686	0.00583778	0.00594181
0.00828686	0.00594889	0.00594181
0.00828686	0.00606	0.00594181
0.00828686	0.00617111	0.00594181
0.00828686	0.00628222	0.00594181
0.00828686	0.00639333	0.00594181
0.00828686	0.00650444	0.00594181
0.0082187	0.00561556	0.00606992
0.0082187	0.00572667	0.00606992
0.0082187	0.00583778	0.00606992
0.0082187	0.00594889	0.00606992
0.0082187	0.00606	0.00606992
0.0082187	0.00617111	0.00606992
0.0082187	0.00628222	0.00606992
0.0082187	0.00639333	0.00606992
0.0082187	0.00650444	0.00606992
0.00813701	0.00561556	0.0061899
0.00813701	0.00572667	0.0061899
0.00813701	0.00583778	0.0061899
0.00813701	0.00594889	0.0061899
0.00813701	0.00606	0.0061899
0.00813701	0.00617111	0.0061899
0.00813701	0.00628222	0.0061899
0.00813701	0.00639333	0.0061899
0.00813701	0.00650444	0.0061899
0.00804379	0.00561556	0.0063012
0.00804379	0.00572667	0.0063012
0.00804379	0.00583778	0.0063012
0.00804379	0.00594889	0.0063012
0.00804379	0.00606	0.0063012
0.00804379	0.00617111	0.0063012
0.00804379	0.00628222	0.0063012
0.00804379	0.00639333	0.0063012
0.00804379	0.00650444	0.0063012
0.00794094	0.00561556	0.00640372
0.00794094	0.00572667	0.00640372
0.00794094	0.00583778	0.00640372
0.00794094	0.00594889	0.00640372
0.00794094	0.00606	0.00640372
0.00794094	0.00617111	0.00640372
0.00794094	0.00628222	0.00640372
0.00794094	0.00639333	0.00640372
0.00794094	0.00650444	0.00640372
0.00782953	0.00561556	0.00649683
0.00782953	0.00572667	0.00649683
0.00782953	0.00583778	0.00649683
0.00782953	0.00594889	0.00649683
0.00782953	0.00606	0.00649683
0.00782953	0.00617111	0.00649683
0.00782953	0.00628222	0.00649683
0.00782953	0.00639333	0.00649683
0.00782953	0.00650444	0.00649683
0.00771095	0.00561556	0.00658073
0.00771095	0.00572667	0.00658073
0.00771095	0.00583778	0.00658073
0.00771095	0.00594889	0.00658073
0.00771095	0.00606	0.00658073
0.00771095	0.00617111	0.00658073
0.00771095	0.00628222	0.00658073
0.00771095	0.00639333	0.00658073
0.00771095	0.00650444	0.00658073
0.00758652	0.00561556	0.00665565
0.00758652	0.00572667	0.00665565
0.00758652	0.00583778	0.00665565
0.00758652	0.00594889	0.00665565
0.00758652	0.00606	0.00665565
0.00758652	0.00617111	0.00665565
0.00758652	0.00628222	0.00665565
0.00758652	0.00639333	0.00665565
0.00758652	0.00650444	0.00665565
0.00745709	0.00561556	0.0067216
0.00745709	0.00572667	0.0067216
0.00745709	0.00583778	0.0067216
0.00745709	0.00594889	0.0067216
0.00745709	0.00606	0.0067216
0.00745709	0.00617111	0.0067216
0.00745709	0.00628222	0.0067216
0.00745709	0.00639333	0.0067216
0.00745709	0.00650444	0.0067216
0.00732358	0.00561556	0.00677886
0.00732358	0.00572667	0.00677886
0.00732358	0.00583778	0.00677886
0.00732358	0.00594889	0.00677886
0.00732358	0.00606	0.00677886
0.00732358	0.00617111	0.00677886
0.00732358	0.00628222	0.00677886
0.00732358	0.00639333	0.00677886
0.00732358	0.00650444	0.00677886
0.0071867	0.00561556	0.00682754
0.0071867	0.00572667	0.00682754
0.0071867	0.00583778	0.00682754
0.0071867	0.00594889	0.00682754
0.0071867	0.00606	0.00682754
0.0071867	0.00617111	0.00682754
0.0071867	0.00628222	0.00682754
0.0071867	0.00639333	0.00682754
0.00718671	0.00650444	0.00682754
0.00704713	0.00561556	0.00686786
0.00704713	0.00572667	0.00686786
0.00704713	0.00583778	0.00686786
0.00704713	0.00594889	0.00686786
0.00704713	0.00606	0.00686786
0.00704713	0.00617111	0.00686786
0.00704713	0.00628222	0.00686786
0.00704713	0.00639333	0.00686786
0.00704713	0.00650444	0.00686786
0.00690542	0.00561556	0.00689991
0.00690542	0.00572667	0.00689991
0.00690542	0.00583778	0.00689991
0.00690542	0.00594889	0.00689991
0.00690542	0.00606	0.00689991
0.00690542	0.00617111	0.00689991
0.00690542	0.00628222	0.00689991
0.00690542	0.00639333	0.00689991
0.00690542	0.00650444	0.00689991
0.00676213	0.00561556	0.00692389
0.00676213	0.00572667	0.00692389
0.00676213	0.00583778	0.00692389
0.00676213	0.00594889	0.00692389
0.00676213	0.00606	0.00692389
0.00676213	0.00617111	0.00692389
0.00676213	0.00628222	0.00692389
0.00676213	0.00639333	0.00692389
0.00676213	0.00650444	0.00692389
0.00661771	0.00561556	0.00693977
0.00661771	0.00572667	0.00693977
0.00661771	0.00583778	0.00693977
0.00661771	0.00594889	0.00693977
0.00661771	0.00606	0.00693977
0.00661771	0.00617111	0.00693977
0.00661771	0.00628222	0.00693977
0.00661771	0.00639333	0.00693977
0.00661771	0.00650444	0.00693977
0.00647264	0.00561556	0.00694783
0.00647264	0.00572667	0.00694783
0.00647264	0.00583778	0.00694783
0.00647264	0.00594889	0.00694783
0.00647264	0.00606	0.00694783
0.00647264	0.00617111	0.00694783
0.00647264	0.00628222	0.00694783
0.00647264	0.00639333	0.00694783
0.00647264	0.00650444	0.00694783
