0.00641672	0.00558775	0.00273413
0.00641672	0.00569888	0.00273413
0.0064167	0.00581	0.00273413
0.00641677	0.00592109	0.00273417
0.00641666	0.00603219	0.00273418
0.0064166	0.00614326	0.00273419
0.00641666	0.00625428	0.00273418
0.00641678	0.0063652	0.00273422
0.00641712	0.00647571	0.00273375
0.00663854	0.00558775	0.00270143
0.00663854	0.00569889	0.00270143
0.00663854	0.00580999	0.00270143
0.00663852	0.0059211	0.00270143
0.00663852	0.00603219	0.00270143
0.00663852	0.00614326	0.00270142
0.00663852	0.00625429	0.00270142
0.00663844	0.00636521	0.00270142
0.00663796	0.00647614	0.00270197
0.00686269	0.00558775	0.00268905
0.00686269	0.00569888	0.00268905
0.00686271	0.00580999	0.00268905
0.00686269	0.00592109	0.00268906
0.00686269	0.00603219	0.00268905
0.00686269	0.00614326	0.00268905
0.00686272	0.00625429	0.00268904
0.00686265	0.00636521	0.00268906
0.00686217	0.00647621	0.00269001
0.00708665	0.00558775	0.00269544
0.00708666	0.00569889	0.00269544
0.00708665	0.00580999	0.00269544
0.00708661	0.00592109	0.00269542
0.00708661	0.00603218	0.00269542
0.00708661	0.00614325	0.00269542
0.00708663	0.00625426	0.00269541
0.0070866	0.00636515	0.00269533
0.0070868	0.00647614	0.00269577
0.00733381	0.00558775	0.00272093
0.00733382	0.00569888	0.00272093
0.00733382	0.00580999	0.00272093
0.00733375	0.00592109	0.00272094
0.00733374	0.00603218	0.00272094
0.00733373	0.00614325	0.00272094
0.00733379	0.00625426	0.00272093
0.00733374	0.00636519	0.0027209
0.00733339	0.00647605	0.00272082
0.00755472	0.00558775	0.0027587
0.00755473	0.00569889	0.0027587
0.00755473	0.00581	0.0027587
0.00755473	0.00592109	0.0027587
0.00755473	0.00603219	0.0027587
0.00755473	0.00614327	0.0027587
0.00755473	0.00625431	0.0027587
0.00755467	0.00636528	0.00275877
0.00755393	0.00647646	0.00275901
0.00777659	0.00558775	0.00281506
0.0077766	0.00569888	0.00281505
0.0077766	0.00580999	0.00281505
0.0077766	0.00592109	0.00281505
0.0077766	0.00603217	0.00281505
0.0077766	0.00614324	0.00281505
0.00777665	0.00625424	0.00281504
0.0077767	0.00636515	0.00281503
0.00777594	0.00647579	0.00281467
0.00801672	0.00558776	0.00289406
0.00801674	0.00569889	0.00289405
0.00801674	0.00581	0.00289405
0.00801674	0.0059211	0.00289405
0.00801674	0.00603219	0.00289405
0.00801674	0.00614327	0.00289405
0.00801667	0.00625432	0.00289401
0.00801634	0.00636531	0.00289385
0.00801287	0.00647617	0.00289233
0.00823442	0.00558775	0.00297355
0.00823444	0.00569888	0.00297355
0.00823444	0.00580999	0.00297355
0.00823444	0.00592109	0.00297355
0.00823444	0.00603218	0.00297355
0.00823445	0.00614325	0.00297355
0.00823446	0.00625426	0.00297353
0.00823415	0.00636516	0.00297338
0.00823331	0.00647523	0.00297266
0.00847044	0.00558777	0.00307484
0.00847044	0.00569889	0.00307484
0.00847044	0.00580999	0.00307483
0.00847044	0.00592109	0.00307483
0.00847044	0.00603218	0.00307483
0.00847045	0.00614325	0.00307483
0.00847046	0.00625427	0.00307483
0.00847047	0.00636518	0.00307481
0.00847039	0.00647513	0.00307438
0.00870812	0.00558776	0.0031903
0.00870814	0.00569888	0.0031903
0.00870813	0.00580999	0.0031903
0.00870814	0.00592109	0.0031903
0.00870814	0.00603219	0.0031903
0.00870815	0.00614326	0.0031903
0.00870817	0.00625429	0.0031903
0.00870809	0.00636522	0.00319027
0.00870738	0.00647459	0.00318872
0.00895481	0.00558777	0.00331971
0.0089548	0.00569888	0.00331971
0.0089548	0.00580999	0.00331971
0.0089548	0.00592109	0.00331971
0.0089548	0.00603217	0.0033197
0.00895481	0.00614322	0.0033197
0.00895482	0.00625419	0.0033197
0.00895485	0.00636499	0.00331967
0.00895639	0.00647416	0.00331854
0.00923038	0.00558776	0.00346808
0.00923038	0.00569888	0.0034681
0.00923038	0.00580999	0.0034681
0.00923038	0.00592109	0.00346809
0.00923038	0.00603218	0.00346809
0.00923038	0.00614324	0.00346809
0.0092304	0.00625424	0.00346809
0.00923043	0.0063651	0.00346809
0.00923097	0.00647395	0.00346631
0.00950756	0.00558776	0.00361899
0.00950754	0.00569888	0.00361898
0.00950754	0.00580999	0.00361898
0.00950754	0.00592108	0.00361898
0.00950755	0.00603216	0.00361898
0.00950756	0.0061432	0.00361897
0.00950757	0.00625417	0.00361896
0.00950761	0.00636496	0.00361892
0.00950812	0.00647324	0.00361622
0.00981815	0.00558775	0.00379937
0.00981816	0.00569888	0.00379938
0.00981816	0.00580998	0.00379938
0.00981816	0.00592107	0.00379938
0.00981817	0.00603214	0.00379938
0.00981818	0.00614315	0.00379937
0.00981822	0.00625404	0.00379934
0.00981833	0.0063647	0.00379928
0.00981872	0.00647253	0.00379954
0.0101095	0.00558776	0.00403932
0.0101094	0.00569888	0.0040393
0.0101094	0.00580997	0.0040393
0.0101094	0.00592104	0.00403929
0.0101095	0.00603208	0.00403929
0.0101095	0.00614301	0.00403931
0.0101097	0.00625373	0.00403918
0.01011	0.00636407	0.00403904
0.0101088	0.00647072	0.00403994
0.0103437	0.00558775	0.00438596
0.0103437	0.00569888	0.00438595
0.0103437	0.00580997	0.00438596
0.0103437	0.00592105	0.00438595
0.0103437	0.00603208	0.00438595
0.0103436	0.00614302	0.00438563
0.0103435	0.00625378	0.00438536
0.0103437	0.00636421	0.0043851
0.0103432	0.00647034	0.00438575
0.0104576	0.00558776	0.00474389
0.0104575	0.00569887	0.00474393
0.0104576	0.00580996	0.00474393
0.0104576	0.00592102	0.00474394
0.0104576	0.00603203	0.00474393
0.0104576	0.00614291	0.00474393
0.0104577	0.00625352	0.00474388
0.010458	0.00636368	0.0047438
0.0104595	0.00646862	0.00474567
0.0104613	0.00558775	0.00518642
0.0104613	0.00569888	0.00518646
0.0104613	0.00580998	0.00518646
0.0104613	0.00592107	0.00518646
0.0104613	0.00603214	0.00518647
0.0104613	0.00614318	0.00518647
0.0104613	0.00625412	0.00518653
0.0104614	0.0063649	0.00518658
0.0104624	0.00647087	0.00518503
0.00629992	0.00558776	0.0027574
0.00629992	0.00569888	0.00275739
0.00629988	0.00581	0.00275742
0.00629984	0.0059211	0.00275748
0.00629971	0.00603218	0.0027575
0.00629964	0.00614326	0.00275752
0.00629969	0.00625428	0.0027575
0.00629951	0.00636519	0.00275755
0.00630096	0.00647586	0.00275751
0.00609411	0.00558777	0.00280785
0.00609411	0.00569889	0.00280785
0.00609411	0.00581	0.00280786
0.00609412	0.00592111	0.00280789
0.00609415	0.00603221	0.00280792
0.00609415	0.0061433	0.00280793
0.00609415	0.00625438	0.0028079
0.00609415	0.00636545	0.00280788
0.00609426	0.00647647	0.00280755
0.00589076	0.00558775	0.00286106
0.00589076	0.00569888	0.00286106
0.00589074	0.00580999	0.00286107
0.00589057	0.0059211	0.00286119
0.00589039	0.00603218	0.00286124
0.00589038	0.00614324	0.00286124
0.00589049	0.00625422	0.00286119
0.00589118	0.00636502	0.00286075
0.00588957	0.00647474	0.00286045
0.00566938	0.00558777	0.00293384
0.00566937	0.00569889	0.00293384
0.00566934	0.00580999	0.00293386
0.00566927	0.00592108	0.00293393
0.00566921	0.00603219	0.00293396
0.0056692	0.00614327	0.00293396
0.00566942	0.00625432	0.00293389
0.00566951	0.00636528	0.00293389
0.00567451	0.00647549	0.00293308
0.00546635	0.00558777	0.00301448
0.00546635	0.00569889	0.00301448
0.00546636	0.00580999	0.00301448
0.00546637	0.0059211	0.00301447
0.00546638	0.0060322	0.00301446
0.00546638	0.00614329	0.00301446
0.00546637	0.00625435	0.00301447
0.00546629	0.00636535	0.00301454
0.00546697	0.00647521	0.00301645
0.00527819	0.00558777	0.0030972
0.00527818	0.00569889	0.0030972
0.00527818	0.00580999	0.0030972
0.00527823	0.00592111	0.00309713
0.00527825	0.0060322	0.00309711
0.00527825	0.00614329	0.00309711
0.00527817	0.00625435	0.00309715
0.005278	0.00636535	0.00309723
0.00527876	0.00647524	0.00309773
0.00507096	0.00558777	0.00319141
0.00507094	0.00569889	0.00319141
0.00507094	0.00581	0.00319141
0.00507094	0.00592111	0.00319141
0.00507094	0.00603221	0.00319141
0.00507094	0.00614331	0.00319142
0.00507085	0.00625439	0.00319147
0.00507081	0.00636549	0.0031916
0.00506944	0.00647482	0.00319427
0.00489801	0.00558777	0.00326644
0.00489801	0.00569888	0.00326644
0.00489801	0.00580999	0.00326644
0.00489801	0.0059211	0.00326644
0.00489801	0.0060322	0.00326644
0.004898	0.00614328	0.00326644
0.004898	0.00625434	0.00326644
0.00489797	0.00636534	0.00326639
0.00490243	0.00647421	0.00326609
0.00470254	0.00558777	0.00335492
0.00470253	0.00569889	0.00335492
0.00470254	0.00580999	0.00335492
0.00470253	0.0059211	0.00335492
0.00470253	0.0060322	0.00335492
0.00470253	0.00614328	0.00335492
0.00470249	0.00625431	0.00335493
0.00470183	0.00636529	0.00335514
0.00470816	0.00647336	0.00335188
0.00450191	0.00558776	0.00344738
0.00450183	0.00569888	0.00344744
0.00450183	0.00580999	0.00344744
0.00450183	0.0059211	0.00344744
0.00450183	0.00603221	0.00344744
0.00450183	0.00614332	0.00344745
0.00450186	0.00625442	0.00344744
0.00450191	0.00636555	0.00344741
0.00450445	0.00647464	0.00344623
0.00430758	0.00558777	0.00353367
0.0043076	0.00569889	0.00353366
0.0043076	0.00580999	0.00353366
0.0043076	0.0059211	0.00353366
0.00430759	0.00603218	0.00353366
0.00430759	0.00614324	0.00353365
0.00430769	0.00625425	0.0035336
0.0043082	0.00636509	0.00353322
0.00430656	0.0064724	0.00353283
0.00408069	0.00558775	0.00364686
0.00408068	0.00569888	0.00364686
0.00408068	0.00580999	0.00364686
0.00408068	0.00592108	0.00364686
0.00408068	0.00603216	0.00364686
0.00408067	0.00614319	0.00364686
0.00408063	0.00625414	0.00364685
0.00408073	0.0063649	0.00364666
0.00407904	0.00647225	0.00364734
0.00387287	0.00558776	0.00379902
0.00387287	0.00569888	0.00379902
0.00387287	0.00580999	0.00379902
0.00387287	0.00592108	0.00379902
0.00387287	0.00603216	0.00379901
0.00387285	0.00614319	0.00379901
0.00387283	0.00625412	0.00379899
0.00387278	0.00636485	0.00379892
0.00387279	0.0064722	0.00379993
0.0036968	0.00558776	0.00399637
0.00369681	0.00569888	0.00399636
0.00369682	0.00580998	0.00399636
0.00369681	0.00592108	0.00399636
0.00369681	0.00603215	0.00399635
0.0036968	0.00614318	0.00399635
0.00369679	0.0062541	0.00399632
0.00369675	0.00636481	0.00399625
0.00369753	0.00647239	0.00399544
0.00355302	0.00558776	0.00423452
0.00355302	0.00569888	0.00423451
0.00355302	0.00580999	0.00423451
0.00355301	0.00592108	0.00423451
0.00355301	0.00603216	0.00423451
0.00355301	0.00614318	0.00423447
0.00355304	0.00625413	0.00423434
0.00355298	0.00636488	0.00423434
0.00355198	0.00647269	0.00423397
0.00343973	0.00558776	0.00449932
0.00343973	0.00569888	0.00449931
0.00343973	0.00580998	0.00449931
0.00343973	0.00592108	0.00449931
0.00343972	0.00603215	0.00449931
0.00343973	0.00614319	0.00449927
0.00343977	0.00625413	0.00449914
0.0034397	0.0063649	0.00449919
0.00343856	0.00647281	0.00449809
0.00336316	0.00558776	0.00473656
0.00336317	0.00569888	0.00473656
0.00336317	0.00580999	0.00473656
0.00336316	0.00592108	0.00473656
0.00336316	0.00603217	0.00473656
0.00336315	0.00614322	0.00473656
0.00336313	0.00625421	0.00473656
0.00336309	0.00636506	0.00473659
0.00336262	0.0064735	0.00473729
0.00331053	0.00558776	0.00499752
0.00331052	0.00569888	0.00499749
0.00331052	0.00580998	0.00499749
0.00331052	0.00592106	0.00499748
0.00331051	0.00603212	0.00499748
0.0033105	0.00614312	0.00499748
0.00331047	0.00625401	0.00499746
0.00331039	0.00636465	0.00499747
0.00330985	0.00647209	0.00499787
0.00329109	0.00558775	0.00527335
0.00329109	0.00569889	0.00527337
0.00329109	0.00580999	0.00527337
0.00329109	0.00592109	0.00527337
0.00329109	0.00603218	0.00527337
0.00329108	0.00614326	0.00527339
0.00329108	0.00625428	0.00527341
0.00329105	0.00636523	0.00527346
0.00329114	0.00647343	0.00527288
0.00329176	0.00558775	0.00552045
0.00329176	0.00569889	0.00552044
0.00329176	0.00580999	0.00552044
0.00329176	0.00592108	0.00552045
0.00329175	0.00603217	0.00552045
0.00329175	0.00614323	0.00552046
0.00329174	0.00625423	0.00552049
0.00329171	0.00636512	0.00552054
0.00329182	0.00647342	0.00552045
0.00330266	0.00558776	0.00576955
0.00330266	0.00569888	0.00576955
0.00330266	0.00580998	0.00576955
0.00330265	0.00592108	0.00576955
0.00330265	0.00603215	0.00576955
0.00330264	0.00614319	0.00576956
0.00330263	0.00625414	0.00576958
0.00330258	0.00636494	0.00576962
0.0033226	0.00655943	0.00589219
0.00333397	0.00558775	0.00601747
0.00333397	0.00569889	0.00601748
0.00333397	0.00580999	0.00601748
0.00333396	0.00592109	0.00601749
0.00333396	0.00603219	0.00601749
0.00333396	0.00614326	0.00601751
0.00333396	0.0062543	0.00601754
0.00333396	0.00636526	0.00601761
0.00336766	0.00656707	0.00612103
0.00338874	0.00558776	0.00624481
0.00338874	0.00569888	0.0062448
0.00338874	0.00580998	0.0062448
0.00338874	0.00592107	0.0062448
0.00338874	0.00603214	0.00624481
0.00338872	0.00614314	0.00624483
0.00338871	0.00625404	0.00624486
0.00338867	0.00636471	0.00624493
0.00344419	0.00655781	0.00636686
0.00349066	0.00558777	0.00650595
0.00349068	0.00569888	0.00650599
0.00349068	0.00580998	0.00650598
0.00349068	0.00592108	0.00650599
0.00349068	0.00603215	0.006506
0.00349067	0.00614317	0.00650601
0.00349066	0.00625411	0.00650603
0.00349062	0.00636484	0.00650608
0.00355346	0.00655455	0.00662139
0.00361762	0.00558776	0.00675053
0.00361761	0.00569888	0.00675053
0.00361761	0.00580998	0.00675053
0.00361761	0.00592107	0.00675053
0.00361761	0.00603214	0.00675054
0.0036176	0.00614316	0.00675055
0.00361758	0.00625408	0.00675057
0.00361755	0.00636476	0.00675063
0.00370296	0.00655791	0.00686076
0.00379006	0.00558778	0.00697288
0.00379049	0.00569888	0.00697316
0.00379048	0.00580998	0.00697316
0.00379048	0.00592106	0.00697317
0.00379047	0.00603212	0.00697317
0.00379046	0.0061431	0.00697319
0.00379038	0.00625393	0.00697319
0.00379314	0.00636459	0.00697508
0.00390033	0.00655676	0.007055
0.00401177	0.00558775	0.00714187
0.00401217	0.00569888	0.00714213
0.00401216	0.00580999	0.00714213
0.00401215	0.00592108	0.00714213
0.00401215	0.00603215	0.00714213
0.00401214	0.00614317	0.00714214
0.00401208	0.00625408	0.00714215
0.00401442	0.00636457	0.00714374
0.00413026	0.00655737	0.00721295
0.00424891	0.00558777	0.00728268
0.00424889	0.00569889	0.00728267
0.00424889	0.00581	0.00728267
0.00424889	0.0059211	0.00728267
0.00424889	0.00603219	0.00728268
0.00424889	0.00614326	0.00728268
0.0042489	0.00625428	0.00728269
0.00424924	0.00636524	0.00728287
0.00435489	0.00655346	0.0073369
0.00445476	0.00558776	0.00740124
0.00445475	0.00569889	0.00740123
0.00445474	0.00580999	0.00740123
0.00445474	0.0059211	0.00740123
0.00445475	0.00603219	0.00740124
0.00445475	0.00614327	0.00740124
0.00445474	0.00625432	0.00740125
0.0044544	0.00636527	0.00740124
0.00455476	0.00655304	0.00744797
0.00464641	0.00558777	0.00750844
0.00464638	0.00569889	0.00750844
0.00464638	0.00581	0.00750844
0.00464638	0.0059211	0.00750844
0.00464639	0.0060322	0.00750845
0.00464639	0.00614329	0.00750845
0.00464641	0.00625435	0.00750845
0.00464745	0.00636543	0.00750862
0.0047491	0.00655394	0.00755759
0.0048303	0.00558776	0.00761283
0.0048303	0.00569888	0.00761283
0.00483037	0.00581	0.00761288
0.00483039	0.0059211	0.00761291
0.00483039	0.00603219	0.00761291
0.00483039	0.00614327	0.00761291
0.00483035	0.00625433	0.0076129
0.00483045	0.00636526	0.00761312
0.00493279	0.00655452	0.00766519
0.00501111	0.00558777	0.00771425
0.0050111	0.00569889	0.00771426
0.00501097	0.00580999	0.00771413
0.00501091	0.0059211	0.00771409
0.00501091	0.00603221	0.00771409
0.00501092	0.0061433	0.00771409
0.00501032	0.0062544	0.00771375
0.00500925	0.00636552	0.00771271
0.00509649	0.00655398	0.00775012
0.00517724	0.00558775	0.00780766
0.00517722	0.00569888	0.00780765
0.00517723	0.00580999	0.00780762
0.00517724	0.00592111	0.00780762
0.00517735	0.00603221	0.00780762
0.00517741	0.00614329	0.00780762
0.00517762	0.00625435	0.00780777
0.00517824	0.00636541	0.0078082
0.00526724	0.00655616	0.00784324
0.00535205	0.00558775	0.0079054
0.00535205	0.00569889	0.00790539
0.00535206	0.00580999	0.0079054
0.00535173	0.00592111	0.00790516
0.00540076	0.00605978	0.00793277
0.00540128	0.00617099	0.00793301
0.00539992	0.00628224	0.00793219
0.00535465	0.00636547	0.00790685
0.00544813	0.0065545	0.00794854
0.00552956	0.00558775	0.00800376
0.00552963	0.0056989	0.0080038
0.00552976	0.00580999	0.00800386
0.00552983	0.0059211	0.00800385
0.00553088	0.00603216	0.00800477
0.0055312	0.00614332	0.00800505
0.00553074	0.0062544	0.00800486
0.00557642	0.00639257	0.00803038
0.00558225	0.00653231	0.00802482
0.00570739	0.00558776	0.00810497
0.00570743	0.00569887	0.00810499
0.00570794	0.00581	0.00810529
0.00570802	0.00592109	0.00810532
0.00570827	0.00603219	0.00810544
0.00570848	0.00614328	0.00810557
0.00570836	0.00625438	0.00810552
0.00570722	0.00636477	0.00810448
0.0057999	0.00655396	0.00813645
0.00589202	0.00558776	0.00819465
0.00589202	0.00569889	0.00819465
0.00589202	0.00580999	0.00819465
0.00589202	0.0059211	0.00819466
0.00589159	0.00603218	0.00819442
0.00589186	0.00614326	0.00819462
0.00589187	0.00625428	0.00819463
0.0058918	0.00636517	0.00819458
0.00600482	0.006552	0.00821801
0.00611883	0.00558776	0.00827157
0.00611884	0.00569888	0.00827157
0.00611884	0.00580999	0.00827157
0.00611884	0.00592109	0.00827158
0.00611869	0.0060322	0.00827146
0.00611865	0.00614326	0.00827144
0.00611868	0.00625427	0.00827147
0.00611883	0.00636514	0.00827167
0.00623683	0.00655569	0.0082857
0.0104544	0.00558775	0.0055557
0.0104544	0.00569888	0.00555569
0.0104544	0.00580998	0.00555569
0.0104544	0.00592107	0.0055557
0.0104544	0.00603213	0.0055557
0.0104544	0.00614315	0.00555571
0.0104545	0.00625405	0.00555574
0.0104545	0.00636476	0.00555578
0.0104551	0.00647067	0.0055561
0.0104444	0.00558775	0.00594834
0.0104444	0.00569888	0.00594834
0.0104444	0.00580998	0.00594834
0.0104444	0.00592106	0.00594834
0.0104444	0.00603213	0.00594835
0.0104444	0.00614313	0.00594847
0.0104444	0.00625403	0.00594883
0.0104445	0.00636471	0.00594898
0.0104039	0.00658789	0.00594067
0.010422	0.00558774	0.00631105
0.010422	0.00569887	0.00631104
0.010422	0.00580997	0.00631105
0.010422	0.00592104	0.00631105
0.010422	0.00603207	0.00631106
0.010422	0.006143	0.00631108
0.0104221	0.00625372	0.00631111
0.0104223	0.00636407	0.00631119
0.0103799	0.00658444	0.00630928
0.0103082	0.00558775	0.00672238
0.0103082	0.00569887	0.0067224
0.0103082	0.00580997	0.00672241
0.0103082	0.00592103	0.00672241
0.0103082	0.00603205	0.00672242
0.0103082	0.00614294	0.00672244
0.0103083	0.00625359	0.00672249
0.0103089	0.00636381	0.00672265
0.0102642	0.00657769	0.00669412
0.01008	0.00558776	0.00701801
0.0100796	0.00569888	0.00701817
0.0100796	0.00580998	0.00701817
0.0100799	0.00592104	0.00701803
0.01008	0.00603208	0.00701799
0.0100801	0.00614302	0.00701801
0.0100801	0.00625376	0.00701808
0.0100806	0.00636415	0.00701796
0.0100405	0.00657363	0.00699399
0.00976547	0.00558775	0.00725111
0.00976521	0.00569888	0.00725124
0.00976521	0.00580998	0.00725124
0.00976547	0.00592109	0.00725112
0.00976554	0.00603214	0.00725108
0.00976554	0.00614316	0.0072511
0.00976556	0.00625407	0.00725113
0.0097657	0.00636478	0.00725118
0.00974638	0.00656368	0.00723168
0.00945903	0.00558776	0.00741977
0.00945904	0.00569888	0.00741976
0.00945904	0.00580999	0.00741976
0.00945904	0.00592108	0.00741977
0.00945904	0.00603216	0.00741978
0.00945904	0.00614318	0.00741978
0.00945906	0.00625411	0.0074198
0.00945862	0.00636482	0.00742002
0.00944595	0.00656619	0.00741094
0.00915597	0.00558775	0.00757456
0.00915594	0.00569888	0.00757457
0.00915594	0.00580999	0.00757457
0.00915594	0.00592109	0.00757457
0.00915594	0.00603218	0.00757458
0.00915594	0.00614325	0.00757459
0.00915594	0.00625426	0.0075746
0.00915592	0.00636513	0.0075746
0.00915383	0.00655725	0.00756391
0.0088915	0.00558777	0.00770429
0.00889149	0.00569888	0.0077043
0.0088915	0.00580999	0.0077043
0.00889149	0.00592109	0.0077043
0.00889149	0.00603218	0.0077043
0.0088915	0.00614323	0.00770431
0.00889149	0.00625421	0.00770433
0.00889177	0.00636501	0.00770421
0.00888613	0.00655723	0.00769715
0.00863048	0.00558777	0.00782397
0.0086305	0.00569889	0.00782397
0.0086305	0.00580999	0.00782397
0.0086305	0.0059211	0.00782397
0.0086305	0.00603219	0.00782397
0.0086305	0.00614326	0.00782397
0.00863048	0.00625428	0.00782399
0.00863051	0.00636524	0.00782391
0.0086298	0.00655743	0.00781358
0.00838861	0.00558776	0.007927
0.00838861	0.00569888	0.00792701
0.00838861	0.00580999	0.00792701
0.00838861	0.00592109	0.00792701
0.00838861	0.00603218	0.00792701
0.00838864	0.00614323	0.00792701
0.00838863	0.00625424	0.00792702
0.00838851	0.00636508	0.00792711
0.00838567	0.00655393	0.00791789
0.00814716	0.00558776	0.00801741
0.00814718	0.00569889	0.00801741
0.00814718	0.00581	0.00801741
0.00814717	0.0059211	0.00801741
0.00814717	0.00603219	0.00801741
0.00814698	0.00614326	0.00801745
0.00814691	0.0062543	0.00801748
0.00814664	0.00636527	0.00801752
0.00814405	0.0065486	0.00801042
0.00791599	0.00558775	0.00809866
0.00791599	0.00569888	0.00809866
0.007916	0.00580999	0.00809866
0.00791599	0.00592109	0.00809867
0.00791607	0.00603218	0.00809866
0.00791595	0.00614325	0.00809869
0.00791595	0.00625427	0.00809869
0.0079159	0.00636518	0.00809878
0.00791483	0.00654582	0.00809302
0.00767955	0.00558776	0.0081792
0.00767956	0.00569889	0.0081792
0.00767956	0.00581	0.0081792
0.00767956	0.0059211	0.0081792
0.00767951	0.00603219	0.00817916
0.00767952	0.00614327	0.00817917
0.00767957	0.00625432	0.00817918
0.00767936	0.0063653	0.00817912
0.00767791	0.00654601	0.0081725
0.0074679	0.00558775	0.00824347
0.00746789	0.00569888	0.00824347
0.00746789	0.00580999	0.00824347
0.00746791	0.00592109	0.00824347
0.00746793	0.00603218	0.00824347
0.00746792	0.00614325	0.00824348
0.00746794	0.00625426	0.00824348
0.00746791	0.00636515	0.00824357
0.00745854	0.00655387	0.00823589
0.00721271	0.00558776	0.00829993
0.00721272	0.00569889	0.00829993
0.00721272	0.00581	0.00829993
0.00721271	0.0059211	0.00829992
0.00721284	0.00603218	0.00829991
0.00721274	0.00614324	0.00829993
0.00721277	0.00625426	0.00829994
0.00721267	0.00636513	0.00830001
0.00721283	0.00655289	0.00829067
0.00697616	0.00558775	0.00833657
0.00697615	0.00569888	0.00833657
0.00697615	0.00580999	0.00833657
0.00697615	0.00592109	0.00833657
0.00697615	0.00603218	0.00833658
0.00697614	0.00614325	0.00833657
0.00697615	0.00625426	0.00833658
0.00697611	0.00636516	0.00833659
0.00697598	0.0065505	0.00832277
0.00674221	0.00558775	0.00834967
0.00674221	0.00569889	0.00834967
0.00674221	0.00580999	0.00834967
0.00674221	0.00592109	0.00834968
0.00674223	0.00603218	0.00834968
0.00674222	0.00614323	0.0083497
0.00674246	0.00625424	0.00834937
0.00674244	0.00636507	0.00834934
0.00673548	0.00655322	0.00833594
0.00634697	0.00558775	0.00832594
0.00634697	0.00569888	0.00832594
0.00634697	0.00580999	0.00832594
0.00634697	0.00592109	0.00832594
0.00634698	0.00603217	0.00832596
0.00634702	0.00614322	0.00832604
0.00634707	0.0062542	0.00832607
0.00634719	0.00636495	0.00832615
0.00634583	0.00647537	0.00832294
0.00870814	0.00564333	0.0031903
0.00883014	0.00564333	0.00325395
0.00883015	0.00558777	0.00325395
0.00870814	0.00575444	0.0031903
0.00883014	0.00575444	0.00325395
0.00883014	0.00569889	0.00325395
0.00870814	0.00586555	0.0031903
0.00883014	0.00586555	0.00325395
0.00883014	0.00580999	0.00325395
0.00870814	0.00597665	0.0031903
0.00883014	0.00597664	0.00325395
0.00883014	0.00592109	0.00325395
0.00870815	0.00608773	0.0031903
0.00883015	0.00608773	0.00325394
0.00883014	0.00603219	0.00325394
0.00870816	0.00619879	0.0031903
0.00883014	0.00619878	0.00325393
0.00883014	0.00614326	0.00325394
0.00870814	0.00630978	0.00319029
0.00883014	0.00630975	0.00325392
0.00883014	0.00625428	0.00325393
0.00870816	0.00642063	0.00319026
0.0088302	0.00642059	0.00325387
0.00883014	0.00636518	0.0032539
0.00870353	0.00655456	0.00319749
0.00882322	0.00655488	0.00325937
0.00882968	0.00647464	0.00325211
0.0089548	0.00564333	0.00331971
0.00908837	0.00564333	0.00339145
0.00908837	0.00558776	0.00339144
0.0089548	0.00575444	0.00331971
0.00908837	0.00575444	0.00339145
0.00908837	0.00569888	0.00339145
0.0089548	0.00586554	0.00331971
0.00908837	0.00586554	0.00339145
0.00908837	0.00580999	0.00339145
0.0089548	0.00597663	0.0033197
0.00908837	0.00597663	0.00339144
0.00908837	0.00592108	0.00339145
0.0089548	0.0060877	0.0033197
0.00908837	0.0060877	0.00339144
0.00908837	0.00603217	0.00339144
0.00895481	0.00619872	0.0033197
0.00908837	0.00619872	0.00339144
0.00908837	0.00614322	0.00339144
0.00895483	0.00630962	0.00331969
0.00908838	0.00630961	0.00339144
0.00908838	0.00625419	0.00339144
0.00895498	0.00642031	0.00331968
0.00908849	0.0064203	0.00339145
0.0090884	0.00636498	0.00339142
0.00894828	0.00655426	0.0033244
0.00908294	0.00655537	0.0033968
0.00909057	0.00647382	0.00339048
0.00923038	0.00564333	0.00346809
0.00936836	0.00564333	0.003543
0.00936837	0.00558776	0.003543
0.00923038	0.00575444	0.0034681
0.00936836	0.00575444	0.003543
0.00936836	0.00569888	0.003543
0.00923038	0.00586554	0.00346809
0.00936836	0.00586554	0.003543
0.00936836	0.00580999	0.003543
0.00923038	0.00597664	0.00346809
0.00936836	0.00597663	0.003543
0.00936836	0.00592109	0.003543
0.00923038	0.00608771	0.00346809
0.00936837	0.0060877	0.003543
0.00936836	0.00603217	0.003543
0.00923039	0.00619875	0.00346809
0.00936836	0.00619873	0.00354298
0.00936836	0.00614322	0.00354299
0.00923041	0.00630969	0.00346809
0.00936837	0.00630966	0.00354296
0.00936837	0.00625421	0.00354298
0.00923043	0.0064205	0.00346808
0.00936843	0.00642047	0.00354291
0.00936837	0.00636505	0.00354294
0.00922047	0.00655618	0.00347223
0.00935689	0.006558	0.0035483
0.00936782	0.00647369	0.00354021
0.00950754	0.00564333	0.00361898
0.00966243	0.00564333	0.00370453
0.00966244	0.00558775	0.00370454
0.00950754	0.00575444	0.00361898
0.00966243	0.00575443	0.00370453
0.00966243	0.00569888	0.00370453
0.00950754	0.00586554	0.00361898
0.00966243	0.00586553	0.00370453
0.00966244	0.00580998	0.00370453
0.00950754	0.00597663	0.00361898
0.00966243	0.00597661	0.00370453
0.00966244	0.00592107	0.00370453
0.00950755	0.00608769	0.00361898
0.00966243	0.00608765	0.00370452
0.00966243	0.00603214	0.00370452
0.00950757	0.0061987	0.00361897
0.00966245	0.00619863	0.00370449
0.00966244	0.00614315	0.00370451
0.00950757	0.00630959	0.00361893
0.00966241	0.00630943	0.00370441
0.00966243	0.00625406	0.00370446
0.00950777	0.00642033	0.00361888
0.00966242	0.00641997	0.00370424
0.00966243	0.00636471	0.00370435
0.0094985	0.00656328	0.0036302
0.0096485	0.00656546	0.00371745
0.00966335	0.00647242	0.00370262
0.00981815	0.00564333	0.00379938
0.00996473	0.00564333	0.00390693
0.00996475	0.00558775	0.00390694
0.00981816	0.00575443	0.00379938
0.00996473	0.00575443	0.00390692
0.00996473	0.00569888	0.00390693
0.00981816	0.00586553	0.00379938
0.00996473	0.00586553	0.00390692
0.00996473	0.00580998	0.00390692
0.00981816	0.00597661	0.00379938
0.00996473	0.0059766	0.00390692
0.00996473	0.00592107	0.00390692
0.00981817	0.00608765	0.00379938
0.00996474	0.00608763	0.00390691
0.00996474	0.00603212	0.00390691
0.0098182	0.00619862	0.00379936
0.00996482	0.00619857	0.00390691
0.00996476	0.00614312	0.00390691
0.00981825	0.00630941	0.00379931
0.00996492	0.00630931	0.00390684
0.00996487	0.00625397	0.00390688
0.00981837	0.00641992	0.00379916
0.00996533	0.0064197	0.00390667
0.00996504	0.00636457	0.0039068
0.0097988	0.00656507	0.00381425
0.00994166	0.00656791	0.00392841
0.00996447	0.00647206	0.00390808
0.0101094	0.00564333	0.0040393
0.0102371	0.00564333	0.00419855
0.0102371	0.00558775	0.00419856
0.0101094	0.00575443	0.0040393
0.0102371	0.00575442	0.00419855
0.0102371	0.00569888	0.00419856
0.0101094	0.00586551	0.0040393
0.0102371	0.00586551	0.00419855
0.0102371	0.00580997	0.00419855
0.0101095	0.00597657	0.00403929
0.0102371	0.00597656	0.00419854
0.0102371	0.00592104	0.00419855
0.0101095	0.00608756	0.00403929
0.0102371	0.00608754	0.00419849
0.0102371	0.00603207	0.00419854
0.0101096	0.00619841	0.00403929
0.0102371	0.00619837	0.00419825
0.0102371	0.00614298	0.00419839
0.0101098	0.00630896	0.0040391
0.0102371	0.0063089	0.00419789
0.0102371	0.00625369	0.00419802
0.0101103	0.00641895	0.00403853
0.0102373	0.00641896	0.00419686
0.0102372	0.00636399	0.00419769
0.0100759	0.00657304	0.00406239
0.0101963	0.00657217	0.00421799
0.0102365	0.00647042	0.00419901
0.0103437	0.00564333	0.00438596
0.0104221	0.00564332	0.00456875
0.0104221	0.00558775	0.00456876
0.0103437	0.00575443	0.00438596
0.0104221	0.00575442	0.00456875
0.0104221	0.00569887	0.00456875
0.0103437	0.00586551	0.00438595
0.0104221	0.0058655	0.00456874
0.0104221	0.00580996	0.00456874
0.0103437	0.00597657	0.00438595
0.0104221	0.00597655	0.00456873
0.0104221	0.00592103	0.00456873
0.0103437	0.00608757	0.00438585
0.0104221	0.00608752	0.00456867
0.0104221	0.00603204	0.00456872
0.0103435	0.00619843	0.00438548
0.0104221	0.00619831	0.00456847
0.0104221	0.00614295	0.00456855
0.0103436	0.00630903	0.00438531
0.0104222	0.00630878	0.00456839
0.0104221	0.0062536	0.00456844
0.010344	0.00641931	0.00438496
0.0104228	0.00641882	0.00456833
0.0104224	0.00636387	0.00456823
0.0102979	0.0065679	0.00439691
0.0103709	0.00657446	0.00458285
0.0104217	0.00646968	0.00456815
0.0104575	0.00564332	0.00474393
0.0104638	0.00564332	0.00496287
0.0104638	0.00558775	0.00496278
0.0104575	0.00575442	0.00474393
0.0104638	0.00575442	0.00496288
0.0104638	0.00569888	0.00496288
0.0104576	0.00586549	0.00474394
0.0104638	0.00586551	0.00496288
0.0104638	0.00580997	0.00496288
0.0104576	0.00597654	0.00474393
0.0104638	0.00597657	0.00496288
0.0104638	0.00592104	0.00496288
0.0104576	0.00608749	0.00474393
0.0104638	0.00608757	0.00496288
0.0104638	0.00603208	0.00496288
0.0104576	0.00619826	0.0047439
0.0104638	0.00619844	0.00496283
0.0104638	0.00614303	0.00496286
0.0104578	0.00630867	0.00474385
0.0104639	0.00630906	0.0049628
0.0104639	0.00625379	0.00496281
0.0104583	0.00641864	0.00474362
0.0104641	0.00641939	0.00496256
0.010464	0.00636422	0.00496276
0.0104112	0.00658643	0.00477226
0.0104236	0.00658817	0.00497748
0.0104665	0.00646913	0.00496346
0.0104613	0.00564333	0.00518646
0.0104587	0.00564333	0.00537505
0.0104587	0.00558775	0.00537507
0.0104613	0.00575443	0.00518646
0.0104587	0.00575443	0.00537505
0.0104587	0.00569888	0.00537505
0.0104613	0.00586553	0.00518646
0.0104587	0.00586552	0.00537505
0.0104587	0.00580998	0.00537505
0.0104613	0.00597661	0.00518646
0.0104587	0.00597661	0.00537504
0.0104587	0.00592107	0.00537505
0.0104613	0.00608767	0.00518647
0.0104588	0.00608765	0.00537503
0.0104588	0.00603214	0.00537504
0.0104613	0.00619866	0.00518648
0.0104588	0.00619863	0.00537502
0.0104588	0.00614315	0.00537502
0.0104613	0.00630954	0.00518657
0.0104588	0.00630947	0.00537501
0.0104588	0.00625407	0.00537502
0.0104614	0.0064203	0.00518668
0.0104589	0.00642013	0.00537502
0.0104589	0.00636481	0.00537498
0.010419	0.00658705	0.00518644
0.0104139	0.00658451	0.00537442
0.010459	0.00647079	0.00537359
0.00419077	0.00636486	0.00358729
0.0041911	0.00642023	0.00358712
0.00430865	0.00642055	0.00353306
0.00418984	0.00647201	0.00358666
0.00420393	0.00656639	0.00360261
0.00431439	0.00656295	0.00354935
0.0039733	0.00558776	0.00371703
0.00397331	0.00564333	0.00371703
0.00408068	0.00564333	0.00364687
0.00397331	0.00569888	0.00371703
0.00397331	0.00575444	0.00371703
0.00408069	0.00575444	0.00364686
0.00397331	0.00580999	0.00371703
0.00397331	0.00586554	0.00371703
0.00408068	0.00586554	0.00364686
0.00397331	0.00592108	0.00371702
0.00397331	0.00597662	0.00371702
0.00408068	0.00597663	0.00364686
0.00397331	0.00603215	0.00371702
0.00397331	0.00608768	0.00371701
0.00408067	0.00608769	0.00364686
0.0039733	0.00614318	0.00371701
0.00397329	0.00619866	0.003717
0.00408066	0.00619869	0.00364685
0.00397328	0.0062541	0.00371699
0.00397326	0.00630949	0.00371696
0.00408066	0.00630957	0.00364678
0.0039732	0.0063648	0.00371692
0.00397317	0.00642005	0.00371683
0.00408074	0.00642018	0.00364659
0.00397209	0.00647197	0.0037182
0.00398907	0.00656416	0.00373592
0.00409586	0.00656677	0.00366372
0.00378321	0.00558776	0.00389123
0.00378322	0.00564333	0.00389122
0.00387287	0.00564333	0.00379902
0.00378322	0.00569888	0.00389121
0.00378321	0.00575444	0.00389122
0.00387287	0.00575444	0.00379902
0.00378322	0.00580999	0.00389121
0.00378321	0.00586554	0.00389121
0.00387287	0.00586554	0.00379902
0.00378321	0.00592108	0.00389121
0.00378321	0.00597663	0.00389121
0.00387287	0.00597662	0.00379901
0.00378321	0.00603216	0.00389121
0.00378321	0.00608769	0.0038912
0.00387286	0.00608768	0.00379902
0.00378321	0.0061432	0.0038912
0.0037832	0.00619869	0.00389119
0.00387284	0.00619867	0.00379901
0.00378323	0.00625415	0.00389115
0.00378329	0.00630957	0.00389106
0.00387283	0.00630952	0.00379895
0.00378327	0.00636494	0.003891
0.00378346	0.00642022	0.00389064
0.00387278	0.00642008	0.00379875
0.00378416	0.00647244	0.00389079
0.0038045	0.00655998	0.0039082
0.0038941	0.00656425	0.00381738
0.00361961	0.00558776	0.00411139
0.00361962	0.00564333	0.00411138
0.00369682	0.00564333	0.00399636
0.00361962	0.00569888	0.00411138
0.00361961	0.00575444	0.00411138
0.00369682	0.00575444	0.00399636
0.00361962	0.00580998	0.00411138
0.00361961	0.00586553	0.00411138
0.00369681	0.00586553	0.00399636
0.00361961	0.00592108	0.00411138
0.00361961	0.00597662	0.00411137
0.00369681	0.00597662	0.00399636
0.00361961	0.00603215	0.00411137
0.0036196	0.00608767	0.00411137
0.00369681	0.00608767	0.00399635
0.0036196	0.00614317	0.00411137
0.00361959	0.00619864	0.00411136
0.00369679	0.00619865	0.00399634
0.00361957	0.00625408	0.00411135
0.00361955	0.00630946	0.00411134
0.0036968	0.00630949	0.00399627
0.0036195	0.00636477	0.00411131
0.0036197	0.00642004	0.00411088
0.00369695	0.00642008	0.00399583
0.00361913	0.00647238	0.00411088
0.00363664	0.00656012	0.00412407
0.0037164	0.00655859	0.0040109
0.00349263	0.00558776	0.00436652
0.00349263	0.00564333	0.00436652
0.00355302	0.00564333	0.00423451
0.00349263	0.00569888	0.00436652
0.00349263	0.00575443	0.00436652
0.00355302	0.00575444	0.00423451
0.00349263	0.00580998	0.00436652
0.00349263	0.00586553	0.00436651
0.00355301	0.00586553	0.00423451
0.00349263	0.00592108	0.00436651
0.00349263	0.00597662	0.00436651
0.00355301	0.00597662	0.00423451
0.00349263	0.00603215	0.00436651
0.00349263	0.00608768	0.00436651
0.003553	0.00608768	0.00423451
0.00349266	0.00614319	0.00436641
0.00349273	0.00619867	0.00436623
0.00355304	0.00619867	0.00423438
0.00349276	0.00625413	0.00436613
0.00349274	0.00630954	0.00436612
0.00355302	0.00630954	0.00423435
0.00349271	0.0063649	0.00436612
0.00349299	0.00642028	0.00436552
0.00355325	0.0064202	0.00423373
0.00349196	0.0064727	0.00436459
0.00350755	0.00655621	0.00436977
0.00356794	0.00655807	0.00424413
0.00339652	0.00558776	0.00462126
0.00339652	0.00564333	0.00462126
0.00343973	0.00564333	0.00449931
0.00339652	0.00569888	0.00462126
0.00339651	0.00575443	0.00462126
0.00343973	0.00575443	0.00449931
0.00339651	0.00580998	0.00462126
0.00339651	0.00586553	0.00462126
0.00343973	0.00586553	0.00449931
0.00339651	0.00592107	0.00462126
0.00339651	0.00597661	0.00462126
0.00343972	0.00597662	0.00449931
0.00339651	0.00603214	0.00462125
0.0033965	0.00608766	0.00462124
0.00343972	0.00608767	0.00449931
0.0033965	0.00614316	0.00462124
0.00339649	0.00619864	0.00462123
0.00343976	0.00619868	0.00449918
0.00339648	0.00625408	0.00462122
0.00339646	0.00630948	0.0046212
0.00343975	0.00630955	0.00449913
0.00339643	0.00636479	0.00462119
0.0033964	0.00642009	0.00462123
0.00343976	0.00642032	0.00449909
0.00339533	0.00647273	0.00462121
0.00340885	0.0065589	0.00462215
0.00345425	0.00655893	0.00449887
0.00333498	0.00558775	0.00485905
0.00333498	0.00564333	0.00485902
0.00336317	0.00564333	0.00473656
0.00333498	0.00569888	0.00485902
0.00333498	0.00575444	0.00485902
0.00336317	0.00575444	0.00473656
0.00333498	0.00580999	0.00485902
0.00333498	0.00586553	0.00485902
0.00336317	0.00586554	0.00473656
0.00333498	0.00592108	0.00485902
0.00333498	0.00597663	0.00485901
0.00336316	0.00597663	0.00473656
0.00333498	0.00603216	0.00485901
0.00333497	0.00608769	0.00485901
0.00336315	0.0060877	0.00473656
0.00333497	0.00614321	0.00485898
0.00333497	0.00619872	0.00485894
0.00336315	0.00619872	0.00473655
0.00333496	0.0062542	0.00485891
0.00333495	0.00630964	0.00485889
0.00336311	0.00630966	0.00473657
0.00333493	0.00636505	0.00485886
0.0033349	0.00642041	0.0048587
0.00336307	0.00642044	0.00473654
0.00333465	0.00647333	0.00485947
0.00334588	0.00656359	0.00487048
0.00337303	0.00655816	0.00474291
0.00329526	0.00558776	0.00514158
0.00329526	0.00564333	0.0051416
0.00331052	0.00564333	0.00499749
0.00329526	0.00569888	0.00514159
0.00329526	0.00575443	0.00514159
0.00331052	0.00575443	0.00499749
0.00329526	0.00580998	0.00514159
0.00329526	0.00586552	0.00514159
0.00331052	0.00586552	0.00499749
0.00329526	0.00592106	0.00514159
0.00329526	0.00597659	0.00514159
0.00331052	0.0059766	0.00499748
0.00329525	0.00603212	0.00514159
0.00329525	0.00608763	0.00514158
0.00331051	0.00608763	0.00499748
0.00329524	0.00614312	0.00514158
0.00329523	0.00619858	0.00514157
0.00331049	0.00619859	0.00499746
0.00329521	0.006254	0.00514156
0.00329518	0.00630936	0.00514154
0.00331044	0.00630937	0.00499747
0.00329514	0.00636464	0.00514152
0.00329504	0.00641985	0.00514151
0.00331029	0.00641987	0.00499745
0.00329484	0.00647205	0.00514066
0.00331052	0.00656434	0.00514385
0.00332452	0.00656535	0.00500539
0.00329031	0.00558775	0.00539681
0.00329031	0.00564333	0.0053968
0.00329109	0.00564333	0.00527336
0.00329031	0.00569889	0.0053968
0.00329031	0.00575444	0.0053968
0.00329109	0.00575444	0.00527336
0.00329031	0.00580999	0.0053968
0.00329031	0.00586554	0.00539679
0.00329109	0.00586554	0.00527337
0.00329031	0.00592109	0.0053968
0.00329031	0.00597664	0.00539679
0.00329109	0.00597664	0.00527337
0.00329031	0.00603218	0.00539679
0.00329031	0.00608772	0.00539678
0.00329109	0.00608772	0.00527338
0.00329031	0.00614325	0.00539677
0.00329031	0.00619877	0.00539676
0.00329108	0.00619878	0.00527339
0.0032903	0.00625428	0.00539674
0.00329029	0.00630976	0.00539672
0.00329106	0.00630977	0.00527343
0.00329028	0.00636522	0.00539668
0.00329025	0.00642066	0.00539664
0.00329103	0.00642068	0.0052735
0.00329044	0.00647348	0.00539582
0.00330512	0.00656114	0.00539779
0.00330623	0.00656481	0.00527379
0.00329605	0.00558775	0.00564267
0.00329605	0.00564333	0.00564267
0.00329176	0.00564333	0.00552044
0.00329605	0.00569889	0.00564267
0.00329605	0.00575444	0.00564267
0.00329176	0.00575444	0.00552044
0.00329605	0.00580999	0.00564267
0.00329605	0.00586554	0.00564267
0.00329176	0.00586554	0.00552044
0.00329605	0.00592109	0.00564267
0.00329605	0.00597663	0.00564267
0.00329175	0.00597663	0.00552045
0.00329605	0.00603217	0.00564267
0.00329605	0.00608771	0.00564266
0.00329175	0.0060877	0.00552046
0.00329605	0.00614324	0.00564265
0.00329604	0.00619876	0.00564264
0.00329175	0.00619874	0.00552047
0.00329604	0.00625425	0.00564263
0.00329602	0.00630973	0.00564261
0.00329173	0.00630969	0.00552051
0.00329601	0.00636516	0.00564258
0.00329598	0.00642058	0.00564256
0.00329167	0.00642051	0.0055206
0.00329588	0.00647345	0.00564237
0.00330838	0.00655924	0.00564451
0.0033059	0.00655773	0.00552115
0.0033146	0.00558776	0.00590086
0.0033146	0.00564333	0.00590087
0.00330266	0.00564333	0.00576955
0.0033146	0.00569888	0.00590086
0.0033146	0.00575443	0.00590086
0.00330266	0.00575443	0.00576955
0.00331459	0.00580998	0.00590086
0.00331459	0.00586553	0.00590086
0.00330266	0.00586553	0.00576955
0.00331459	0.00592107	0.00590086
0.00331459	0.00597661	0.00590086
0.00330265	0.00597662	0.00576955
0.00331458	0.00603214	0.00590086
0.00331458	0.00608766	0.00590086
0.00330265	0.00608768	0.00576956
0.00331457	0.00614316	0.00590085
0.00331456	0.00619863	0.00590085
0.00330264	0.00619868	0.00576957
0.00331455	0.00625408	0.00590083
0.00331452	0.00630947	0.00590081
0.00330261	0.00630957	0.0057696
0.00331449	0.0063648	0.00590079
0.00331449	0.00642008	0.00590091
0.00330255	0.00642029	0.00576974
0.0033125	0.00655998	0.0057673
0.00330196	0.00647289	0.00576878
0.00331347	0.00647278	0.00589815
0.00335769	0.00558775	0.00612631
0.00335769	0.00564333	0.00612631
0.00333396	0.00564333	0.00601748
0.00335769	0.00569889	0.0061263
0.00335769	0.00575444	0.00612631
0.00333397	0.00575444	0.00601748
0.00335769	0.00580999	0.0061263
0.00335769	0.00586554	0.0061263
0.00333397	0.00586554	0.00601748
0.00335769	0.0059211	0.0061263
0.00335769	0.00597665	0.0061263
0.00333396	0.00597664	0.00601749
0.00335769	0.0060322	0.0061263
0.00335768	0.00608774	0.00612629
0.00333396	0.00608773	0.0060175
0.00335768	0.00614327	0.00612628
0.00335767	0.0061988	0.00612627
0.00333396	0.00619879	0.00601752
0.00335767	0.00625432	0.00612625
0.00335766	0.00630983	0.00612623
0.00333396	0.00630979	0.00601756
0.00335764	0.00636532	0.00612619
0.00335763	0.00642082	0.00612616
0.003334	0.00642074	0.00601775
0.0033413	0.00656369	0.00600799
0.00333299	0.0064741	0.00601569
0.00335699	0.00647404	0.00612532
0.00343516	0.00558776	0.006374
0.00343517	0.00564333	0.00637402
0.00338874	0.00564333	0.0062448
0.00343517	0.00569888	0.00637402
0.00343517	0.00575443	0.00637402
0.00338874	0.00575443	0.0062448
0.00343517	0.00580998	0.00637402
0.00343517	0.00586553	0.00637403
0.00338874	0.00586553	0.0062448
0.00343517	0.00592108	0.00637402
0.00343517	0.00597662	0.00637403
0.00338874	0.00597661	0.00624481
0.00343517	0.00603215	0.00637403
0.00343516	0.00608767	0.00637403
0.00338873	0.00608765	0.00624482
0.00343516	0.00614318	0.00637403
0.00343515	0.00619867	0.00637403
0.00338872	0.00619861	0.00624484
0.00343513	0.00625412	0.00637403
0.00343511	0.00630953	0.00637403
0.00338869	0.00630942	0.00624488
0.00343508	0.00636487	0.00637403
0.00343504	0.00642019	0.00637392
0.00338862	0.00641992	0.00624492
0.00340071	0.00656295	0.00623954
0.00338833	0.00647261	0.00624461
0.00343413	0.00647302	0.00637241
0.00355035	0.00558777	0.0066302
0.00355036	0.00564333	0.00663021
0.00349068	0.00564333	0.00650597
0.00355036	0.00569888	0.00663022
0.00355036	0.00575443	0.00663022
0.00349068	0.00575443	0.00650598
0.00355037	0.00580998	0.00663022
0.00355036	0.00586553	0.00663022
0.00349068	0.00586553	0.00650599
0.00355036	0.00592108	0.00663022
0.00355036	0.00597661	0.00663022
0.00349068	0.00597661	0.00650599
0.00355036	0.00603215	0.00663022
0.00355036	0.00608767	0.00663023
0.00349068	0.00608767	0.006506
0.00355035	0.00614318	0.00663022
0.00355034	0.00619866	0.00663023
0.00349067	0.00619866	0.00650601
0.00355032	0.00625411	0.00663023
0.0035503	0.00630951	0.00663023
0.00349064	0.00630951	0.00650604
0.00355028	0.00636484	0.00663025
0.00355036	0.00642008	0.00663
0.00349076	0.00642014	0.00650611
0.00349515	0.00655559	0.00649719
0.00348928	0.00647315	0.00650391
0.00354911	0.00647347	0.00662787
0.00369689	0.00558775	0.00686771
0.00369688	0.00564333	0.00686771
0.00361761	0.00564333	0.00675053
0.00369687	0.00569888	0.0068677
0.00369688	0.00575443	0.00686771
0.00361761	0.00575443	0.00675053
0.00369687	0.00580998	0.0068677
0.00369687	0.00586553	0.0068677
0.00361761	0.00586553	0.00675053
0.00369687	0.00592107	0.00686771
0.00369687	0.00597661	0.00686771
0.00361761	0.00597661	0.00675053
0.00369686	0.00603214	0.00686771
0.00369686	0.00608765	0.00686771
0.00361761	0.00608767	0.00675054
0.00369686	0.00614314	0.00686772
0.00369684	0.00619861	0.00686772
0.00361759	0.00619864	0.00675056
0.00369681	0.00625403	0.00686772
0.00369674	0.00630937	0.00686771
0.00361756	0.00630946	0.00675059
0.00369667	0.00636462	0.00686772
0.00369653	0.00641979	0.00686757
0.00361742	0.00641998	0.00675025
0.00362198	0.0065541	0.00674334
0.00361683	0.00647323	0.00674905
0.00369659	0.00647284	0.00686699
0.00389668	0.00558777	0.0070625
0.00389726	0.00564333	0.00706286
0.00379036	0.00564335	0.00697307
0.00389753	0.00569888	0.00706304
0.00389752	0.00575443	0.00706304
0.00379048	0.00575443	0.00697316
0.00389752	0.00580998	0.00706304
0.00389752	0.00586553	0.00706304
0.00379048	0.00586552	0.00697316
0.00389751	0.00592107	0.00706304
0.00389751	0.00597661	0.00706305
0.00379047	0.0059766	0.00697317
0.00389751	0.00603214	0.00706305
0.00389751	0.00608766	0.00706305
0.00379047	0.00608762	0.00697318
0.0038975	0.00614315	0.00706306
0.00389749	0.00619862	0.00706307
0.00379045	0.00619855	0.00697319
0.00389741	0.00625404	0.00706307
0.00389913	0.0063094	0.00706423
0.00379124	0.00630938	0.00697382
0.00390282	0.00636469	0.00706655
0.00390178	0.00641993	0.00706559
0.00379256	0.00641925	0.00697461
0.00379543	0.00655879	0.00696415
0.0037902	0.00647207	0.00697262
0.00389657	0.00647298	0.00706214
0.00413302	0.00558777	0.00721578
0.00413301	0.00564333	0.00721578
0.00401204	0.00564331	0.00714204
0.004133	0.00569888	0.00721578
0.004133	0.00575444	0.00721578
0.00401216	0.00575444	0.00714213
0.004133	0.00580998	0.00721578
0.004133	0.00586554	0.00721578
0.00401216	0.00586553	0.00714213
0.004133	0.00592108	0.00721578
0.004133	0.00597663	0.00721578
0.00401215	0.00597662	0.00714213
0.004133	0.00603215	0.00721578
0.004133	0.00608769	0.00721579
0.00401215	0.00608767	0.00714213
0.004133	0.00614319	0.00721579
0.00413301	0.00619868	0.0072158
0.00401214	0.00619864	0.00714214
0.00413299	0.00625412	0.00721581
0.00413299	0.00630955	0.00721584
0.00401281	0.0063093	0.00714269
0.00413304	0.00636485	0.00721589
0.00413308	0.00642007	0.00721588
0.00401387	0.00642012	0.00714322
0.00401254	0.00655723	0.00713915
0.00401084	0.00647325	0.00714199
0.00413168	0.00647325	0.00721627
0.00435388	0.00636522	0.0073439
0.00435358	0.00642068	0.00734379
0.00424922	0.00642071	0.00728284
0.00424772	0.00655579	0.00727661
0.00424734	0.00647435	0.00728307
0.00435224	0.00647411	0.00734433
0.0104544	0.00564333	0.00555569
0.010449	0.00564333	0.00574435
0.010449	0.00558775	0.00574435
0.0104544	0.00575443	0.00555569
0.010449	0.00575443	0.00574435
0.010449	0.00569888	0.00574435
0.0104544	0.00586552	0.00555569
0.010449	0.00586553	0.00574435
0.010449	0.00580998	0.00574435
0.0104544	0.0059766	0.0055557
0.010449	0.00597661	0.00574435
0.010449	0.00592107	0.00574435
0.0104544	0.00608765	0.00555571
0.010449	0.00608766	0.00574433
0.010449	0.00603214	0.00574434
0.0104544	0.00619862	0.00555573
0.010449	0.00619865	0.00574449
0.010449	0.00614317	0.00574438
0.0104545	0.00630944	0.00555577
0.010449	0.0063095	0.0057445
0.010449	0.00625409	0.00574453
0.0104546	0.00642008	0.00555566
0.0104489	0.00642029	0.00574456
0.010449	0.00636485	0.00574448
0.0104094	0.00658426	0.00555567
0.0104061	0.00658673	0.00574487
0.0104506	0.00647061	0.00574698
0.0104444	0.00564333	0.00594834
0.0104391	0.00564333	0.00613505
0.0104391	0.00558776	0.00613503
0.0104444	0.00575443	0.00594834
0.0104391	0.00575443	0.00613505
0.0104391	0.00569888	0.00613506
0.0104444	0.00586552	0.00594834
0.0104391	0.00586552	0.00613505
0.0104391	0.00580997	0.00613506
0.0104444	0.0059766	0.00594835
0.0104391	0.00597659	0.00613505
0.0104391	0.00592105	0.00613505
0.0104444	0.00608764	0.00594835
0.0104391	0.00608761	0.00613504
0.0104391	0.00603211	0.00613504
0.0104444	0.0061986	0.00594871
0.0104391	0.00619851	0.00613519
0.0104391	0.00614307	0.00613508
0.0104445	0.0063094	0.00594885
0.0104392	0.00630922	0.00613521
0.0104391	0.00625391	0.00613523
0.0104444	0.0064201	0.00594973
0.0104393	0.00641965	0.00613564
0.0104393	0.00636444	0.00613525
0.0103967	0.0065897	0.00612672
0.0104407	0.00646978	0.00613752
0.0104467	0.00647003	0.00595263
0.010422	0.00564333	0.00631105
0.0103792	0.00564332	0.00652119
0.0103792	0.00558775	0.00652121
0.010422	0.00575442	0.00631105
0.0103792	0.00575442	0.0065212
0.0103792	0.00569888	0.0065212
0.010422	0.00586551	0.00631105
0.0103792	0.0058655	0.0065212
0.0103792	0.00580997	0.0065212
0.010422	0.00597656	0.00631106
0.0103792	0.00597655	0.0065212
0.0103792	0.00592103	0.0065212
0.010422	0.00608755	0.00631107
0.0103792	0.00608752	0.00652119
0.0103792	0.00603205	0.0065212
0.010422	0.00619839	0.00631109
0.0103793	0.00619832	0.00652119
0.0103792	0.00614295	0.00652119
0.0104222	0.00630895	0.00631113
0.0103795	0.00630879	0.0065212
0.0103793	0.00625361	0.00652117
0.0104226	0.00641909	0.00631109
0.0103802	0.00641874	0.00652138
0.0103797	0.00636385	0.00652131
0.0103384	0.00657768	0.0065067
0.0103788	0.00646903	0.0065216
0.0104222	0.00646929	0.00631372
0.0103082	0.00564332	0.0067224
0.010211	0.00564333	0.00687887
0.010211	0.00558775	0.00687888
0.0103082	0.00575442	0.0067224
0.010211	0.00575443	0.00687887
0.010211	0.00569888	0.00687887
0.0103082	0.0058655	0.0067224
0.010211	0.00586551	0.00687887
0.010211	0.00580997	0.00687887
0.0103082	0.00597655	0.00672241
0.010211	0.00597656	0.00687888
0.010211	0.00592104	0.00687887
0.0103082	0.00608752	0.00672243
0.010211	0.00608755	0.00687888
0.010211	0.00603207	0.00687888
0.0103083	0.00619831	0.00672246
0.0102111	0.00619838	0.0068789
0.010211	0.00614299	0.00687889
0.0103085	0.00630874	0.00672253
0.0102114	0.0063089	0.00687883
0.0102111	0.00625369	0.00687893
0.0103095	0.0064186	0.00672328
0.0102124	0.00641881	0.00687919
0.0102118	0.00636402	0.00687869
0.0101642	0.00657848	0.0068523
0.0102077	0.00647021	0.00687703
0.0103062	0.0064695	0.00672078
0.0100797	0.00564334	0.00701812
0.00992075	0.00564333	0.00714741
0.00992117	0.00558776	0.00714721
0.0100797	0.00575443	0.00701817
0.00992058	0.00575443	0.0071475
0.00992057	0.00569888	0.00714751
0.0100797	0.00586551	0.00701812
0.00992075	0.00586552	0.00714742
0.00992057	0.00580998	0.00714751
0.01008	0.00597657	0.00701798
0.00992133	0.00597659	0.00714714
0.00992115	0.00592106	0.00714723
0.01008	0.00608757	0.007018
0.00992134	0.00608762	0.00714715
0.00992133	0.00603211	0.00714715
0.0100801	0.00619843	0.00701804
0.00992137	0.00619853	0.00714717
0.00992135	0.00614309	0.00714716
0.0100802	0.00630902	0.00701805
0.00992146	0.00630921	0.00714722
0.00992141	0.00625391	0.00714719
0.0100817	0.00641897	0.00701788
0.00992328	0.00641947	0.00714675
0.00992175	0.00636443	0.00714718
0.00989605	0.00656772	0.00712182
0.00992209	0.00647139	0.00714517
0.0100776	0.00647055	0.0070169
0.00976529	0.00564332	0.0072512
0.00961474	0.00564333	0.00733636
0.00961473	0.00558776	0.00733637
0.00976521	0.00575443	0.00725125
0.00961475	0.00575444	0.00733636
0.00961474	0.00569888	0.00733636
0.00976529	0.00586554	0.0072512
0.00961474	0.00586554	0.00733636
0.00961474	0.00580999	0.00733636
0.00976555	0.00597661	0.00725107
0.00961472	0.00597663	0.00733636
0.00961473	0.00592108	0.00733636
0.00976554	0.00608766	0.00725109
0.00961473	0.00608769	0.00733636
0.00961473	0.00603217	0.00733636
0.00976555	0.00619864	0.00725111
0.00961475	0.00619871	0.00733637
0.00961474	0.00614321	0.00733637
0.00976558	0.00630945	0.00725116
0.00961472	0.00630962	0.00733642
0.00961477	0.00625418	0.00733638
0.00976632	0.00642006	0.00725104
0.00961439	0.00642037	0.00733661
0.0096146	0.00636499	0.00733649
0.00959716	0.00656407	0.00732508
0.00961491	0.00647306	0.00733765
0.00976652	0.00647245	0.00725052
0.00945904	0.00564333	0.00741976
0.0093046	0.00564333	0.00749976
0.00930461	0.00558776	0.00749975
0.00945903	0.00575444	0.00741977
0.0093046	0.00575444	0.00749976
0.0093046	0.00569888	0.00749977
0.00945904	0.00586553	0.00741976
0.0093046	0.00586554	0.00749977
0.0093046	0.00580999	0.00749977
0.00945904	0.00597662	0.00741977
0.0093046	0.00597663	0.00749977
0.0093046	0.00592108	0.00749977
0.00945903	0.00608768	0.00741978
0.0093046	0.00608769	0.00749978
0.0093046	0.00603216	0.00749977
0.00945905	0.00619867	0.00741979
0.00930461	0.00619869	0.00749979
0.00930461	0.0061432	0.00749978
0.00945892	0.00630951	0.00741988
0.00930456	0.00630955	0.00749983
0.00930462	0.00625415	0.0074998
0.00945822	0.00642011	0.00742022
0.00930428	0.00642018	0.00749997
0.00930441	0.00636489	0.0074999
0.00929754	0.00656307	0.00749012
0.00930495	0.00647327	0.00750131
0.00945885	0.00647284	0.00742172
0.00915594	0.00564333	0.00757457
0.00902091	0.00564333	0.00764185
0.00902092	0.00558777	0.00764184
0.00915594	0.00575444	0.00757457
0.00902092	0.00575444	0.00764185
0.00902091	0.00569888	0.00764185
0.00915594	0.00586554	0.00757457
0.00902092	0.00586554	0.00764185
0.00902091	0.00580999	0.00764185
0.00915594	0.00597664	0.00757457
0.00902091	0.00597664	0.00764185
0.00902092	0.00592109	0.00764185
0.00915594	0.00608772	0.00757458
0.00902092	0.00608772	0.00764185
0.00902092	0.00603218	0.00764185
0.00915594	0.00619876	0.00757459
0.00902093	0.00619876	0.00764186
0.00902093	0.00614325	0.00764185
0.00915594	0.00630972	0.0075746
0.00902095	0.0063097	0.00764186
0.00902094	0.00625425	0.00764186
0.00915597	0.00642056	0.00757458
0.00902104	0.00642052	0.00764186
0.00902097	0.00636511	0.00764186
0.00901713	0.00655672	0.00763284
0.00902413	0.00647404	0.00764234
0.00915804	0.00647383	0.00757526
0.00889149	0.00564333	0.0077043
0.00875875	0.00564333	0.00776664
0.00875875	0.00558776	0.00776664
0.00889149	0.00575444	0.0077043
0.00875876	0.00575444	0.00776664
0.00875875	0.00569888	0.00776664
0.00889149	0.00586554	0.0077043
0.00875876	0.00586555	0.00776664
0.00875875	0.00580999	0.00776664
0.00889149	0.00597664	0.0077043
0.00875876	0.00597664	0.00776664
0.00875876	0.00592109	0.00776664
0.0088915	0.00608771	0.00770431
0.00875876	0.00608772	0.00776664
0.00875876	0.00603218	0.00776664
0.00889149	0.00619874	0.00770431
0.00875876	0.00619875	0.00776664
0.00875876	0.00614323	0.00776664
0.00889158	0.00630964	0.00770429
0.0087589	0.00630969	0.00776657
0.00875877	0.00625422	0.00776665
0.00889133	0.00642046	0.00770447
0.00875831	0.00642043	0.00776684
0.00875921	0.00636508	0.00776639
0.00875543	0.00655647	0.0077586
0.00875895	0.00647399	0.00776831
0.00889274	0.00647387	0.00770597
0.00823409	0.0064205	0.00297331
0.00835067	0.00642044	0.00302114
0.00835066	0.00636513	0.00302118
0.00822992	0.00655411	0.00297973
0.00834744	0.00655441	0.00302844
0.00835058	0.00647509	0.00302081
0.00847052	0.00642053	0.00307479
0.0085895	0.00642056	0.00313102
0.00858949	0.00636519	0.00313106
0.00846505	0.00655192	0.00308123
0.00858449	0.00655174	0.00313796
0.00858882	0.00647489	0.00313004
0.00863003	0.00642053	0.00782414
0.00850857	0.00642055	0.00787686
0.00850859	0.0063652	0.00787683
0.00850776	0.00655657	0.00786605
0.00850941	0.00647521	0.00787665
0.00863111	0.00647477	0.00782451
0.00838852	0.00642036	0.00792716
0.00826528	0.00642044	0.00797478
0.00826523	0.00636514	0.00797473
0.00826222	0.00655066	0.00796693
0.00826465	0.00647498	0.00797533
0.00838805	0.00647493	0.00792754
0.00823444	0.00564333	0.00297355
0.00835065	0.00564332	0.00302125
0.00835066	0.00558776	0.00302125
0.00823444	0.00575444	0.00297355
0.00835065	0.00575444	0.00302125
0.00835065	0.00569889	0.00302125
0.00823444	0.00586555	0.00297355
0.00835065	0.00586554	0.00302125
0.00835065	0.00580999	0.00302125
0.00823444	0.00597665	0.00297355
0.00835065	0.00597664	0.00302125
0.00835065	0.00592109	0.00302125
0.00823444	0.00608773	0.00297355
0.00835065	0.00608772	0.00302125
0.00835065	0.00603218	0.00302125
0.00823444	0.00619877	0.00297355
0.00835066	0.00619876	0.00302124
0.00835065	0.00614325	0.00302124
0.00823433	0.00630976	0.00297345
0.00835066	0.00630973	0.00302121
0.00835067	0.00625425	0.00302124
0.00847044	0.00564333	0.00307484
0.00858964	0.00564333	0.00313114
0.00858962	0.00558777	0.00313113
0.00847044	0.00575444	0.00307484
0.00858964	0.00575443	0.00313113
0.00858964	0.00569889	0.00313114
0.00847044	0.00586554	0.00307483
0.00858964	0.00586554	0.00313113
0.00858964	0.00580999	0.00313113
0.00847044	0.00597664	0.00307483
0.00858964	0.00597663	0.00313113
0.00858964	0.00592109	0.00313113
0.00847045	0.00608772	0.00307484
0.00858964	0.00608772	0.00313113
0.00858965	0.00603219	0.00313113
0.00847046	0.00619877	0.00307483
0.00858965	0.00619876	0.00313113
0.00858965	0.00614325	0.00313113
0.00847046	0.00630975	0.00307482
0.00858959	0.00630975	0.00313109
0.00858965	0.00625427	0.00313112
0.00441485	0.00558776	0.00348698
0.00441484	0.00564333	0.00348699
0.00450185	0.00564333	0.00344742
0.00441483	0.00569889	0.003487
0.00441483	0.00575444	0.003487
0.00450183	0.00575445	0.00344744
0.00441483	0.00581	0.003487
0.00441483	0.00586555	0.003487
0.00450183	0.00586556	0.00344744
0.00441483	0.00592111	0.003487
0.00441483	0.00597667	0.003487
0.00450183	0.00597667	0.00344744
0.00441483	0.00603222	0.003487
0.00441484	0.00608778	0.003487
0.00450183	0.00608777	0.00344745
0.00441484	0.00614333	0.003487
0.00441485	0.00619889	0.003487
0.00450182	0.00619888	0.00344745
0.00441495	0.00625446	0.00348697
0.0044151	0.00631003	0.00348696
0.00450195	0.00631001	0.00344741
0.00419015	0.00558777	0.00358788
0.00419014	0.00564333	0.00358789
0.0043076	0.00564333	0.00353366
0.00419014	0.00569889	0.00358789
0.00419014	0.00575444	0.00358789
0.0043076	0.00575444	0.00353366
0.00419014	0.00580999	0.00358789
0.00419014	0.00586553	0.00358789
0.0043076	0.00586554	0.00353366
0.00419014	0.00592109	0.00358789
0.00419014	0.00597662	0.00358789
0.0043076	0.00597664	0.00353366
0.00419014	0.00603216	0.00358789
0.00419013	0.00608768	0.00358789
0.00430759	0.00608772	0.00353366
0.00419013	0.0061432	0.00358788
0.00419013	0.00619868	0.00358787
0.00430759	0.00619875	0.00353364
0.00419015	0.00625415	0.00358784
0.00419042	0.00630956	0.0035876
0.00430801	0.00630967	0.0035334
0.00435426	0.00558777	0.00734393
0.00435425	0.00564333	0.00734393
0.00424889	0.00564333	0.00728267
0.00435425	0.00569889	0.00734393
0.00435425	0.00575444	0.00734393
0.00424889	0.00575444	0.00728267
0.00435425	0.00580999	0.00734393
0.00435424	0.00586554	0.00734393
0.00424889	0.00586554	0.00728267
0.00435424	0.0059211	0.00734393
0.00435424	0.00597664	0.00734393
0.00424889	0.00597664	0.00728267
0.00435424	0.00603219	0.00734393
0.00435424	0.00608773	0.00734393
0.00424889	0.00608772	0.00728268
0.00435424	0.00614326	0.00734393
0.00435425	0.00619878	0.00734393
0.0042489	0.00619878	0.00728268
0.00435421	0.00625429	0.00734392
0.00435412	0.00630975	0.00734394
0.00424904	0.00630979	0.00728277
0.00455075	0.00558776	0.00745547
0.00455073	0.00564334	0.00745546
0.00445475	0.00564333	0.00740123
0.00455072	0.00569888	0.00745546
0.00455072	0.00575445	0.00745546
0.00445474	0.00575444	0.00740123
0.00455072	0.00580999	0.00745546
0.00455072	0.00586555	0.00745546
0.00445475	0.00586554	0.00740123
0.00455072	0.00592109	0.00745546
0.00455072	0.00597665	0.00745547
0.00445474	0.00597664	0.00740124
0.00455072	0.00603218	0.00745547
0.00455072	0.00608774	0.00745547
0.00445475	0.00608774	0.00740124
0.00455072	0.00614326	0.00745547
0.00455072	0.00619879	0.00745547
0.00445476	0.00619879	0.00740124
0.00455072	0.00625429	0.00745548
0.00455094	0.00630982	0.00745557
0.00445463	0.00630983	0.00740125
0.0086305	0.00564333	0.00782397
0.00850868	0.00564333	0.00787679
0.00850868	0.00558776	0.00787679
0.0086305	0.00575443	0.00782397
0.00850869	0.00575444	0.00787679
0.00850869	0.00569889	0.00787679
0.0086305	0.00586554	0.00782397
0.00850869	0.00586554	0.00787679
0.00850869	0.00580999	0.00787679
0.0086305	0.00597664	0.00782397
0.00850869	0.00597664	0.00787679
0.00850869	0.00592109	0.00787679
0.00863049	0.00608772	0.00782397
0.00850869	0.00608772	0.00787679
0.00850869	0.00603218	0.00787679
0.00863049	0.00619877	0.00782398
0.00850871	0.00619877	0.00787679
0.0085087	0.00614325	0.00787679
0.0086305	0.00630977	0.00782396
0.0085087	0.00630976	0.0078768
0.00850871	0.00625428	0.0078768
0.00838861	0.00564333	0.00792701
0.00826556	0.00564333	0.0079746
0.00826555	0.00558775	0.00797459
0.00838861	0.00575444	0.00792701
0.00826556	0.00575444	0.00797459
0.00826556	0.00569888	0.0079746
0.00838861	0.00586554	0.00792701
0.00826556	0.00586555	0.0079746
0.00826556	0.00580999	0.0079746
0.00838861	0.00597663	0.00792701
0.00826556	0.00597664	0.0079746
0.00826556	0.00592108	0.0079746
0.00838862	0.00608771	0.00792701
0.00826555	0.00608773	0.00797461
0.00826556	0.00603217	0.0079746
0.00838865	0.00619874	0.00792701
0.00826547	0.00619876	0.00797463
0.0082655	0.00614325	0.00797462
0.00838858	0.0063097	0.00792706
0.00826531	0.00630973	0.00797469
0.00826545	0.00625424	0.00797464
0.00459521	0.00636521	0.00340404
0.00459524	0.00642043	0.00340329
0.0047024	0.0064207	0.00335427
0.00460093	0.0064736	0.00340058
0.00461998	0.00656008	0.00341065
0.00472167	0.00655934	0.00336348
0.00441501	0.00636561	0.003487
0.00441522	0.00642116	0.00348684
0.0045021	0.00642094	0.00344685
0.00441424	0.00647424	0.00348735
0.00442041	0.00656401	0.00350453
0.0045198	0.00656311	0.00345923
0.00455133	0.00636527	0.00745569
0.0045516	0.00642058	0.00745591
0.00445423	0.00642065	0.00740127
0.00445602	0.00655288	0.00739359
0.00445342	0.00647432	0.00740156
0.0045509	0.00647484	0.00745561
0.0047395	0.00636542	0.00756075
0.00473991	0.00642088	0.00756112
0.0046479	0.00642089	0.00750893
0.004652	0.00655261	0.00750144
0.00464826	0.00647531	0.00750919
0.00474207	0.00647536	0.00756273
0.00814658	0.00642063	0.00801761
0.00803493	0.00642062	0.00805706
0.00803501	0.00636529	0.00805694
0.00803026	0.00654656	0.00805173
0.0080344	0.00647601	0.00805706
0.00814582	0.00647571	0.00801776
0.0079159	0.00642046	0.00809887
0.00779433	0.00642051	0.00814061
0.00779427	0.0063652	0.00814057
0.0077953	0.00654541	0.00813392
0.00779471	0.00647577	0.00814056
0.00791581	0.00647567	0.00809914
0.0077766	0.00642039	0.00281497
0.00789624	0.00642038	0.00285193
0.00789658	0.00636513	0.00285212
0.00777543	0.00655042	0.00282151
0.00789217	0.00655163	0.00285737
0.00789459	0.00647559	0.00285106
0.00801588	0.00642072	0.00289359
0.00812457	0.00642075	0.0029328
0.00812491	0.00636533	0.002933
0.00800506	0.0065516	0.00289689
0.00811595	0.00655259	0.00293712
0.00812199	0.00647602	0.00293158
0.00814692	0.00619878	0.00801748
0.00803505	0.00619879	0.00805695
0.00803508	0.00614326	0.00805694
0.00814676	0.0063098	0.0080175
0.00803502	0.00630981	0.00805694
0.00803506	0.00625431	0.00805694
0.00791593	0.00619877	0.00809869
0.00779435	0.00619878	0.00814051
0.00779434	0.00614325	0.0081405
0.00791595	0.00630976	0.00809873
0.00779438	0.00630977	0.00814054
0.00779439	0.00625427	0.00814051
0.0077766	0.00564333	0.00281505
0.00789643	0.00564333	0.00285221
0.00789643	0.00558775	0.00285221
0.0077766	0.00575444	0.00281505
0.00789643	0.00575444	0.00285221
0.00789643	0.00569888	0.00285221
0.0077766	0.00586555	0.00281505
0.00789643	0.00586554	0.00285221
0.00789643	0.00580999	0.00285221
0.0077766	0.00597664	0.00281505
0.00789643	0.00597664	0.00285221
0.00789643	0.00592109	0.00285221
0.0077766	0.00608772	0.00281505
0.00789643	0.00608772	0.0028522
0.00789643	0.00603218	0.00285221
0.0077766	0.00619876	0.00281505
0.00789643	0.00619875	0.0028522
0.00789643	0.00614324	0.0028522
0.00777667	0.00630974	0.00281502
0.00789643	0.00630972	0.00285212
0.00789642	0.00625424	0.00285218
0.00801674	0.00564332	0.00289406
0.00812571	0.00564332	0.00293331
0.00812568	0.00558776	0.00293331
0.00801674	0.00575444	0.00289405
0.00812571	0.00575444	0.00293331
0.00812571	0.00569889	0.00293331
0.00801674	0.00586554	0.00289405
0.00812571	0.00586554	0.00293331
0.00812571	0.00581	0.00293331
0.00801674	0.00597664	0.00289405
0.00812571	0.00597664	0.00293331
0.00812571	0.0059211	0.00293331
0.00801674	0.00608773	0.00289405
0.00812571	0.00608773	0.00293331
0.00812571	0.00603219	0.00293331
0.00801675	0.00619879	0.00289405
0.0081257	0.00619879	0.0029333
0.0081257	0.00614327	0.00293331
0.00801645	0.00630982	0.00289392
0.0081253	0.00630984	0.00293313
0.00812565	0.00625433	0.00293327
0.00814718	0.00564332	0.00801741
0.00803516	0.00564332	0.00805693
0.00803515	0.00558776	0.00805693
0.00814717	0.00575443	0.00801741
0.00803517	0.00575444	0.00805693
0.00803517	0.00569889	0.00805693
0.00814718	0.00586554	0.00801741
0.00803517	0.00586554	0.00805693
0.00803516	0.00580999	0.00805693
0.00814718	0.00597663	0.00801741
0.00803517	0.00597664	0.00805693
0.00803517	0.00592109	0.00805693
0.00814711	0.00608772	0.00801742
0.00803513	0.00608772	0.00805692
0.00803517	0.00603219	0.00805692
0.007916	0.00564333	0.00809866
0.00779439	0.00564333	0.00814048
0.00779439	0.00558775	0.00814047
0.00791599	0.00575444	0.00809866
0.00779439	0.00575444	0.00814048
0.00779439	0.00569888	0.00814048
0.00791599	0.00586554	0.00809867
0.0077944	0.00586555	0.00814048
0.00779439	0.00580999	0.00814048
0.00791603	0.00597663	0.00809866
0.00779443	0.00597665	0.00814047
0.0077944	0.00592109	0.00814048
0.00791602	0.00608773	0.00809868
0.0077944	0.00608772	0.00814048
0.00779446	0.00603219	0.00814046
0.00767938	0.00642065	0.00817915
0.00757255	0.00642056	0.00821393
0.0075725	0.00636526	0.00821389
0.00756613	0.00654986	0.00820732
0.00757225	0.00647631	0.00821347
0.00767929	0.00647633	0.00817864
0.0074679	0.0064204	0.00824364
0.00734644	0.00642039	0.00827233
0.00734644	0.00636514	0.00827225
0.00733921	0.00655453	0.00826357
0.00734525	0.00647564	0.00827277
0.00746683	0.00647588	0.00824382
0.00733378	0.00642048	0.00272084
0.00744929	0.00642047	0.0027376
0.00744928	0.00636518	0.00273765
0.00732765	0.00654735	0.00272745
0.00744357	0.00654807	0.00274436
0.0074485	0.00647616	0.00273774
0.00755472	0.00642061	0.00275874
0.00766302	0.00642063	0.00278483
0.00766303	0.00636528	0.00278486
0.00754935	0.00655005	0.00276548
0.00765887	0.00654982	0.0027912
0.00766202	0.00647633	0.00278491
0.00480196	0.00558777	0.00330951
0.00480195	0.00564333	0.00330951
0.00489801	0.00564333	0.00326644
0.00480195	0.00569889	0.00330951
0.00480195	0.00575444	0.00330951
0.00489801	0.00575444	0.00326644
0.00480195	0.00580999	0.00330951
0.00480195	0.00586555	0.00330951
0.00489801	0.00586555	0.00326644
0.00480195	0.0059211	0.00330951
0.00480195	0.00597665	0.00330951
0.00489801	0.00597665	0.00326644
0.00480195	0.0060322	0.00330951
0.00480195	0.00608775	0.00330951
0.004898	0.00608775	0.00326644
0.00480196	0.00614329	0.00330951
0.00480196	0.00619882	0.00330951
0.004898	0.00619882	0.00326644
0.00480194	0.00625434	0.00330952
0.00480179	0.00630987	0.00330961
0.00489802	0.00630987	0.00326642
0.00459526	0.00558777	0.00340418
0.00459523	0.00564333	0.0034042
0.00470253	0.00564333	0.00335492
0.00459522	0.00569889	0.00340421
0.00459522	0.00575444	0.00340421
0.00470254	0.00575444	0.00335492
0.00459522	0.00581	0.00340421
0.00459522	0.00586554	0.00340421
0.00470254	0.00586555	0.00335492
0.00459522	0.0059211	0.00340421
0.00459522	0.00597664	0.00340421
0.00470253	0.00597665	0.00335492
0.00459522	0.0060322	0.00340421
0.00459522	0.00608773	0.0034042
0.00470253	0.00608774	0.00335492
0.00459522	0.00614327	0.0034042
0.00459523	0.00619879	0.0034042
0.00470253	0.0061988	0.00335492
0.00459523	0.0062543	0.00340418
0.00459532	0.00630979	0.00340408
0.00470237	0.00630979	0.00335496
0.00498839	0.00636542	0.00322727
0.00498856	0.00642049	0.00322707
0.00507028	0.00642062	0.00319176
0.00498938	0.00647451	0.00322909
0.00499619	0.00656613	0.00324218
0.00507769	0.00656636	0.00320408
0.00480135	0.00636539	0.0033098
0.00480314	0.00642058	0.00330852
0.00489924	0.00642026	0.00326548
0.00480838	0.00647394	0.0033073
0.00481584	0.00656279	0.00332081
0.00490862	0.00656453	0.00327953
0.00473929	0.00558777	0.00756078
0.00473928	0.00564333	0.00756078
0.00464638	0.00564332	0.00750844
0.00473928	0.00569889	0.00756078
0.00473928	0.00575444	0.00756078
0.00464638	0.00575444	0.00750844
0.00473928	0.00581	0.00756078
0.00473928	0.00586555	0.00756078
0.00464638	0.00586554	0.00750844
0.00473928	0.0059211	0.00756078
0.00473928	0.00597665	0.00756078
0.00464638	0.00597664	0.00750845
0.00473928	0.0060322	0.00756078
0.00473928	0.00608775	0.00756078
0.00464639	0.00608774	0.00750845
0.00473928	0.00614329	0.00756078
0.00473926	0.00619883	0.00756076
0.00464639	0.00619882	0.00750844
0.00473923	0.00625436	0.00756074
0.00473938	0.00630988	0.00756074
0.00464684	0.0063099	0.00750851
0.00492441	0.00558776	0.00766605
0.0049244	0.00564333	0.00766606
0.0048303	0.00564332	0.00761283
0.0049244	0.00569888	0.00766606
0.00492441	0.00575443	0.00766607
0.00483033	0.00575444	0.00761285
0.00492442	0.00580998	0.00766609
0.00492443	0.00586555	0.0076661
0.00483039	0.00586555	0.0076129
0.00492443	0.00592109	0.0076661
0.00492443	0.00597665	0.0076661
0.00483039	0.00597665	0.00761291
0.00492443	0.00603219	0.0076661
0.00492443	0.00608774	0.0076661
0.00483039	0.00608774	0.00761291
0.00492443	0.00614327	0.0076661
0.00492438	0.0061988	0.00766607
0.00483037	0.0061988	0.00761288
0.00492401	0.00625424	0.00766588
0.0049236	0.00630975	0.0076657
0.00483046	0.00630984	0.00761306
0.00492352	0.00636529	0.00766562
0.00492509	0.00642048	0.00766677
0.00483157	0.00642065	0.00761397
0.00484342	0.00655568	0.00761421
0.00483655	0.00647503	0.00761733
0.004929	0.00647496	0.00766935
0.00509239	0.00636555	0.00775951
0.0050933	0.00642103	0.00776025
0.00501013	0.00642071	0.00771343
0.00501204	0.0065552	0.00770554
0.00501118	0.00647574	0.00771378
0.00509504	0.00647617	0.00776032
0.0076795	0.00608773	0.00817916
0.00757253	0.00608773	0.00821396
0.00757252	0.00603219	0.00821396
0.00767954	0.00619879	0.00817918
0.00757255	0.00619879	0.00821396
0.00757254	0.00614326	0.00821396
0.0076795	0.00630983	0.00817913
0.00757253	0.0063098	0.00821391
0.00757256	0.0062543	0.00821395
0.00746793	0.00608772	0.00824347
0.00734648	0.00608773	0.00827216
0.00734649	0.00603217	0.00827216
0.00746792	0.00619876	0.00824348
0.0073464	0.00619876	0.00827217
0.00734642	0.00614324	0.00827217
0.00746794	0.00630975	0.00824352
0.00734648	0.00630973	0.00827221
0.00734648	0.00625425	0.00827217
0.00721271	0.00642034	0.00830034
0.00708941	0.00642032	0.00832213
0.00708939	0.00636514	0.00832158
0.00709199	0.00655158	0.00831043
0.0070905	0.00647575	0.00832229
0.00721276	0.00647557	0.00830075
0.00697609	0.00642037	0.00833692
0.00686238	0.00642037	0.00834578
0.00686247	0.00636515	0.00834561
0.00685686	0.00655083	0.00833155
0.0068609	0.00647572	0.00834493
0.00697603	0.00647589	0.00833639
0.00686257	0.00642047	0.00268905
0.00697305	0.00642045	0.00268988
0.00697308	0.00636521	0.00268995
0.00685999	0.00655008	0.00269929
0.00697249	0.00654957	0.00269966
0.00697304	0.0064763	0.0026907
0.00708662	0.00642038	0.00269526
0.00720856	0.00642041	0.00270618
0.00720852	0.00636516	0.00270626
0.00708601	0.00654935	0.00270371
0.00720547	0.00654874	0.00271355
0.00720844	0.00647601	0.00270624
0.00733382	0.00564333	0.00272093
0.00744932	0.00564333	0.00273772
0.00744933	0.00558774	0.00273773
0.00733382	0.00575444	0.00272093
0.00744932	0.00575444	0.00273772
0.00744932	0.00569888	0.00273772
0.0073338	0.00586555	0.00272093
0.00744932	0.00586554	0.00273772
0.00744932	0.00580999	0.00273772
0.00733373	0.00597664	0.00272094
0.00744932	0.00597664	0.00273772
0.00744932	0.00592109	0.00273772
0.00733373	0.00608772	0.00272094
0.00744932	0.00608772	0.00273772
0.00744932	0.00603219	0.00273772
0.00733373	0.00619877	0.00272094
0.00744931	0.00619877	0.00273772
0.00744932	0.00614325	0.00273772
0.0073338	0.00630977	0.00272091
0.00744932	0.00630977	0.00273769
0.00744933	0.00625427	0.00273771
0.00755473	0.00564332	0.0027587
0.00766322	0.00564332	0.00278478
0.00766321	0.00558775	0.00278478
0.00755473	0.00575444	0.0027587
0.00766322	0.00575444	0.00278478
0.00766322	0.00569889	0.00278478
0.00755473	0.00586554	0.0027587
0.00766322	0.00586554	0.00278478
0.00766322	0.00581	0.00278478
0.00755473	0.00597664	0.0027587
0.00766322	0.00597664	0.00278478
0.00766322	0.0059211	0.00278478
0.00755473	0.00608773	0.0027587
0.00766322	0.00608773	0.00278478
0.00766322	0.00603219	0.00278478
0.00755473	0.00619879	0.00275869
0.00766321	0.00619879	0.00278478
0.00766322	0.00614327	0.00278478
0.0075547	0.00630981	0.00275875
0.00766316	0.00630982	0.00278482
0.00766324	0.00625431	0.00278478
0.00767956	0.00564332	0.0081792
0.00757256	0.00564332	0.00821398
0.00757255	0.00558775	0.00821399
0.00767956	0.00575444	0.0081792
0.00757256	0.00575444	0.00821398
0.00757256	0.00569889	0.00821398
0.00767956	0.00586554	0.0081792
0.00757256	0.00586554	0.00821399
0.00757256	0.00581	0.00821398
0.00767954	0.00597664	0.00817917
0.00757253	0.00597664	0.00821397
0.00757255	0.00592109	0.00821398
0.0074679	0.00564333	0.00824347
0.00734634	0.00564333	0.00827218
0.00734634	0.00558775	0.00827218
0.00746789	0.00575444	0.00824347
0.00734634	0.00575444	0.00827218
0.00734634	0.00569888	0.00827218
0.00746789	0.00586554	0.00824347
0.00734633	0.00586555	0.00827218
0.00734634	0.00580999	0.00827218
0.00746793	0.00597664	0.00824347
0.00734642	0.00597664	0.00827216
0.00734636	0.00592109	0.00827217
0.00641693	0.00642036	0.00273388
0.00653023	0.00642042	0.00271449
0.00653029	0.0063652	0.00271481
0.0064169	0.00654883	0.00274135
0.00652704	0.00655015	0.00272338
0.00652943	0.00647598	0.00271482
0.0066384	0.00642043	0.00270126
0.00674976	0.00642043	0.00269271
0.00674991	0.0063652	0.00269269
0.00663544	0.00655081	0.00270991
0.00674755	0.0065507	0.00270194
0.00674914	0.00647618	0.00269375
0.00557159	0.0063653	0.00297121
0.00557206	0.00642049	0.0029709
0.00567018	0.0064203	0.00293337
0.00557426	0.00647551	0.00297255
0.00557378	0.00655491	0.00298365
0.00567683	0.00655275	0.00294085
0.0053692	0.00636534	0.00305659
0.00536933	0.00642038	0.00305611
0.00546618	0.00642043	0.00301439
0.00537063	0.00647497	0.00305698
0.00537355	0.00655727	0.00306656
0.00546881	0.00655707	0.00302797
0.00517211	0.00636539	0.00314547
0.00517154	0.00642057	0.00314549
0.00527797	0.00642051	0.00309681
0.00517119	0.00647516	0.00314735
0.00517485	0.00656229	0.00315513
0.0052813	0.00655794	0.00310494
0.0062374	0.00636504	0.00830428
0.00623461	0.00642021	0.008303
0.00611711	0.00642007	0.00827114
0.0061204	0.00655457	0.00825437
0.00611766	0.00647521	0.00826953
0.00623269	0.00647549	0.00830022
0.00674229	0.00642019	0.00834959
0.006612	0.0064202	0.0083475
0.00661228	0.00636506	0.0083473
0.00660778	0.00655447	0.00833384
0.00661012	0.00647554	0.00834673
0.00674015	0.00647547	0.00834888
0.00647389	0.00636503	0.00833935
0.00647365	0.00642008	0.00833921
0.00634595	0.00642022	0.00832519
0.00647318	0.00647536	0.00833806
0.00647542	0.0065537	0.00832491
0.00635058	0.00655438	0.00830908
0.00619191	0.00636522	0.00278179
0.00619154	0.00642049	0.00278204
0.00629958	0.00642043	0.00275754
0.00619253	0.00647615	0.0027825
0.00619577	0.00654502	0.00278736
0.00630595	0.00654665	0.00276279
0.00599823	0.00636536	0.00283293
0.00599804	0.00642066	0.00283234
0.0060939	0.00642067	0.0028076
0.00599751	0.0064761	0.00283202
0.00599125	0.00654967	0.00283978
0.00609322	0.00654685	0.0028132
0.00577421	0.00636505	0.00289692
0.00577375	0.0064199	0.0028967
0.00589027	0.00642018	0.00286058
0.00577634	0.00647452	0.0028959
0.00577789	0.00655167	0.00290262
0.00588473	0.00655083	0.00286864
0.00517249	0.00558777	0.00314523
0.00517248	0.00564333	0.00314523
0.00527818	0.00564333	0.0030972
0.00517249	0.00569889	0.00314523
0.00517248	0.00575444	0.00314523
0.00527818	0.00575445	0.0030972
0.00517249	0.00580999	0.00314523
0.00517249	0.00586555	0.00314522
0.0052782	0.00586555	0.00309718
0.00517249	0.0059211	0.00314521
0.00517249	0.00597665	0.00314521
0.00527825	0.00597665	0.00309711
0.0051725	0.0060322	0.00314521
0.0051725	0.00608775	0.00314521
0.00527825	0.00608775	0.00309711
0.0051725	0.0061433	0.00314521
0.00517246	0.00619883	0.00314522
0.00527823	0.00619883	0.00309711
0.00517235	0.00625437	0.00314528
0.00517221	0.00630989	0.00314539
0.00527808	0.00630988	0.0030972
0.00498814	0.00558777	0.00322738
0.00498812	0.00564333	0.00322738
0.00507094	0.00564333	0.00319141
0.00498812	0.00569889	0.00322738
0.00498812	0.00575444	0.00322738
0.00507094	0.00575444	0.00319141
0.00498812	0.00581	0.00322738
0.00498812	0.00586555	0.00322738
0.00507094	0.00586555	0.00319141
0.00498812	0.00592111	0.00322738
0.00498812	0.00597665	0.00322738
0.00507094	0.00597666	0.00319141
0.00498812	0.00603221	0.00322738
0.00498812	0.00608775	0.00322738
0.00507094	0.00608776	0.00319141
0.00498813	0.0061433	0.00322738
0.00498813	0.00619884	0.00322738
0.00507091	0.00619886	0.00319142
0.00498813	0.00625438	0.00322739
0.00498827	0.00630991	0.00322735
0.0050708	0.00630993	0.00319156
0.00579769	0.00636528	0.00815397
0.00579969	0.00642021	0.00815373
0.00570974	0.00642026	0.00810574
0.0057097	0.00656342	0.00809005
0.00571184	0.00647472	0.00810591
0.00580288	0.00647567	0.00815253
0.00599737	0.00636524	0.00823255
0.00599632	0.00642041	0.00823237
0.00589169	0.00641996	0.00819426
0.00589732	0.00654919	0.0081796
0.00589398	0.00647562	0.00819325
0.00599883	0.00647551	0.00823179
0.00721271	0.00619875	0.00829993
0.00708941	0.00619876	0.0083215
0.00708942	0.00614324	0.0083215
0.00721275	0.00630972	0.00829997
0.0070894	0.00630972	0.00832153
0.00708943	0.00625426	0.00832151
0.00697615	0.00619877	0.00833658
0.00686242	0.00619876	0.00834577
0.00686241	0.00614325	0.00834583
0.00697614	0.00630975	0.00833658
0.0068625	0.00630974	0.00834561
0.00686249	0.00625425	0.00834567
0.00686269	0.00597664	0.00268905
0.0069731	0.00597664	0.00268997
0.0069731	0.00592109	0.00268997
0.00686269	0.00608773	0.00268905
0.0069731	0.00608773	0.00268996
0.0069731	0.00603219	0.00268996
0.0068627	0.00619878	0.00268905
0.0069731	0.00619878	0.00268996
0.0069731	0.00614326	0.00268996
0.0068627	0.00630979	0.00268905
0.0069731	0.00630978	0.00268996
0.00697311	0.00625428	0.00268996
0.00708661	0.00597664	0.00269542
0.00720856	0.00597664	0.00270633
0.00720858	0.00592109	0.00270633
0.00708661	0.00608772	0.00269542
0.00720856	0.00608772	0.00270633
0.00720857	0.00603218	0.00270633
0.00708662	0.00619876	0.00269542
0.00720856	0.00619876	0.00270633
0.00720856	0.00614325	0.00270633
0.00708661	0.00630974	0.00269538
0.00720858	0.00630975	0.00270629
0.00720861	0.00625427	0.00270632
0.00526132	0.00636538	0.00785376
0.00526028	0.00642047	0.00785359
0.00517941	0.00642058	0.00780909
0.00518623	0.0065534	0.00779965
0.00518244	0.00647557	0.00780942
0.0052603	0.00647566	0.00785174
0.00544909	0.00636577	0.0079594
0.00544715	0.00642069	0.00795836
0.00535177	0.00642046	0.00790573
0.00535424	0.00655613	0.00789366
0.00534999	0.00647546	0.00790315
0.005447	0.00647604	0.00795764
0.00721272	0.00564332	0.00829993
0.00708943	0.00564332	0.00832148
0.00708943	0.00558776	0.00832148
0.00721272	0.00575444	0.00829993
0.00708944	0.00575444	0.00832148
0.00708944	0.00569888	0.00832148
0.00721271	0.00586554	0.00829993
0.00708943	0.00586554	0.00832148
0.00708944	0.00580999	0.00832148
0.00721276	0.00597664	0.00829992
0.00708943	0.00597664	0.00832148
0.00708943	0.00592109	0.00832148
0.00721282	0.00608771	0.00829992
0.00708943	0.00608771	0.00832149
0.00708944	0.00603218	0.00832148
0.00697615	0.00564332	0.00833657
0.00686241	0.00564333	0.00834582
0.0068624	0.00558775	0.00834582
0.00697615	0.00575444	0.00833657
0.00686241	0.00575444	0.00834582
0.00686241	0.00569888	0.00834582
0.00697615	0.00586554	0.00833657
0.00686241	0.00586554	0.00834582
0.00686241	0.00580999	0.00834582
0.00697615	0.00597664	0.00833657
0.0068624	0.00597664	0.00834582
0.00686241	0.00592109	0.00834582
0.00697615	0.00608772	0.00833658
0.00686242	0.00608772	0.00834583
0.00686243	0.00603218	0.00834583
0.00686269	0.00564333	0.00268905
0.00697311	0.00564332	0.00268996
0.00697311	0.00558775	0.00268996
0.00686269	0.00575444	0.00268905
0.00697311	0.00575444	0.00268996
0.00697311	0.00569888	0.00268996
0.00686271	0.00586555	0.00268905
0.00697311	0.00586555	0.00268996
0.00697311	0.00580999	0.00268996
0.00708665	0.00564332	0.00269544
0.0072087	0.00564332	0.00270634
0.00720869	0.00558776	0.00270634
0.00708665	0.00575444	0.00269544
0.00720871	0.00575444	0.00270633
0.00720871	0.00569889	0.00270634
0.00708663	0.00586554	0.00269543
0.00720865	0.00586554	0.00270633
0.0072087	0.00581	0.00270633
0.00557159	0.00592111	0.00297118
0.00557161	0.00597665	0.00297118
0.00566923	0.00597664	0.00293396
0.00557161	0.0060322	0.00297118
0.00557161	0.00608774	0.00297118
0.00566921	0.00608774	0.00293396
0.00557161	0.00614328	0.00297117
0.00557165	0.00619882	0.00297116
0.00566926	0.0061988	0.00293393
0.00557171	0.00625434	0.00297114
0.00557171	0.00630984	0.00297118
0.00566954	0.00630984	0.00293389
0.0053692	0.0059211	0.00305658
0.00536922	0.00597665	0.00305655
0.00546638	0.00597665	0.00301446
0.00536923	0.0060322	0.00305654
0.00536923	0.00608775	0.00305654
0.00546638	0.00608775	0.00301446
0.00536923	0.00614329	0.00305654
0.00536923	0.00619882	0.00305654
0.00546637	0.00619882	0.00301447
0.00536922	0.00625435	0.00305656
0.00536922	0.00630987	0.00305658
0.00546635	0.00630987	0.00301451
0.00674233	0.00619874	0.00834959
0.00661193	0.00619875	0.00834737
0.00661176	0.00614324	0.00834742
0.00674246	0.0063097	0.00834929
0.00661214	0.00630968	0.00834724
0.00661209	0.00625423	0.00834726
0.00647337	0.00614324	0.00833921
0.00647344	0.00619874	0.00833921
0.00634703	0.00619872	0.00832606
0.00647355	0.00625422	0.00833922
0.00647371	0.00630967	0.00833928
0.00634713	0.00630964	0.00832611
0.00641677	0.00597665	0.00273417
0.00653023	0.00597665	0.00271485
0.00653024	0.00592109	0.00271485
0.0064166	0.00608773	0.00273419
0.00653018	0.00608773	0.00271483
0.0065302	0.00603219	0.00271484
0.00641661	0.00619877	0.00273419
0.00653018	0.00619878	0.00271483
0.00653018	0.00614326	0.00271483
0.00641673	0.00630978	0.00273419
0.00653025	0.00630978	0.00271483
0.0065302	0.00625429	0.00271483
0.00663852	0.00597665	0.00270143
0.00675008	0.00597664	0.00269267
0.00675007	0.00592109	0.00269268
0.00663852	0.00608773	0.00270143
0.00675007	0.00608773	0.00269267
0.00675008	0.00603219	0.00269267
0.00663852	0.00619878	0.00270142
0.00675007	0.00619878	0.00269267
0.00675007	0.00614326	0.00269267
0.00663848	0.00630978	0.00270144
0.00675001	0.00630978	0.00269268
0.00675008	0.00625429	0.00269266
0.00619206	0.00603219	0.00278189
0.00619205	0.00608773	0.00278189
0.00629965	0.00608772	0.00275752
0.00619205	0.00614327	0.00278189
0.00619206	0.00619879	0.00278189
0.00629965	0.00619877	0.00275752
0.00619208	0.0062543	0.00278186
0.00619203	0.00630979	0.0027818
0.00629965	0.00630977	0.00275751
0.00577389	0.00558775	0.00289714
0.00577388	0.00564332	0.00289715
0.00589076	0.00564332	0.00286106
0.00577388	0.00569889	0.00289715
0.00577389	0.00575444	0.00289714
0.00589077	0.00575444	0.00286105
0.00577384	0.00580999	0.00289716
0.00577371	0.00586554	0.00289721
0.00589069	0.00586555	0.00286112
0.00557154	0.00558777	0.00297119
0.00557154	0.00564332	0.00297119
0.00566937	0.00564332	0.00293384
0.00557154	0.00569888	0.00297119
0.00557154	0.00575444	0.00297119
0.00566937	0.00575444	0.00293384
0.00557154	0.00580999	0.00297119
0.00557155	0.00586555	0.0029712
0.0056693	0.00586553	0.00293389
0.00536913	0.00558777	0.00305665
0.00536913	0.00564333	0.00305665
0.00546636	0.00564333	0.00301448
0.00536913	0.00569889	0.00305665
0.00536913	0.00575444	0.00305665
0.00546636	0.00575444	0.00301448
0.00536913	0.00581	0.00305665
0.00536916	0.00586555	0.00305663
0.00546637	0.00586555	0.00301448
0.0059971	0.00603219	0.00823227
0.00599711	0.00608772	0.00823227
0.0058917	0.00608773	0.00819452
0.00599718	0.00614327	0.00823232
0.00599717	0.00619879	0.00823232
0.00589186	0.00619878	0.00819462
0.00599718	0.00625431	0.00823234
0.00599726	0.0063098	0.00823242
0.00589192	0.00630977	0.00819465
0.00623751	0.00558776	0.0083042
0.00623751	0.00564332	0.0083042
0.00611884	0.00564333	0.00827157
0.00623751	0.00569888	0.0083042
0.00623751	0.00575444	0.0083042
0.00611884	0.00575444	0.00827157
0.00623751	0.00580999	0.0083042
0.00623751	0.00586554	0.0083042
0.00611884	0.00586554	0.00827157
0.00623751	0.00592109	0.0083042
0.0062375	0.00597664	0.00830419
0.00611879	0.00597665	0.00827154
0.00623748	0.00603219	0.0083042
0.00623749	0.00608772	0.00830422
0.00611864	0.00608773	0.00827143
0.00623752	0.00614324	0.00830427
0.00623754	0.00619874	0.00830429
0.00611866	0.00619877	0.00827145
0.00623753	0.00625423	0.0083043
0.00623745	0.0063097	0.00830427
0.00611867	0.00630974	0.00827151
0.00674221	0.00564332	0.00834967
0.00661171	0.00564332	0.00834739
0.0066117	0.00558775	0.00834739
0.00674221	0.00575444	0.00834967
0.00661171	0.00575444	0.00834739
0.00661171	0.00569888	0.00834739
0.00674221	0.00586554	0.00834967
0.00661171	0.00586554	0.00834739
0.00661171	0.00580999	0.00834739
0.00674221	0.00597664	0.00834968
0.00661171	0.00597664	0.00834739
0.00661171	0.00592109	0.00834739
0.00674221	0.00608772	0.00834969
0.00661169	0.00608771	0.00834741
0.00661171	0.00603218	0.00834739
0.00647333	0.00558775	0.00833917
0.00647334	0.00564333	0.00833917
0.00634697	0.00564332	0.00832594
0.00647334	0.00569888	0.00833917
0.00647334	0.00575444	0.00833917
0.00634697	0.00575444	0.00832594
0.00647334	0.00580999	0.00833917
0.00647334	0.00586554	0.00833917
0.00634697	0.00586554	0.00832594
0.00647334	0.00592109	0.00833917
0.00647334	0.00597664	0.00833917
0.00634697	0.00597663	0.00832594
0.00647334	0.00603218	0.00833918
0.00647334	0.00608771	0.0083392
0.006347	0.0060877	0.008326
0.00641672	0.00564332	0.00273413
0.00653018	0.00564333	0.00271484
0.00653018	0.00558775	0.00271484
0.00641672	0.00575444	0.00273413
0.00653018	0.00575444	0.00271484
0.00653018	0.00569888	0.00271484
0.0064167	0.00586555	0.00273416
0.0065302	0.00586554	0.00271484
0.00653018	0.00580999	0.00271484
0.00663854	0.00564332	0.00270143
0.00675009	0.00564332	0.00269267
0.00675008	0.00558775	0.00269268
0.00663854	0.00575444	0.00270143
0.00675009	0.00575444	0.00269267
0.00675009	0.00569889	0.00269267
0.00663853	0.00586554	0.00270143
0.00675009	0.00586554	0.00269267
0.0067501	0.00581	0.00269267
0.00619217	0.00558777	0.00278183
0.00619217	0.00564332	0.00278183
0.00629992	0.00564332	0.00275739
0.00619217	0.00569888	0.00278183
0.00619217	0.00575444	0.00278183
0.00629992	0.00575444	0.00275739
0.00619215	0.00580999	0.00278184
0.0061921	0.00586555	0.00278187
0.00629982	0.00586555	0.00275746
0.00619209	0.0059211	0.00278187
0.00619209	0.00597664	0.00278187
0.00629981	0.00597664	0.00275748
0.00599793	0.00558776	0.00283292
0.00599794	0.00564332	0.00283292
0.00609411	0.00564333	0.00280785
0.00599794	0.00569889	0.00283292
0.00599793	0.00575444	0.00283292
0.00609411	0.00575444	0.00280785
0.00599793	0.00580999	0.00283295
0.00599794	0.00586554	0.002833
0.00609411	0.00586555	0.00280789
0.00599795	0.0059211	0.00283301
0.00599794	0.00597665	0.002833
0.00609414	0.00597666	0.0028079
0.00599793	0.0060322	0.00283301
0.00599794	0.00608775	0.00283301
0.00609415	0.00608775	0.00280793
0.00599794	0.00614328	0.00283301
0.00599794	0.00619882	0.00283301
0.00609414	0.00619884	0.00280794
0.00599799	0.00625434	0.00283297
0.00599812	0.00630987	0.00283293
0.00609417	0.00630993	0.00280786
0.00577353	0.00592108	0.00289733
0.00577335	0.00597663	0.00289743
0.00589044	0.00597664	0.00286124
0.00577329	0.00603218	0.00289744
0.00577329	0.00608772	0.00289744
0.00589038	0.00608772	0.00286124
0.00577329	0.00614324	0.00289744
0.00577332	0.00619873	0.00289743
0.00589038	0.00619874	0.00286124
0.00577349	0.00625423	0.00289737
0.00577385	0.00630969	0.00289716
0.00589082	0.00630965	0.00286096
0.00509229	0.00581001	0.00775971
0.00509225	0.00586555	0.00775969
0.00501091	0.00586555	0.00771409
0.00509224	0.00592111	0.00775969
0.00509224	0.00597666	0.00775968
0.00501091	0.00597665	0.00771409
0.00509224	0.00603221	0.00775968
0.00509224	0.00608776	0.00775968
0.00501092	0.00608775	0.00771409
0.00509224	0.00614332	0.00775968
0.00509231	0.00619887	0.00775973
0.00501093	0.00619885	0.00771411
0.00509222	0.0062545	0.00775968
0.00509215	0.00631008	0.00775949
0.00500942	0.00630997	0.00771302
0.00526011	0.00581	0.00785342
0.00526011	0.00586555	0.00785342
0.00517723	0.00586555	0.00780763
0.00525993	0.00592106	0.00785329
0.00526103	0.0059769	0.00785366
0.00517728	0.00597666	0.00780762
0.00526302	0.00603233	0.00785434
0.00526417	0.00608785	0.00785474
0.00517739	0.00608775	0.00780762
0.00526417	0.00614322	0.00785471
0.00526408	0.00619893	0.00785466
0.00517746	0.00619882	0.00780765
0.00526397	0.00625431	0.00785462
0.00526301	0.00631	0.00785426
0.00517798	0.00630987	0.00780801
0.00579921	0.00558776	0.00815549
0.00579921	0.00564333	0.00815549
0.00570738	0.00564333	0.00810496
0.00579921	0.00569888	0.00815548
0.00579929	0.00575442	0.00815553
0.00570769	0.00575443	0.00810515
0.0057994	0.00580998	0.00815561
0.00579945	0.00586554	0.00815564
0.00570798	0.00586556	0.00810529
0.00579946	0.0059211	0.00815565
0.00579935	0.00597663	0.00815561
0.00570812	0.00597664	0.00810536
0.00599748	0.00558777	0.00823258
0.00599749	0.00564332	0.00823259
0.00589202	0.00564332	0.00819465
0.00599749	0.00569888	0.00823259
0.00599749	0.00575444	0.00823259
0.00589202	0.00575444	0.00819465
0.00599749	0.00580999	0.00823259
0.00599749	0.00586555	0.00823259
0.00589202	0.00586555	0.00819465
0.0059975	0.0059211	0.0082326
0.00599734	0.00597666	0.00823247
0.00589183	0.00597663	0.00819454
0.00509238	0.00558775	0.00775981
0.00509237	0.00564332	0.00775981
0.0050111	0.00564332	0.00771426
0.00509237	0.00569889	0.00775981
0.00509235	0.00575445	0.00775977
0.00501106	0.00575443	0.00771421
0.00526012	0.00558775	0.00785347
0.00526011	0.00564333	0.00785346
0.00517722	0.00564332	0.00780765
0.0052601	0.00569888	0.00785345
0.0052601	0.00575444	0.00785343
0.00517723	0.00575444	0.00780763
0.00561374	0.00603222	0.00804974
0.00561403	0.00608778	0.00804985
0.00553119	0.00608772	0.00800509
0.00561412	0.00614334	0.00804988
0.00561414	0.00619891	0.0080499
0.00553111	0.00619883	0.008005
0.00561369	0.00625449	0.00804967
0.00561306	0.00630988	0.00804925
0.00552947	0.00631017	0.00800353
0.00579926	0.00603218	0.00815563
0.00579935	0.00608774	0.00815573
0.00570843	0.00608774	0.00810554
0.00579943	0.00614324	0.00815578
0.00579945	0.00619874	0.0081558
0.00570854	0.00619881	0.00810561
0.00579949	0.00625423	0.00815584
0.0057989	0.00630987	0.0081552
0.00570781	0.00630948	0.00810501
0.00544861	0.00581	0.00795981
0.00544861	0.00586555	0.00795981
0.00535205	0.00586555	0.0079054
0.00544854	0.00592115	0.00795971
0.00545036	0.00597636	0.00796088
0.00535425	0.00597672	0.0079064
0.00561312	0.00581	0.00804965
0.00561308	0.00586555	0.00804961
0.00552972	0.00586555	0.00800385
0.00561315	0.00592111	0.00804962
0.00561341	0.00597666	0.00804968
0.00553036	0.00597656	0.00800417
0.0054486	0.00558775	0.00795978
0.0054486	0.00564332	0.00795978
0.00535205	0.00564332	0.0079054
0.0054486	0.00569889	0.00795978
0.00544861	0.00575444	0.00795979
0.00535205	0.00575444	0.00790539
0.00561258	0.00558775	0.00804938
0.00561257	0.00564332	0.00804938
0.00552958	0.00564332	0.00800377
0.00561268	0.00569889	0.00804944
0.00561295	0.00575446	0.00804959
0.00552972	0.00575445	0.00800384

