0.0064	0.00759316	0.00469094
0.00634855	0.0076111	0.00473209
0.00629684	0.00762724	0.00477368
0.00624475	0.00764167	0.00481539
0.00619228	0.00765396	0.00485731
0.00613955	0.00766399	0.00489951
0.00608663	0.00767186	0.00494193
0.00603354	0.00767778	0.00498444
0.00598034	0.00768187	0.00502704
0.00592708	0.00768405	0.00506968
0.00587378	0.00768424	0.00511234
0.00582051	0.00768245	0.00515498
0.00576728	0.00767868	0.00519756
0.00571417	0.00767299	0.00524005
0.0056612	0.00766536	0.00528243
0.0056084	0.00765579	0.00532463
0.00555585	0.00764428	0.00536665
0.00550358	0.00763085	0.00540847
0.00545168	0.00761527	0.00545
0.00645145	0.0076111	0.00473209
0.0064	0.00762902	0.00477325
0.00634829	0.00764467	0.004815
0.00629622	0.00765843	0.00485694
0.00624377	0.00767055	0.00489889
0.00619106	0.00768055	0.00494107
0.00613815	0.00768841	0.00498347
0.00608509	0.0076942	0.00502599
0.00603195	0.00769802	0.00506863
0.00597872	0.00770001	0.00511129
0.00592548	0.00770005	0.00515395
0.00587224	0.00769814	0.00519658
0.00581906	0.00769428	0.00523915
0.00576595	0.00768865	0.00528162
0.005713	0.00768105	0.00532398
0.00566023	0.00767145	0.00536617
0.00560766	0.00766006	0.00540817
0.00555542	0.00764659	0.00544998
0.00550357	0.00763091	0.00549151
0.00650316	0.00762724	0.00477368
0.00645171	0.00764467	0.004815
0.0064	0.00766034	0.00485668
0.00634795	0.00767362	0.00489873
0.00629555	0.00768497	0.00494087
0.00624288	0.00769477	0.00498306
0.00619	0.00770274	0.00502538
0.00613697	0.00770847	0.00506788
0.00608387	0.0077121	0.00511052
0.00603069	0.00771395	0.00515316
0.00597748	0.00771391	0.0051958
0.00592428	0.00771195	0.00523841
0.00587112	0.00770808	0.00528096
0.00581804	0.00770244	0.00532342
0.00576512	0.0076948	0.00536577
0.00571239	0.00768514	0.00540796
0.00565986	0.00767367	0.00544997
0.00560766	0.00766011	0.00549177
0.00555582	0.00764443	0.00553331
0.00655525	0.00764167	0.00481539
0.00650378	0.00765843	0.00485694
0.00645205	0.00767362	0.00489873
0.0064	0.00768695	0.00494068
0.00634762	0.00769803	0.00498287
0.00629499	0.00770727	0.00502517
0.00624215	0.00771497	0.00506752
0.00618916	0.00772068	0.00510998
0.00613608	0.00772427	0.00515259
0.00608293	0.00772601	0.00519522
0.00602976	0.00772582	0.00523785
0.00597659	0.0077238	0.00528044
0.00592347	0.00771992	0.00532297
0.00587044	0.00771411	0.00536543
0.00581755	0.00770646	0.00540778
0.00576484	0.00769687	0.00544996
0.00571238	0.00768519	0.00549197
0.00566022	0.00767154	0.00553377
0.00560837	0.00765598	0.00557532
0.00660772	0.00765396	0.00485731
0.00655623	0.00767055	0.00489889
0.00650445	0.00768497	0.00494087
0.00645238	0.00769803	0.00498287
0.0064	0.00770927	0.00502497
0.00634738	0.00771824	0.00506731
0.00629457	0.00772536	0.00510976
0.0062416	0.00773089	0.00515224
0.00618853	0.0077346	0.00519479
0.00613541	0.00773624	0.00523741
0.00608227	0.00773589	0.00528004
0.00602913	0.0077338	0.00532263
0.00597606	0.00772975	0.00536516
0.00592307	0.00772386	0.00540763
0.00587021	0.00771619	0.00544997
0.00581755	0.00770647	0.00549216
0.0057651	0.00769485	0.00553418
0.00571296	0.00768121	0.00557598
0.00566115	0.00766555	0.00561754
0.00666045	0.00766399	0.00489951
0.00660894	0.00768055	0.00494107
0.00655712	0.00769477	0.00498306
0.00650501	0.00770727	0.00502517
0.00645262	0.00771824	0.00506731
0.0064	0.00772733	0.0051096
0.00634721	0.0077341	0.00515209
0.00629426	0.00773909	0.00519464
0.00624121	0.00774269	0.00523719
0.00618811	0.00774437	0.00527978
0.00613499	0.007744	0.00532239
0.00608188	0.00774175	0.00536498
0.00602883	0.00773764	0.00540751
0.00597587	0.00773171	0.00544997
0.00592307	0.00772386	0.00549232
0.00587044	0.00771411	0.00553452
0.00581801	0.00770251	0.00557654
0.0057659	0.00768881	0.00561835
0.00571413	0.00767313	0.00565992
0.00671337	0.00767186	0.00494193
0.00666185	0.00768841	0.00498347
0.00661	0.00770274	0.00502538
0.00655785	0.00771497	0.00506752
0.00650543	0.00772536	0.00510976
0.0064528	0.0077341	0.00515209
0.0064	0.00774095	0.00519453
0.00634707	0.00774572	0.00523709
0.00629405	0.00774888	0.00527968
0.00624096	0.00775049	0.00532226
0.00618786	0.00775019	0.00536485
0.00613477	0.00774794	0.00540744
0.00608175	0.00774375	0.00544997
0.00602883	0.00773764	0.00549243
0.00597605	0.00772975	0.00553478
0.00592346	0.00771992	0.00557698
0.0058711	0.00770811	0.005619
0.00581903	0.00769435	0.00566082
0.00576726	0.00767875	0.00570241
0.00676646	0.00767778	0.00498444
0.00671491	0.0076942	0.00502599
0.00666303	0.00770847	0.00506788
0.00661084	0.00772068	0.00510999
0.0065584	0.00773089	0.00515224
0.00650574	0.00773909	0.00519464
0.00645293	0.00774572	0.00523709
0.0064	0.00775077	0.0052796
0.00634699	0.00775372	0.00532219
0.00629392	0.00775471	0.0053648
0.00624084	0.00775437	0.00540739
0.00618776	0.00775226	0.00544997
0.00613477	0.00774794	0.00549251
0.00608187	0.00774175	0.00553497
0.00602912	0.0077338	0.00557732
0.00597658	0.00772381	0.00561952
0.00592426	0.00771196	0.00566156
0.00587221	0.00769818	0.0057034
0.00582047	0.00768249	0.005745
0.00681966	0.00768187	0.00502704
0.00676806	0.00769802	0.00506863
0.00671613	0.0077121	0.00511052
0.00666392	0.00772427	0.00515259
0.00661147	0.0077346	0.0051948
0.00655879	0.00774269	0.00523719
0.00650595	0.00774888	0.00527968
0.00645301	0.00775372	0.00532219
0.0064	0.00775669	0.00536476
0.00634695	0.00775749	0.00540738
0.00629388	0.00775672	0.00544997
0.00624084	0.00775437	0.00549255
0.00618785	0.00775019	0.0055351
0.00613498	0.007744	0.00557756
0.00608226	0.00773589	0.00561992
0.00602975	0.00772582	0.00566212
0.00597746	0.00771391	0.00570418
0.00592546	0.00770005	0.00574603
0.00587376	0.00768424	0.00578764
0.00687292	0.00768405	0.00506968
0.00682128	0.00770001	0.00511129
0.00676931	0.00771395	0.00515316
0.00671707	0.00772601	0.00519522
0.00666459	0.00773624	0.00523741
0.00661189	0.00774437	0.00527978
0.00655904	0.00775049	0.00532226
0.00650608	0.00775471	0.0053648
0.00645305	0.00775749	0.00540738
0.0064	0.0077586	0.00544997
0.00634695	0.00775749	0.00549257
0.00629392	0.00775471	0.00553514
0.00624096	0.00775049	0.0055777
0.0061881	0.00774437	0.00562019
0.0061354	0.00773624	0.00566256
0.00608292	0.007726	0.00570476
0.00603067	0.00771393	0.00574682
0.00597871	0.00769995	0.00578869
0.00592706	0.00768398	0.00583029
0.00692622	0.00768425	0.00511234
0.00687452	0.00770005	0.00515395
0.00682252	0.00771391	0.0051958
0.00677024	0.00772582	0.00523785
0.00671773	0.00773589	0.00528004
0.00666501	0.007744	0.00532239
0.00661215	0.00775019	0.00536485
0.00655916	0.00775437	0.00540739
0.00650612	0.00775672	0.00544997
0.00645305	0.00775749	0.00549257
0.0064	0.00775669	0.00553519
0.00634699	0.00775372	0.00557776
0.00629405	0.00774888	0.00562029
0.0062412	0.00774269	0.00566279
0.00618851	0.00773461	0.00570519
0.00613606	0.00772426	0.0057474
0.00608385	0.00771209	0.00578948
0.00603193	0.00769796	0.00583136
0.00598032	0.00768176	0.00587294
0.00697949	0.00768245	0.00515498
0.00692776	0.00769814	0.00519658
0.00687572	0.00771195	0.00523841
0.00682341	0.0077238	0.00528044
0.00677087	0.0077338	0.00532263
0.00671812	0.00774175	0.00536498
0.00666523	0.00774794	0.00540744
0.00661224	0.00775226	0.00544997
0.00655916	0.00775438	0.00549255
0.00650608	0.00775471	0.00553514
0.00645301	0.00775372	0.00557776
0.0064	0.00775077	0.00562035
0.00634707	0.00774572	0.00566288
0.00629425	0.00773909	0.00570535
0.00624158	0.00773089	0.00574775
0.00618914	0.00772058	0.00578999
0.00613696	0.00770836	0.00583212
0.00608507	0.00769413	0.00587401
0.00603351	0.00767764	0.00591554
0.00703272	0.00767868	0.00519756
0.00698094	0.00769429	0.00523915
0.00692888	0.00770808	0.00528096
0.00687653	0.00771992	0.00532297
0.00682395	0.00772975	0.00536516
0.00677117	0.00773764	0.00540751
0.00671825	0.00774375	0.00544997
0.00666523	0.00774794	0.00549251
0.00661215	0.00775019	0.0055351
0.00655904	0.00775049	0.0055777
0.00650596	0.00774888	0.00562029
0.00645293	0.00774572	0.00566288
0.0064	0.00774095	0.00570546
0.00634719	0.0077341	0.00574792
0.00629454	0.00772536	0.00579026
0.00624212	0.00771487	0.00583249
0.00618997	0.00770259	0.00587463
0.00613812	0.00768828	0.00591656
0.00608659	0.00767166	0.00595807
0.00708583	0.007673	0.00524005
0.00703405	0.00768865	0.00528162
0.00698196	0.00770244	0.00532342
0.00692956	0.00771411	0.00536543
0.00687693	0.00772386	0.00540763
0.00682413	0.00773171	0.00544997
0.00677117	0.00773764	0.00549243
0.00671813	0.00774175	0.00553497
0.00666502	0.007744	0.00557756
0.0066119	0.00774438	0.00562019
0.0065588	0.00774269	0.00566279
0.00650575	0.00773909	0.00570535
0.00645281	0.0077341	0.00574792
0.0064	0.00772733	0.00579043
0.00634736	0.00771823	0.00583272
0.00629497	0.00770716	0.00587484
0.00624287	0.00769458	0.00591695
0.00619103	0.00768045	0.00595898
0.00613951	0.00766382	0.0060005
0.0071388	0.00766536	0.00528243
0.007087	0.00768105	0.00532398
0.00703488	0.0076948	0.00536577
0.00698245	0.00770647	0.00540778
0.00692979	0.00771619	0.00544997
0.00687693	0.00772386	0.00549232
0.00682395	0.00772975	0.00553478
0.00677088	0.0077338	0.00557732
0.00671774	0.00773589	0.00561992
0.00666461	0.00773624	0.00566256
0.00661149	0.00773461	0.00570519
0.00655842	0.00773089	0.00574775
0.00650546	0.00772536	0.00579026
0.00645264	0.00771823	0.00583272
0.0064	0.00770927	0.00587505
0.00634763	0.00769783	0.0059171
0.00629557	0.00768467	0.00595909
0.00624378	0.00767043	0.00600114
0.00619226	0.00765388	0.0060427
0.0071916	0.00765579	0.00532463
0.00713977	0.00767146	0.00536617
0.00708761	0.00768515	0.00540796
0.00703516	0.00769687	0.00544996
0.00698246	0.00770647	0.00549216
0.00692956	0.00771411	0.00553451
0.00687654	0.00771992	0.00557698
0.00682342	0.00772381	0.00561952
0.00677025	0.00772582	0.00566212
0.00671708	0.007726	0.00570476
0.00666394	0.00772426	0.0057474
0.00661086	0.00772058	0.00578999
0.00655788	0.00771487	0.00583249
0.00650503	0.00770716	0.00587484
0.00645237	0.00769783	0.0059171
0.0064	0.00768676	0.00595929
0.00634798	0.0076734	0.00600126
0.00629624	0.00765828	0.00604307
0.00624475	0.00764159	0.00608461
0.00724415	0.00764428	0.00536665
0.00719234	0.00766006	0.00540817
0.00714014	0.00767368	0.00544997
0.00708762	0.00768519	0.00549197
0.0070349	0.00769485	0.00553418
0.00698199	0.00770252	0.00557654
0.0069289	0.00770811	0.005619
0.00687574	0.00771196	0.00566156
0.00682254	0.00771391	0.00570418
0.00676933	0.00771393	0.00574682
0.00671615	0.00771209	0.00578948
0.00666304	0.00770836	0.00583212
0.00661003	0.00770259	0.00587463
0.00655713	0.00769458	0.00591695
0.00650443	0.00768467	0.00595909
0.00645203	0.0076734	0.00600126
0.0064	0.00766024	0.00604338
0.0063483	0.00764456	0.00608507
0.00629681	0.00762707	0.00612633
0.00729642	0.00763085	0.00540847
0.00724458	0.00764659	0.00544998
0.00719234	0.00766012	0.00549177
0.00713978	0.00767154	0.00553377
0.00708704	0.00768121	0.00557598
0.0070341	0.00768881	0.00561835
0.00698097	0.00769435	0.00566082
0.00692779	0.00769818	0.0057034
0.00687455	0.00770005	0.00574603
0.00682129	0.00769995	0.00578869
0.00676807	0.00769796	0.00583136
0.00671493	0.00769413	0.00587401
0.00666188	0.00768828	0.00591656
0.00660897	0.00768045	0.00595898
0.00655622	0.00767043	0.00600114
0.00650376	0.00765828	0.00604307
0.0064517	0.00764456	0.00608507
0.0064	0.00762894	0.00612685
0.00634851	0.00761091	0.00616792
0.00734832	0.00761527	0.00545
0.00729643	0.00763091	0.00549151
0.00724418	0.00764443	0.00553331
0.00719163	0.00765598	0.00557532
0.00713885	0.00766555	0.00561754
0.00708588	0.00767313	0.00565992
0.00703274	0.00767876	0.00570241
0.00697953	0.00768249	0.005745
0.00692624	0.00768424	0.00578764
0.00687294	0.00768398	0.00583029
0.00681968	0.00768176	0.00587294
0.00676649	0.00767764	0.00591554
0.00671342	0.00767166	0.00595807
0.00666049	0.00766382	0.0060005
0.00660774	0.00765388	0.0060427
0.00655526	0.00764159	0.00608461
0.00650319	0.00762707	0.00612633
0.00645149	0.00761091	0.00616792
0.0064	0.00759304	0.00620906
0.00647247	0.00659453	0.00395385
0.00647136	0.00666365	0.00395937
0.00647004	0.00673241	0.00396926
0.00646853	0.00680048	0.00398371
0.00646683	0.00686743	0.00400308
0.00646492	0.00693281	0.00402734
0.00646278	0.0069963	0.0040561
0.00646044	0.00705775	0.00408889
0.00645794	0.0071171	0.00412521
0.0064553	0.00717429	0.00416475
0.00645253	0.00722906	0.00420749
0.00644962	0.00728096	0.00425358
0.00644659	0.00732991	0.00430266
0.00644356	0.0073761	0.0043542
0.00644049	0.00741976	0.00440773
0.00643734	0.00746113	0.00446296
0.00643411	0.00749958	0.00452018
0.00643089	0.00753494	0.00457927
0.00642769	0.00756771	0.00463972
0.00661659	0.00659565	0.00396179
0.00661328	0.00666705	0.00396739
0.00660934	0.00673821	0.003978
0.00660478	0.00680882	0.00399355
0.00659965	0.00687844	0.00401405
0.0065939	0.0069464	0.00403968
0.00658746	0.00701213	0.00407028
0.00658044	0.00707547	0.00410515
0.00657295	0.00713635	0.00414375
0.00656498	0.00719464	0.00418583
0.00655662	0.00725025	0.00423118
0.00654792	0.00730279	0.00427976
0.00653895	0.00735214	0.00433121
0.00652984	0.0073985	0.0043849
0.00652061	0.00744194	0.00444051
0.00651112	0.00748255	0.00449795
0.0065015	0.00752021	0.00455718
0.00649191	0.00755472	0.004618
0.00648234	0.00758631	0.00468009
0.00676025	0.00659688	0.00397758
0.00675508	0.00667071	0.00398319
0.00674875	0.00674434	0.00399427
0.00674131	0.00681744	0.00401066
0.00673282	0.00688954	0.00403225
0.0067233	0.00695991	0.00405907
0.00671256	0.00702766	0.0040912
0.00670081	0.00709258	0.00412797
0.00668827	0.00715474	0.00416849
0.00667495	0.00721398	0.00421258
0.00666099	0.00727027	0.00425994
0.00664652	0.00732341	0.00431034
0.0066316	0.0073731	0.00436352
0.00661637	0.00741932	0.00441901
0.00660092	0.00746227	0.00447631
0.00658514	0.00750224	0.00453527
0.00656916	0.00753924	0.00459583
0.0065532	0.00757298	0.0046578
0.00653724	0.00760354	0.00472094
0.00690292	0.00659813	0.00400145
0.00689628	0.00667444	0.00400693
0.00688785	0.00675055	0.00401822
0.00687769	0.00682605	0.00403527
0.00686593	0.00690039	0.00405788
0.00685268	0.00697287	0.00408574
0.00683775	0.00704251	0.00411896
0.00682131	0.00710882	0.00415715
0.00680372	0.00717197	0.00419926
0.00678507	0.007232	0.00424484
0.00676554	0.00728881	0.00429366
0.0067453	0.00734227	0.00434544
0.00672446	0.00739209	0.00439986
0.00670316	0.00743809	0.00445654
0.00668154	0.00748053	0.00451494
0.00665948	0.0075198	0.00457486
0.00663716	0.00755593	0.00463627
0.00661484	0.00758881	0.00469888
0.00659252	0.00761853	0.00476243
0.0070442	0.00659936	0.00403342
0.00703634	0.00667809	0.00403879
0.00702607	0.00675657	0.00405019
0.00701341	0.00683433	0.00406761
0.00699852	0.00691073	0.00409092
0.00698157	0.00698499	0.00411973
0.00696251	0.00705628	0.00415374
0.00694149	0.0071239	0.00419273
0.00691889	0.00718787	0.00423594
0.00689492	0.00724839	0.00428262
0.00686984	0.00730546	0.00433246
0.00684388	0.00735901	0.00438513
0.00681719	0.00740883	0.00444022
0.00678995	0.00745471	0.00449738
0.00676226	0.00749669	0.00455622
0.00673399	0.00753517	0.00461657
0.0067054	0.00757042	0.00467828
0.0066768	0.00760244	0.00474097
0.00664816	0.00763123	0.00480444
0.00718348	0.00660056	0.00407362
0.00717476	0.00668159	0.0040789
0.00716282	0.00676227	0.00409041
0.00714783	0.00684211	0.00410807
0.00712996	0.00692038	0.00413177
0.00710944	0.00699626	0.00416112
0.00708631	0.00706896	0.00419559
0.00706077	0.00713765	0.00423502
0.00703323	0.00720227	0.00427881
0.00700402	0.00726315	0.00432604
0.00697346	0.00732032	0.00437636
0.00694184	0.00737374	0.00442942
0.00690936	0.00742333	0.0044847
0.00687628	0.00746898	0.00454177
0.00684266	0.00751059	0.00460038
0.00680834	0.0075484	0.00466049
0.00677361	0.00758281	0.00472188
0.00673884	0.00761394	0.0047841
0.00670399	0.00764177	0.00484696
0.00732023	0.00660166	0.00412224
0.0073109	0.00668485	0.00412739
0.00729753	0.00676755	0.00413892
0.00728032	0.00684919	0.00415678
0.00725956	0.00692906	0.00418071
0.00723558	0.00700632	0.00421028
0.00720847	0.00708015	0.00424489
0.00717852	0.00714972	0.00428433
0.00714621	0.00721494	0.00432806
0.00711192	0.00727613	0.00437519
0.00707603	0.00733331	0.00442537
0.00703888	0.00738654	0.0044782
0.00700074	0.00743578	0.00453311
0.00696192	0.00748098	0.00458963
0.00692251	0.00752214	0.00464747
0.00688231	0.00755938	0.00470668
0.00684162	0.007593	0.00476713
0.00680083	0.00762325	0.00482831
0.00675996	0.00765024	0.00488997
0.00745372	0.00660264	0.00417946
0.00744403	0.00668773	0.00418456
0.00742948	0.00677224	0.004196
0.00741026	0.0068555	0.0042138
0.00738672	0.00693667	0.00423777
0.00735933	0.00701497	0.00426735
0.00732832	0.00708964	0.00430179
0.00729412	0.00715992	0.00434075
0.00725724	0.00722563	0.00438383
0.00721803	0.00728699	0.0044303
0.00717699	0.00734413	0.0044797
0.00713452	0.00739711	0.00453165
0.00709091	0.00744596	0.00458556
0.00704653	0.00749066	0.00464093
0.00700153	0.00753133	0.00469742
0.00695569	0.00756809	0.00475509
0.00690928	0.00760109	0.00481393
0.00686271	0.00763058	0.00487346
0.006816	0.00765673	0.00493335
0.00758329	0.00660348	0.00424541
0.00757345	0.00669018	0.00425051
0.00755781	0.00677618	0.0042619
0.00753676	0.00686078	0.00427948
0.0075107	0.0069431	0.00430308
0.00748008	0.00702224	0.00433225
0.00744528	0.00709746	0.00436618
0.00740697	0.00716818	0.00440427
0.00736567	0.00723417	0.00444624
0.00732175	0.00729557	0.00449149
0.00727579	0.00735254	0.00453953
0.00722822	0.00740519	0.00458998
0.00717939	0.00745361	0.00464225
0.0071297	0.00749781	0.00469582
0.00707934	0.00753795	0.00475038
0.00702813	0.00757427	0.0048059
0.00697631	0.00760682	0.00486246
0.00692425	0.00763573	0.00491965
0.006872	0.00766127	0.00497714
0.00770789	0.00660412	0.0043204
0.00769811	0.00669207	0.00432558
0.00768166	0.00677928	0.00433679
0.00765894	0.00686492	0.00435396
0.00763051	0.0069481	0.00437689
0.00759694	0.00702793	0.00440518
0.0075586	0.00710354	0.00443808
0.00751633	0.0071744	0.00447492
0.00747084	0.00724046	0.00451532
0.00742248	0.00730177	0.00455877
0.00737188	0.00735846	0.00460484
0.00731952	0.00741074	0.00465315
0.00726579	0.00745874	0.00470311
0.00721114	0.00750249	0.00475421
0.00715574	0.00754217	0.00480618
0.00709949	0.00757809	0.00485895
0.00704259	0.00761025	0.00491261
0.00698538	0.00763873	0.00496685
0.00692791	0.00766379	0.00502129
0.00782667	0.0066045	0.00440452
0.00781702	0.00669327	0.00440989
0.00779987	0.00678131	0.00442082
0.00777571	0.00686767	0.00443739
0.00774513	0.00695137	0.00445941
0.00770877	0.00703154	0.00448647
0.00766726	0.00710743	0.00451775
0.00762142	0.00717836	0.0045527
0.00757197	0.00724422	0.00459106
0.00751948	0.00730526	0.00463217
0.00746464	0.00736169	0.00467558
0.00740793	0.00741367	0.00472103
0.00734972	0.00746131	0.00476799
0.0072905	0.00750467	0.00481598
0.00723047	0.007544	0.0048647
0.00716955	0.0075796	0.0049141
0.00710795	0.00761143	0.00496427
0.00704595	0.00763953	0.00501496
0.00698366	0.00766423	0.00506578
0.00793836	0.00660466	0.00449787
0.00792898	0.00669382	0.00450348
0.00791132	0.00678227	0.00451414
0.00788584	0.00686894	0.00452996
0.00785333	0.00695283	0.00455074
0.00781452	0.00703307	0.00457615
0.0077701	0.00710892	0.00460536
0.00772116	0.00717985	0.00463777
0.00766822	0.00724543	0.00467343
0.00761193	0.00730601	0.00471165
0.00755334	0.00736214	0.00475174
0.00749274	0.0074138	0.00479368
0.00743049	0.00746103	0.00483701
0.00736715	0.00750403	0.00488123
0.00730299	0.00754311	0.00492606
0.00723787	0.00757841	0.00497147
0.007172	0.00760993	0.00501756
0.00710573	0.00763788	0.00506404
0.00703913	0.00766253	0.00511056
0.00804145	0.00660457	0.00460063
0.00803231	0.00669361	0.00460649
0.00801425	0.00678206	0.0046167
0.00798778	0.0068687	0.00463143
0.00795367	0.00695245	0.00465061
0.00791279	0.0070325	0.00467387
0.00786594	0.0071081	0.00470051
0.00781422	0.00717864	0.00472999
0.00775834	0.0072439	0.00476228
0.00769895	0.00730411	0.00479685
0.00763706	0.00735975	0.00483311
0.0075731	0.007411	0.00487094
0.00750742	0.00745788	0.00490999
0.0074406	0.00750064	0.00494977
0.00737287	0.00753955	0.00499006
0.00730413	0.00757467	0.00503087
0.0072346	0.00760609	0.00507225
0.00716463	0.00763404	0.00511392
0.00709427	0.00765873	0.00515559
0.00813483	0.00660421	0.00471222
0.00812577	0.00669261	0.00471837
0.0081073	0.00678053	0.00472806
0.00808005	0.00686672	0.00474146
0.00804477	0.00695003	0.00475858
0.00800227	0.00702955	0.00477928
0.00795348	0.00710463	0.00480282
0.00789958	0.0071746	0.00482883
0.00784134	0.00723935	0.00485724
0.0077795	0.00729913	0.00488753
0.00771503	0.00735434	0.00491931
0.00764844	0.00740527	0.00495241
0.00758005	0.00745196	0.00498651
0.00751039	0.00749454	0.00502127
0.00743972	0.00753329	0.00505649
0.00736801	0.00756837	0.00509212
0.0072955	0.00759987	0.00512819
0.00722244	0.00762792	0.00516453
0.00714896	0.00765284	0.00520081
0.00821666	0.00660366	0.00483239
0.0082077	0.00669103	0.00483862
0.00818892	0.00677797	0.00484758
0.008161	0.00686319	0.00485947
0.00812484	0.00694557	0.00487429
0.00808131	0.00702429	0.00489194
0.00803135	0.00709867	0.00491186
0.00797597	0.0071679	0.00493384
0.00791604	0.0072319	0.00495786
0.00785255	0.00729122	0.00498334
0.00778636	0.00734606	0.00501001
0.00771789	0.00739663	0.00503782
0.00764757	0.00744315	0.00506643
0.00757587	0.00748562	0.00509561
0.00750306	0.00752437	0.00512519
0.00742914	0.00755952	0.00515509
0.00735434	0.00759112	0.00518537
0.00727897	0.00761951	0.00521581
0.00720314	0.00764494	0.00524616
0.00828479	0.0066029	0.00496056
0.0082758	0.00668887	0.00496656
0.0082569	0.00677444	0.00497443
0.00822868	0.00685828	0.00498443
0.00819213	0.00693934	0.00499657
0.00814826	0.00701692	0.00501073
0.00809789	0.00709032	0.00502655
0.00804189	0.00715859	0.00504405
0.0079812	0.0072218	0.00506319
0.00791693	0.0072805	0.00508338
0.0078499	0.00733487	0.0051045
0.00778055	0.00738519	0.00512651
0.00770926	0.00743159	0.00514916
0.00763643	0.00747405	0.00517226
0.00756234	0.00751283	0.00519572
0.00748708	0.00754812	0.00521943
0.00741088	0.00758002	0.00524343
0.00733407	0.00760891	0.00526754
0.00725671	0.00763495	0.00529153
0.00833761	0.00660202	0.00509546
0.00832829	0.00668627	0.00510074
0.00830942	0.00677011	0.00510705
0.00828148	0.00685228	0.00511466
0.0082453	0.00693173	0.00512365
0.00820172	0.00700773	0.00513403
0.00815158	0.00707959	0.00514558
0.00809587	0.00714667	0.00515824
0.00803558	0.00720903	0.00517202
0.00797165	0.00726709	0.00518658
0.00790486	0.00732104	0.00520179
0.00783564	0.00737106	0.00521766
0.00776436	0.00741729	0.00523399
0.00769142	0.00745977	0.00525067
0.00761704	0.00749865	0.00526766
0.00754144	0.00753424	0.00528482
0.00746488	0.0075667	0.00530215
0.00738754	0.00759619	0.00531958
0.00730958	0.00762295	0.0053369
0.00837383	0.00660116	0.0052353
0.00836413	0.0066836	0.0052391
0.00834542	0.00676544	0.00524332
0.00831818	0.00684555	0.00524814
0.008283	0.006923	0.00525368
0.00824053	0.00699702	0.00526003
0.0081916	0.00706706	0.00526702
0.00813714	0.00713258	0.00527469
0.00807823	0.00719382	0.00528299
0.00801585	0.0072512	0.00529166
0.00795049	0.00730467	0.00530076
0.00788255	0.00735439	0.0053103
0.00781239	0.00740045	0.00532014
0.00774037	0.00744289	0.0053302
0.00766682	0.00748198	0.00534044
0.00759199	0.00751805	0.00535078
0.0075161	0.00755118	0.00536121
0.00743927	0.00758144	0.00537172
0.00736169	0.00760906	0.00538215
0.0083924	0.00660041	0.00537804
0.00838252	0.00668119	0.00537939
0.00836426	0.00676087	0.00538084
0.00833808	0.00683859	0.00538247
0.00830448	0.00691361	0.00538432
0.00826409	0.00698534	0.00538642
0.00821741	0.0070532	0.00538876
0.00816538	0.00711698	0.00539132
0.00810911	0.00717697	0.00539409
0.00804926	0.00723329	0.00539699
0.00798642	0.0072861	0.00540001
0.00792101	0.00733554	0.00540315
0.00785316	0.00738143	0.00540643
0.00778323	0.00742386	0.0054098
0.00771164	0.00746324	0.00541323
0.00763865	0.00749976	0.00541668
0.00756445	0.00753355	0.00542016
0.00748919	0.00756467	0.00542366
0.00741296	0.00759313	0.00542714
0.00632753	0.00659453	0.00395385
0.00632865	0.00666365	0.00395937
0.00632996	0.00673241	0.00396926
0.00633147	0.00680048	0.00398371
0.00633317	0.00686743	0.00400308
0.00633508	0.00693281	0.00402734
0.00633722	0.0069963	0.0040561
0.00633956	0.00705775	0.00408889
0.00634206	0.0071171	0.00412521
0.0063447	0.00717429	0.00416475
0.00634747	0.00722906	0.00420749
0.00635039	0.00728096	0.00425358
0.00635341	0.00732991	0.00430266
0.00635645	0.0073761	0.0043542
0.00635951	0.00741976	0.00440773
0.00636266	0.00746113	0.00446296
0.00636589	0.00749958	0.00452018
0.00636911	0.00753494	0.00457927
0.00637231	0.00756771	0.00463972
0.00618341	0.00659565	0.00396179
0.00618672	0.00666705	0.00396739
0.00619066	0.00673821	0.003978
0.00619522	0.00680882	0.00399355
0.00620035	0.00687844	0.00401405
0.0062061	0.0069464	0.00403968
0.00621255	0.00701213	0.00407028
0.00621956	0.00707547	0.00410515
0.00622705	0.00713635	0.00414375
0.00623502	0.00719464	0.00418583
0.00624338	0.00725025	0.00423118
0.00625208	0.00730279	0.00427976
0.00626106	0.00735214	0.00433121
0.00627016	0.0073985	0.0043849
0.00627939	0.00744194	0.00444051
0.00628888	0.00748255	0.00449795
0.0062985	0.00752021	0.00455718
0.00630809	0.00755472	0.004618
0.00631766	0.00758631	0.00468009
0.00603975	0.00659688	0.00397758
0.00604492	0.00667071	0.00398319
0.00605125	0.00674434	0.00399427
0.00605869	0.00681744	0.00401066
0.00606718	0.00688954	0.00403226
0.00607671	0.00695991	0.00405907
0.00608744	0.00702766	0.00409121
0.00609919	0.00709258	0.00412797
0.00611173	0.00715474	0.00416849
0.00612505	0.00721398	0.00421258
0.00613901	0.00727027	0.00425994
0.00615348	0.00732341	0.00431034
0.00616841	0.00737309	0.00436352
0.00618363	0.00741932	0.00441901
0.00619908	0.00746227	0.00447631
0.00621486	0.00750224	0.00453527
0.00623084	0.00753924	0.00459583
0.00624681	0.00757297	0.0046578
0.00626276	0.00760353	0.00472094
0.00589708	0.00659813	0.00400145
0.00590372	0.00667444	0.00400693
0.00591215	0.00675055	0.00401823
0.00592231	0.00682604	0.00403528
0.00593407	0.00690039	0.00405788
0.00594733	0.00697287	0.00408574
0.00596225	0.00704251	0.00411897
0.0059787	0.00710882	0.00415715
0.00599629	0.00717197	0.00419926
0.00601493	0.00723199	0.00424484
0.00603447	0.00728881	0.00429366
0.0060547	0.00734227	0.00434544
0.00607555	0.00739209	0.00439986
0.00609684	0.00743809	0.00445654
0.00611846	0.00748053	0.00451494
0.00614052	0.00751979	0.00457486
0.00616284	0.00755593	0.00463627
0.00618516	0.00758881	0.00469888
0.00620749	0.00761853	0.00476243
0.0057558	0.00659936	0.00403342
0.00576366	0.00667809	0.00403879
0.00577394	0.00675657	0.00405019
0.00578659	0.00683433	0.00406762
0.00580148	0.00691073	0.00409092
0.00581843	0.00698499	0.00411973
0.00583749	0.00705628	0.00415374
0.00585851	0.0071239	0.00419273
0.00588111	0.00718787	0.00423594
0.00590508	0.00724839	0.00428262
0.00593016	0.00730546	0.00433246
0.00595612	0.00735901	0.00438513
0.00598282	0.00740883	0.00444022
0.00601005	0.00745471	0.00449738
0.00603774	0.00749669	0.00455622
0.00606601	0.00753517	0.00461657
0.0060946	0.00757042	0.00467828
0.0061232	0.00760244	0.00474097
0.00615184	0.00763123	0.00480444
0.00561652	0.00660056	0.00407362
0.00562525	0.00668159	0.0040789
0.00563719	0.00676227	0.00409042
0.00565218	0.0068421	0.00410807
0.00567004	0.00692038	0.00413177
0.00569057	0.00699626	0.00416112
0.0057137	0.00706895	0.00419559
0.00573924	0.00713765	0.00423503
0.00576677	0.00720227	0.00427881
0.00579598	0.00726315	0.00432604
0.00582654	0.00732031	0.00437636
0.00585816	0.00737374	0.00442942
0.00589064	0.00742333	0.0044847
0.00592372	0.00746898	0.00454177
0.00595734	0.00751059	0.00460038
0.00599167	0.00754839	0.00466049
0.0060264	0.00758281	0.00472188
0.00606116	0.00761394	0.0047841
0.00609601	0.00764177	0.00484696
0.00547977	0.00660166	0.00412224
0.00548911	0.00668485	0.00412739
0.00550247	0.00676755	0.00413892
0.00551968	0.00684919	0.00415678
0.00554044	0.00692906	0.00418072
0.00556443	0.00700631	0.00421029
0.00559154	0.00708015	0.00424489
0.00562149	0.00714972	0.00428433
0.00565379	0.00721494	0.00432806
0.00568808	0.00727612	0.00437519
0.00572398	0.00733331	0.00442537
0.00576112	0.00738654	0.0044782
0.00579926	0.00743578	0.00453311
0.00583808	0.00748098	0.00458963
0.00587749	0.00752214	0.00464747
0.00591769	0.00755937	0.00470668
0.00595838	0.007593	0.00476713
0.00599917	0.00762325	0.00482831
0.00604004	0.00765024	0.00488997
0.00534628	0.00660264	0.00417946
0.00535597	0.00668773	0.00418456
0.00537053	0.00677224	0.00419601
0.00538975	0.0068555	0.0042138
0.00541328	0.00693667	0.00423777
0.00544068	0.00701497	0.00426736
0.00547168	0.00708964	0.00430179
0.00550588	0.00715992	0.00434075
0.00554277	0.00722562	0.00438383
0.00558197	0.00728699	0.0044303
0.00562301	0.00734412	0.0044797
0.00566548	0.00739711	0.00453165
0.00570909	0.00744596	0.00458557
0.00575347	0.00749066	0.00464093
0.00579847	0.00753133	0.00469742
0.00584431	0.00756809	0.00475509
0.00589072	0.00760109	0.00481393
0.00593729	0.00763058	0.00487346
0.005984	0.00765672	0.00493335
0.00521672	0.00660348	0.00424542
0.00522656	0.00669018	0.00425051
0.0052422	0.00677618	0.0042619
0.00526324	0.00686078	0.00427948
0.00528931	0.00694309	0.00430308
0.00531993	0.00702224	0.00433225
0.00535472	0.00709746	0.00436618
0.00539303	0.00716818	0.00440427
0.00543433	0.00723417	0.00444624
0.00547825	0.00729557	0.00449149
0.00552421	0.00735254	0.00453953
0.00557178	0.00740519	0.00458998
0.00562062	0.00745361	0.00464225
0.0056703	0.00749781	0.00469582
0.00572067	0.00753795	0.00475038
0.00577187	0.00757427	0.0048059
0.00582369	0.00760682	0.00486246
0.00587575	0.00763573	0.00491965
0.005928	0.00766126	0.00497714
0.00509211	0.00660412	0.00432041
0.00510189	0.00669207	0.00432558
0.00511835	0.00677928	0.0043368
0.00514107	0.00686492	0.00435396
0.00516949	0.0069481	0.00437689
0.00520307	0.00702793	0.00440518
0.00524141	0.00710354	0.00443808
0.00528367	0.0071744	0.00447493
0.00532917	0.00724045	0.00451532
0.00537753	0.00730177	0.00455877
0.00542813	0.00735846	0.00460484
0.00548049	0.00741073	0.00465315
0.00553421	0.00745874	0.00470311
0.00558886	0.00750249	0.00475421
0.00564426	0.00754217	0.00480618
0.00570052	0.00757808	0.00485895
0.00575741	0.00761025	0.00491261
0.00581463	0.00763873	0.00496685
0.00587209	0.00766378	0.00502129
0.00497334	0.0066045	0.00440452
0.00498299	0.00669327	0.0044099
0.00500013	0.00678131	0.00442083
0.00502429	0.00686767	0.00443739
0.00505488	0.00695137	0.00445941
0.00509123	0.00703154	0.00448647
0.00513275	0.00710743	0.00451775
0.00517859	0.00717836	0.00455271
0.00522803	0.00724421	0.00459107
0.00528053	0.00730526	0.00463217
0.00533537	0.00736168	0.00467558
0.00539208	0.00741367	0.00472103
0.00545028	0.00746131	0.00476799
0.00550951	0.00750467	0.00481598
0.00556954	0.007544	0.00486471
0.00563045	0.0075796	0.0049141
0.00569205	0.00761143	0.00496427
0.00575405	0.00763953	0.00501496
0.00581634	0.00766423	0.00506578
0.00486165	0.00660466	0.00449788
0.00487102	0.00669382	0.00450348
0.00488869	0.00678227	0.00451414
0.00491417	0.00686894	0.00452996
0.00494668	0.00695283	0.00455074
0.00498549	0.00703306	0.00457615
0.00502991	0.00710892	0.00460536
0.00507885	0.00717984	0.00463777
0.00513179	0.00724543	0.00467343
0.00518807	0.00730601	0.00471165
0.00524667	0.00736214	0.00475174
0.00530727	0.0074138	0.00479368
0.00536952	0.00746103	0.00483702
0.00543285	0.00750403	0.00488123
0.00549702	0.0075431	0.00492606
0.00556214	0.00757841	0.00497147
0.005628	0.00760992	0.00501756
0.00569427	0.00763788	0.00506404
0.00576087	0.00766253	0.00511056
0.00475856	0.00660457	0.00460063
0.0047677	0.00669361	0.0046065
0.00478575	0.00678206	0.0046167
0.00481222	0.0068687	0.00463144
0.00484634	0.00695245	0.00465061
0.00488722	0.0070325	0.00467387
0.00493406	0.0071081	0.00470051
0.00498579	0.00717864	0.00472999
0.00504167	0.00724389	0.00476228
0.00510105	0.00730411	0.00479685
0.00516294	0.00735975	0.00483311
0.0052269	0.007411	0.00487094
0.00529258	0.00745788	0.00490999
0.0053594	0.00750064	0.00494977
0.00542713	0.00753955	0.00499007
0.00549588	0.00757467	0.00503087
0.0055654	0.00760609	0.00507225
0.00563537	0.00763404	0.00511392
0.00570573	0.00765872	0.00515559
0.00466518	0.00660421	0.00471222
0.00467424	0.00669261	0.00471837
0.0046927	0.00678053	0.00472806
0.00471995	0.00686672	0.00474146
0.00475523	0.00695002	0.00475858
0.00479774	0.00702955	0.00477928
0.00484653	0.00710463	0.00480283
0.00490043	0.0071746	0.00482883
0.00495867	0.00723935	0.00485725
0.00502051	0.00729913	0.00488754
0.00508497	0.00735434	0.00491931
0.00515156	0.00740527	0.00495241
0.00521995	0.00745196	0.00498651
0.00528961	0.00749453	0.00502127
0.00536028	0.00753329	0.00505649
0.00543199	0.00756837	0.00509212
0.00550451	0.00759986	0.00512819
0.00557756	0.00762791	0.00516453
0.00565104	0.00765284	0.00520081
0.00458335	0.00660366	0.0048324
0.00459231	0.00669103	0.00483862
0.00461109	0.00677797	0.00484759
0.004639	0.00686319	0.00485947
0.00467517	0.00694557	0.0048743
0.0047187	0.00702429	0.00489194
0.00476865	0.00709867	0.00491186
0.00482404	0.0071679	0.00493384
0.00488397	0.0072319	0.00495786
0.00494746	0.00729122	0.00498335
0.00501365	0.00734606	0.00501001
0.00508212	0.00739663	0.00503782
0.00515243	0.00744314	0.00506643
0.00522413	0.00748562	0.00509561
0.00529695	0.00752436	0.00512519
0.00537086	0.00755952	0.00515509
0.00544566	0.00759112	0.00518537
0.00552103	0.00761951	0.00521581
0.00559686	0.00764494	0.00524616
0.00451522	0.0066029	0.00496056
0.00452421	0.00668887	0.00496656
0.00454311	0.00677444	0.00497443
0.00457133	0.00685828	0.00498443
0.00460788	0.00693934	0.00499657
0.00465175	0.00701692	0.00501073
0.00470211	0.00709032	0.00502656
0.00475812	0.00715859	0.00504405
0.00481881	0.00722179	0.00506319
0.00488307	0.00728049	0.00508339
0.0049501	0.00733487	0.0051045
0.00501946	0.00738518	0.00512651
0.00509075	0.00743158	0.00514916
0.00516357	0.00747404	0.00517226
0.00523766	0.00751283	0.00519572
0.00531293	0.00754811	0.00521944
0.00538912	0.00758002	0.00524343
0.00546594	0.00760891	0.00526754
0.00554329	0.00763495	0.00529153
0.0044624	0.00660202	0.00509546
0.00447171	0.00668627	0.00510074
0.00449058	0.00677011	0.00510705
0.00451853	0.00685228	0.00511466
0.00455471	0.00693173	0.00512365
0.00459828	0.00700773	0.00513403
0.00464843	0.00707959	0.00514558
0.00470414	0.00714667	0.00515824
0.00476443	0.00720903	0.00517202
0.00482836	0.00726709	0.00518658
0.00489514	0.00732103	0.00520179
0.00496437	0.00737105	0.00521766
0.00503565	0.00741728	0.00523399
0.00510859	0.00745977	0.00525067
0.00518296	0.00749865	0.00526766
0.00525856	0.00753424	0.00528482
0.00533512	0.0075667	0.00530215
0.00541246	0.00759619	0.00531958
0.00549043	0.00762295	0.0053369
0.00442617	0.00660116	0.0052353
0.00443588	0.0066836	0.00523911
0.00445458	0.00676543	0.00524332
0.00448183	0.00684555	0.00524814
0.00451701	0.006923	0.00525368
0.00455948	0.00699702	0.00526003
0.00460841	0.00706706	0.00526702
0.00466287	0.00713257	0.00527469
0.00472178	0.00719382	0.00528299
0.00478416	0.00725119	0.00529166
0.00484951	0.00730466	0.00530076
0.00491745	0.00735438	0.0053103
0.00498761	0.00740044	0.00532014
0.00505963	0.00744289	0.0053302
0.00513318	0.00748198	0.00534044
0.00520801	0.00751805	0.00535078
0.0052839	0.00755117	0.00536121
0.00536073	0.00758144	0.00537172
0.00543831	0.00760906	0.00538215
0.00440761	0.00660041	0.00537804
0.00441748	0.00668119	0.00537939
0.00443575	0.00676087	0.00538084
0.00446193	0.00683859	0.00538247
0.00449552	0.00691361	0.00538432
0.00453591	0.00698534	0.00538642
0.0045826	0.0070532	0.00538876
0.00463463	0.00711698	0.00539132
0.00469089	0.00717697	0.00539409
0.00475075	0.00723328	0.00539699
0.00481358	0.0072861	0.00540001
0.004879	0.00733554	0.00540315
0.00494684	0.00738143	0.00540643
0.00501677	0.00742386	0.0054098
0.00508836	0.00746323	0.00541323
0.00516135	0.00749976	0.00541668
0.00523555	0.00753354	0.00542016
0.00531081	0.00756466	0.00542366
0.00538704	0.00759313	0.00542714
0.00440761	0.00660042	0.00552197
0.00441748	0.00668119	0.00552062
0.00443575	0.00676087	0.00551916
0.00446192	0.00683859	0.00551752
0.00449552	0.00691361	0.00551567
0.00453591	0.00698535	0.00551357
0.0045826	0.00705321	0.00551125
0.00463462	0.007117	0.00550869
0.00469089	0.00717699	0.00550592
0.00475074	0.0072333	0.00550301
0.00481357	0.00728611	0.00549998
0.00487897	0.00733557	0.00549684
0.00494682	0.00738147	0.00549357
0.00501676	0.0074239	0.00549021
0.00508835	0.00746328	0.00548678
0.00516133	0.00749981	0.00548332
0.00523552	0.00753361	0.00547983
0.00531078	0.00756475	0.00547634
0.00538702	0.00759319	0.00547286
0.00442618	0.00660116	0.00566472
0.00443589	0.00668361	0.00566093
0.00445458	0.00676545	0.00565667
0.00448182	0.00684556	0.00565181
0.004517	0.00692301	0.00564627
0.00455947	0.00699704	0.00563995
0.00460841	0.0070671	0.00563298
0.00466287	0.00713263	0.00562533
0.00472179	0.00719387	0.00561702
0.00478416	0.00725125	0.00560832
0.00484948	0.00730474	0.0055992
0.0049174	0.00735446	0.00558965
0.00498757	0.00740052	0.00557982
0.00505961	0.00744297	0.00556979
0.00513318	0.00748208	0.00555955
0.00520798	0.00751817	0.0055492
0.00528385	0.00755133	0.00553875
0.00536067	0.00758164	0.00552826
0.00543827	0.00760923	0.00551783
0.00446241	0.00660202	0.00580457
0.00447173	0.00668628	0.00579931
0.00449059	0.00677014	0.00579293
0.00451851	0.00685231	0.00578526
0.00455469	0.00693176	0.00577627
0.00459828	0.00700777	0.00576593
0.00464844	0.00707964	0.00575442
0.00470418	0.00714673	0.00574178
0.00476447	0.00720912	0.00572799
0.00482837	0.0072672	0.00571339
0.00489513	0.00732112	0.00569812
0.00496433	0.00737113	0.00568224
0.00503561	0.00741738	0.00566594
0.00510858	0.00745987	0.0056493
0.00518299	0.00749876	0.00563232
0.00525855	0.0075344	0.00561513
0.00533507	0.00756689	0.00559779
0.00541241	0.0075964	0.00558037
0.00549038	0.00762317	0.00556306
0.00451524	0.00660291	0.00593948
0.00452424	0.00668888	0.0059335
0.00454312	0.00677448	0.00592556
0.00457131	0.00685832	0.00591547
0.00460785	0.00693937	0.00590333
0.00465174	0.00701695	0.00588923
0.00470213	0.00709037	0.00587347
0.00475817	0.00715867	0.005856
0.00481887	0.0072219	0.00583685
0.00488313	0.00728061	0.00581658
0.00495011	0.00733497	0.00579541
0.00501942	0.00738526	0.00577339
0.00509071	0.00743167	0.00575079
0.00516358	0.00747414	0.00572774
0.00523773	0.00751292	0.00570426
0.00531296	0.00754825	0.0056805
0.00538909	0.00758018	0.00565649
0.00546591	0.00760907	0.0056324
0.00554325	0.00763517	0.00560842
0.00458338	0.00660365	0.00606765
0.00459235	0.00669103	0.00606145
0.00461109	0.00677801	0.0060524
0.00463896	0.00686322	0.00604042
0.00467511	0.00694557	0.00602561
0.00471866	0.00702428	0.00600804
0.00476866	0.00709867	0.0059882
0.00482409	0.00716794	0.00596625
0.00488405	0.00723197	0.0059422
0.00494753	0.0072913	0.00591664
0.00501365	0.00734614	0.00588991
0.00508205	0.00739668	0.00586211
0.00515236	0.00744317	0.00583356
0.00522411	0.00748567	0.00580444
0.00529701	0.00752444	0.00577485
0.0053709	0.00755959	0.00574487
0.00544564	0.0075912	0.00571458
0.00552099	0.00761964	0.00568416
0.00559681	0.00764511	0.00565383
0.00466522	0.0066042	0.00618784
0.0046743	0.00669261	0.00618171
0.00469271	0.00678057	0.00617192
0.0047199	0.00686676	0.00615842
0.00475516	0.00695001	0.00614131
0.00479769	0.0070295	0.00612071
0.00484653	0.00710459	0.00609724
0.00490049	0.0071746	0.00607127
0.00495876	0.0072394	0.00604281
0.00502058	0.00729923	0.00601243
0.00508497	0.0073544	0.00598058
0.00515148	0.00740528	0.00594751
0.00521985	0.00745195	0.00591349
0.00528958	0.00749454	0.00587879
0.00536033	0.00753335	0.00584354
0.00543203	0.00756843	0.00580783
0.00550447	0.0075999	0.00577173
0.00557751	0.007628	0.00573544
0.005651	0.00765295	0.00569917
0.00475861	0.00660454	0.00629942
0.00476778	0.0066936	0.00629359
0.00478577	0.00678212	0.00628328
0.00481215	0.00686877	0.00626844
0.00484624	0.00695244	0.00624929
0.00488716	0.00703243	0.00622612
0.00493406	0.00710803	0.00619957
0.00498586	0.00717863	0.00617011
0.00504179	0.00724396	0.00613777
0.00510116	0.00730421	0.00610308
0.00516296	0.00735983	0.00606676
0.00522681	0.00741101	0.00602897
0.00529247	0.00745784	0.00599002
0.00535938	0.00750061	0.0059503
0.00542721	0.00753958	0.00590997
0.00549593	0.00757472	0.00586906
0.00556537	0.00760611	0.00582768
0.00563533	0.00763406	0.00578604
0.0057057	0.00765878	0.00574438
0.00486171	0.00660463	0.00640218
0.00487112	0.0066938	0.00639659
0.0048887	0.00678235	0.00638583
0.00491409	0.00686901	0.00636992
0.00494657	0.0069528	0.00634916
0.00498541	0.00703296	0.00632387
0.0050299	0.00710881	0.00629474
0.00507893	0.00717979	0.00626234
0.00513192	0.00724548	0.00622662
0.00518818	0.00730611	0.00618828
0.00524668	0.00736221	0.00614812
0.00530716	0.00741378	0.00610624
0.00536937	0.00746095	0.00606303
0.0054328	0.00750397	0.00601888
0.00549709	0.00754311	0.00597399
0.00556219	0.00757844	0.00592847
0.00562795	0.00760994	0.00588238
0.00569422	0.00763788	0.00583594
0.00576083	0.00766253	0.00578941
0.00497341	0.00660446	0.00649553
0.0049831	0.00669325	0.00649017
0.00500015	0.00678141	0.00647914
0.0050242	0.00686777	0.00646249
0.00505475	0.00695134	0.0064405
0.00509114	0.00703141	0.00641356
0.00513274	0.0071073	0.00638237
0.00517866	0.0071783	0.00634742
0.00522817	0.00724426	0.00630897
0.00528065	0.00730539	0.00626773
0.00533537	0.00736178	0.00622426
0.00539195	0.00741365	0.00617889
0.00545012	0.00746121	0.00613206
0.00550944	0.00750459	0.00608414
0.00556961	0.007544	0.00603534
0.00563051	0.00757963	0.00598582
0.005692	0.00761144	0.00593566
0.00575399	0.00763952	0.00588502
0.0058163	0.00766423	0.0058342
0.00509219	0.00660407	0.00657964
0.00510201	0.00669205	0.00657448
0.00511836	0.00677938	0.00656317
0.00514096	0.00686503	0.00654593
0.00516935	0.00694807	0.00652304
0.00520297	0.00702777	0.00649486
0.0052414	0.00710337	0.00646205
0.00528377	0.00717431	0.0064252
0.00532932	0.0072405	0.0063847
0.00537766	0.00730191	0.00634112
0.00542814	0.00735856	0.006295
0.00548036	0.00741071	0.00624678
0.00553404	0.00745862	0.00619698
0.0055888	0.00750238	0.00614593
0.00564435	0.00754215	0.00609387
0.00570058	0.00757811	0.00604097
0.00575736	0.00761024	0.00598733
0.00581456	0.0076387	0.00593314
0.00587204	0.00766376	0.00587869
0.00521679	0.00660342	0.00665462
0.00522668	0.00669015	0.00664954
0.00524221	0.00677629	0.00663807
0.00526313	0.00686089	0.00662041
0.00528916	0.00694304	0.00659686
0.00531983	0.00702204	0.0065678
0.00535471	0.00709725	0.00653396
0.00539313	0.00716806	0.00649586
0.00543449	0.0072342	0.00645377
0.00547839	0.0072957	0.00640839
0.00552422	0.00735263	0.0063603
0.00557164	0.00740514	0.00630996
0.00562043	0.00745345	0.00625785
0.00567023	0.00749765	0.00620434
0.00572076	0.00753789	0.00614968
0.00577194	0.00757428	0.00609403
0.00582363	0.00760679	0.0060375
0.00587568	0.00763565	0.00598034
0.00592795	0.00766117	0.00592284
0.00534636	0.00660258	0.00672057
0.00535609	0.0066877	0.00671548
0.00537054	0.00677236	0.00670396
0.00538964	0.00685562	0.0066861
0.00541313	0.00693661	0.00666218
0.00544058	0.00701476	0.00663271
0.00547168	0.0070894	0.00659836
0.00550598	0.00715977	0.00655938
0.00554294	0.00722564	0.00651618
0.00558212	0.00728712	0.00646957
0.00562302	0.00734421	0.00642013
0.00566534	0.00739703	0.0063683
0.00570891	0.00744575	0.00631455
0.00575341	0.00749045	0.00625924
0.00579857	0.00753125	0.00620264
0.00584438	0.00756808	0.00614485
0.00589067	0.007601	0.00608601
0.00593723	0.00763041	0.00602652
0.00598396	0.00765656	0.00596662
0.00547984	0.00660159	0.00677779
0.00548921	0.0066848	0.00677264
0.00550248	0.00676766	0.00676104
0.00551957	0.00684929	0.00674313
0.00554028	0.00692897	0.00671925
0.00556432	0.00700606	0.0066898
0.00559152	0.00707987	0.00665527
0.00562157	0.00714953	0.00661581
0.00565394	0.00721491	0.00657195
0.00568821	0.00727621	0.00652468
0.00572397	0.00733334	0.00647446
0.00576096	0.00738641	0.00642177
0.00579906	0.00743551	0.00636702
0.00583799	0.00748072	0.00631057
0.00587756	0.00752204	0.00625262
0.00591774	0.0075593	0.00619326
0.00595831	0.00759281	0.00613281
0.00599908	0.00762304	0.00607169
0.00603998	0.00765001	0.00601002
0.00561659	0.00660048	0.0068264
0.00562535	0.00668154	0.00682112
0.00563719	0.00676237	0.00680955
0.00565206	0.0068422	0.00679185
0.00566988	0.00692029	0.00676821
0.00569046	0.006996	0.00673896
0.00571367	0.00706867	0.00670455
0.00573931	0.00713745	0.00666509
0.00576691	0.00720223	0.00662117
0.00579608	0.00726322	0.00657381
0.00582651	0.00732033	0.00652345
0.00585797	0.00737359	0.00647053
0.00589041	0.00742306	0.00641542
0.00592359	0.00746874	0.00635843
0.00595737	0.00751046	0.00629968
0.0059917	0.00754825	0.0062394
0.00602631	0.00758257	0.00617803
0.00606107	0.00761365	0.00611586
0.00609594	0.00764147	0.00605299
0.00575587	0.0065993	0.0068666
0.00576376	0.00667805	0.00686122
0.00577394	0.00675668	0.00684977
0.00578649	0.00683444	0.00683231
0.00580134	0.00691067	0.00680905
0.00581834	0.00698478	0.00678033
0.00583749	0.00705604	0.00674637
0.00585861	0.00712374	0.00670734
0.00588126	0.00718785	0.006664
0.00590519	0.00724847	0.00661719
0.00593014	0.00730551	0.00656733
0.00595596	0.00735889	0.00651478
0.00598261	0.00740862	0.00645987
0.00600996	0.0074545	0.00640275
0.00603782	0.00749652	0.00634373
0.00606608	0.00753499	0.00628324
0.00609455	0.00757019	0.00622157
0.00612315	0.00760216	0.00615893
0.00615182	0.00763099	0.00609549
0.00589714	0.00659807	0.00689856
0.0059038	0.00667441	0.00689308
0.00591215	0.00675065	0.00688174
0.00592222	0.00682615	0.00686466
0.00593395	0.00690034	0.0068421
0.00594726	0.00697269	0.00681432
0.00596227	0.00704229	0.00678112
0.00597881	0.00710866	0.00674288
0.00599644	0.00717196	0.00670067
0.00601505	0.00723208	0.00665499
0.00603447	0.00728885	0.00660615
0.00605458	0.00734217	0.00655448
0.00607541	0.00739188	0.0065002
0.0060968	0.00743785	0.00644353
0.00611859	0.00748033	0.00638498
0.00614063	0.0075196	0.00632494
0.00616283	0.0075557	0.00626357
0.00618513	0.00758861	0.00620105
0.00620746	0.00761842	0.00613754
0.00603979	0.00659682	0.00692243
0.00604497	0.00667065	0.00691681
0.00605124	0.00674439	0.0069057
0.0060586	0.0068175	0.0068893
0.00606707	0.00688948	0.00686774
0.00607664	0.00695973	0.00684098
0.00608745	0.00702744	0.00680886
0.00609928	0.00709241	0.00677208
0.00611185	0.00715467	0.00673148
0.00612513	0.00721399	0.00668731
0.00613898	0.00727024	0.00663994
0.00615334	0.00732328	0.00658965
0.00616826	0.00737286	0.00653657
0.00618359	0.00741905	0.00648107
0.00619916	0.00746207	0.00642366
0.00621492	0.00750205	0.00636462
0.00623078	0.00753903	0.00630411
0.00624673	0.0075728	0.0062422
0.00626271	0.00760335	0.00617905
0.00618344	0.00659561	0.00693821
0.00618675	0.00666699	0.00693261
0.00619064	0.00673821	0.00692199
0.00619514	0.00680882	0.00690644
0.00620025	0.00687837	0.00688596
0.00620604	0.00694625	0.00686036
0.00621255	0.00701195	0.00682977
0.00621962	0.00707532	0.0067949
0.00622713	0.00713626	0.00675626
0.00623504	0.00719458	0.00671412
0.0062433	0.00725018	0.00666879
0.00625192	0.00730265	0.00662026
0.0062609	0.00735193	0.00656887
0.00627009	0.00739827	0.00651517
0.00627943	0.00744173	0.00645948
0.00628887	0.0074824	0.00640202
0.00629841	0.00752004	0.00634283
0.006308	0.00755451	0.00628201
0.00631759	0.00758605	0.00621989
0.00632755	0.00659452	0.0069463
0.00632866	0.00666363	0.00694085
0.00632995	0.00673237	0.00693072
0.00633144	0.00680039	0.006916
0.00633313	0.00686732	0.00689663
0.00633506	0.00693275	0.00687259
0.00633723	0.00699633	0.00684406
0.00633959	0.00705785	0.00681141
0.00634209	0.00711721	0.00677507
0.0063447	0.00717428	0.00673532
0.00634743	0.00722885	0.00669233
0.00635031	0.00728062	0.00664615
0.00635334	0.00732967	0.00659721
0.00635642	0.00737611	0.00654591
0.00635952	0.00741992	0.00649246
0.00636266	0.00746109	0.00643706
0.00636585	0.00749932	0.00637971
0.00636908	0.0075347	0.00632064
0.00637228	0.00756756	0.00626024
0.00839239	0.00660042	0.00552197
0.00838252	0.00668119	0.00552062
0.00836426	0.00676087	0.00551916
0.00833808	0.00683859	0.00551752
0.00830449	0.00691361	0.00551567
0.0082641	0.00698535	0.00551357
0.00821741	0.00705321	0.00551125
0.00816538	0.007117	0.00550869
0.00810912	0.007177	0.00550592
0.00804926	0.0072333	0.00550301
0.00798644	0.00728612	0.00549998
0.00792103	0.00733557	0.00549684
0.00785319	0.00738147	0.00549357
0.00778325	0.00742391	0.00549021
0.00771166	0.00746329	0.00548678
0.00763867	0.00749981	0.00548332
0.00756448	0.00753361	0.00547983
0.00748922	0.00756475	0.00547634
0.00741298	0.00759319	0.00547286
0.00837383	0.00660116	0.00566473
0.00836412	0.00668361	0.00566093
0.00834542	0.00676545	0.00565667
0.00831819	0.00684557	0.00565181
0.00828301	0.00692302	0.00564627
0.00824053	0.00699705	0.00563995
0.0081916	0.0070671	0.00563298
0.00813713	0.00713263	0.00562533
0.00807822	0.00719388	0.00561702
0.00801585	0.00725125	0.00560832
0.00795052	0.00730474	0.0055992
0.0078826	0.00735446	0.00558965
0.00781243	0.00740053	0.00557982
0.00774039	0.00744298	0.00556979
0.00766683	0.00748209	0.00555955
0.00759202	0.00751817	0.0055492
0.00751615	0.00755133	0.00553875
0.00743934	0.00758164	0.00552826
0.00736173	0.00760923	0.00551783
0.00833759	0.00660202	0.00580457
0.00832827	0.00668628	0.00579931
0.00830942	0.00677014	0.00579293
0.0082815	0.00685231	0.00578526
0.00824532	0.00693176	0.00577627
0.00820173	0.00700777	0.00576593
0.00815157	0.00707965	0.00575443
0.00809583	0.00714674	0.00574178
0.00803553	0.00720912	0.00572799
0.00797163	0.0072672	0.00571339
0.00790488	0.00732113	0.00569812
0.00783567	0.00737113	0.00568224
0.0077644	0.00741739	0.00566594
0.00769142	0.00745987	0.0056493
0.00761701	0.00749877	0.00563232
0.00754145	0.0075344	0.00561513
0.00746493	0.0075669	0.00559779
0.00738759	0.0075964	0.00558037
0.00730962	0.00762318	0.00556306
0.00828477	0.00660291	0.00593948
0.00827577	0.00668888	0.00593351
0.00825689	0.00677448	0.00592556
0.0082287	0.00685833	0.00591548
0.00819216	0.00693937	0.00590333
0.00814826	0.00701695	0.00588923
0.00809787	0.00709037	0.00587347
0.00804184	0.00715867	0.005856
0.00798113	0.00722191	0.00583685
0.00791688	0.00728061	0.00581658
0.00784989	0.00733497	0.00579541
0.00778058	0.00738526	0.00577339
0.0077093	0.00743167	0.00575079
0.00763643	0.00747414	0.00572774
0.00756227	0.00751293	0.00570426
0.00748704	0.00754825	0.0056805
0.00741091	0.00758018	0.00565649
0.00733409	0.00760908	0.0056324
0.00725675	0.00763518	0.00560842
0.00821663	0.00660365	0.00606766
0.00820765	0.00669103	0.00606145
0.00818891	0.00677801	0.0060524
0.00816104	0.00686322	0.00604042
0.00812489	0.00694558	0.00602561
0.00808135	0.00702428	0.00600804
0.00803135	0.00709867	0.0059882
0.00797592	0.00716794	0.00596625
0.00791595	0.00723198	0.0059422
0.00785248	0.00729131	0.00591664
0.00778636	0.00734614	0.00588992
0.00771795	0.00739668	0.00586211
0.00764765	0.00744317	0.00583356
0.00757589	0.00748567	0.00580444
0.007503	0.00752444	0.00577485
0.0074291	0.00755959	0.00574487
0.00735436	0.0075912	0.00571458
0.00727902	0.00761964	0.00568416
0.00720319	0.00764511	0.00565383
0.00813478	0.0066042	0.00618784
0.00812571	0.00669261	0.00618171
0.00810729	0.00678057	0.00617192
0.00808011	0.00686676	0.00615843
0.00804485	0.00695001	0.00614131
0.00800232	0.0070295	0.00612071
0.00795348	0.00710459	0.00609724
0.00789952	0.0071746	0.00607127
0.00784124	0.00723941	0.00604281
0.00777943	0.00729923	0.00601243
0.00771503	0.00735441	0.00598058
0.00764852	0.00740528	0.00594751
0.00758016	0.00745195	0.00591349
0.00751043	0.00749454	0.00587879
0.00743967	0.00753335	0.00584354
0.00736798	0.00756843	0.00580783
0.00729553	0.0075999	0.00577173
0.00722249	0.007628	0.00573544
0.007149	0.00765295	0.00569917
0.0080414	0.00660454	0.00629942
0.00803223	0.0066936	0.00629359
0.00801424	0.00678212	0.00628328
0.00798785	0.00686877	0.00626844
0.00795376	0.00695244	0.00624929
0.00791285	0.00703243	0.00622612
0.00786594	0.00710804	0.00619957
0.00781415	0.00717863	0.00617011
0.00775822	0.00724396	0.00613777
0.00769885	0.00730421	0.00610308
0.00763705	0.00735983	0.00606676
0.00757319	0.00741101	0.00602897
0.00750753	0.00745785	0.00599002
0.00744063	0.00750061	0.0059503
0.0073728	0.00753959	0.00590997
0.00730407	0.00757472	0.00586906
0.00723463	0.00760612	0.00582768
0.00716467	0.00763407	0.00578604
0.0070943	0.00765878	0.00574438
0.0079383	0.00660463	0.00640218
0.00792889	0.0066938	0.0063966
0.0079113	0.00678235	0.00638584
0.00788592	0.00686901	0.00636992
0.00785344	0.0069528	0.00634917
0.0078146	0.00703296	0.00632387
0.00777011	0.00710881	0.00629474
0.00772108	0.00717979	0.00626235
0.00766809	0.00724548	0.00622662
0.00761182	0.00730612	0.00618828
0.00755332	0.00736221	0.00614812
0.00749284	0.00741379	0.00610624
0.00743063	0.00746096	0.00606303
0.00736721	0.00750397	0.00601888
0.00730291	0.00754311	0.005974
0.00723782	0.00757844	0.00592847
0.00717205	0.00760994	0.00588238
0.00710578	0.00763788	0.00583594
0.00703917	0.00766253	0.00578941
0.0078266	0.00660446	0.00649553
0.00781691	0.00669325	0.00649018
0.00779986	0.00678141	0.00647915
0.00777581	0.00686777	0.00646249
0.00774526	0.00695134	0.00644051
0.00770886	0.00703141	0.00641356
0.00766727	0.0071073	0.00638237
0.00762134	0.0071783	0.00634742
0.00757183	0.00724427	0.00630897
0.00751935	0.00730539	0.00626774
0.00746463	0.00736178	0.00622427
0.00740805	0.00741365	0.00617889
0.00734988	0.00746122	0.00613206
0.00729056	0.00750459	0.00608415
0.00723039	0.007544	0.00603534
0.0071695	0.00757963	0.00598582
0.007108	0.00761144	0.00593566
0.00704601	0.00763952	0.00588502
0.0069837	0.00766423	0.0058342
0.00770782	0.00660407	0.00657964
0.007698	0.00669205	0.00657448
0.00768164	0.00677939	0.00656317
0.00765904	0.00686503	0.00654593
0.00763066	0.00694807	0.00652304
0.00759703	0.00702777	0.00649487
0.00755861	0.00710337	0.00646205
0.00751624	0.00717431	0.0064252
0.00747068	0.0072405	0.0063847
0.00742234	0.00730191	0.00634112
0.00737186	0.00735856	0.006295
0.00731965	0.00741071	0.00624678
0.00726596	0.00745862	0.00619698
0.00721121	0.00750238	0.00614594
0.00715565	0.00754215	0.00609387
0.00709942	0.00757811	0.00604097
0.00704264	0.00761024	0.00598733
0.00698544	0.0076387	0.00593314
0.00692796	0.00766376	0.00587869
0.00758321	0.00660342	0.00665462
0.00757333	0.00669015	0.00664954
0.0075578	0.00677629	0.00663807
0.00753687	0.00686089	0.00662042
0.00751085	0.00694304	0.00659687
0.00748018	0.00702205	0.00656781
0.00744529	0.00709725	0.00653396
0.00740688	0.00716806	0.00649586
0.00736551	0.0072342	0.00645378
0.00732161	0.00729571	0.00640839
0.00727578	0.00735263	0.00636031
0.00722836	0.00740514	0.00630996
0.00717957	0.00745345	0.00625786
0.00712978	0.00749765	0.00620434
0.00707925	0.00753789	0.00614968
0.00702806	0.00757428	0.00609403
0.00697638	0.00760679	0.0060375
0.00692432	0.00763565	0.00598034
0.00687205	0.00766117	0.00592284
0.00745365	0.00660258	0.00672057
0.00744392	0.0066877	0.00671549
0.00742947	0.00677236	0.00670396
0.00741037	0.00685562	0.00668611
0.00738687	0.00693661	0.00666218
0.00735943	0.00701476	0.00663272
0.00732833	0.0070894	0.00659836
0.00729402	0.00715977	0.00655938
0.00725707	0.00722564	0.00651618
0.00721788	0.00728712	0.00646957
0.00717698	0.00734421	0.00642013
0.00713466	0.00739703	0.0063683
0.00709109	0.00744575	0.00631455
0.0070466	0.00749045	0.00625924
0.00700143	0.00753126	0.00620264
0.00695562	0.00756809	0.00614485
0.00690933	0.007601	0.00608601
0.00686277	0.00763041	0.00602652
0.00681604	0.00765656	0.00596662
0.00732016	0.00660159	0.00677779
0.00731079	0.0066848	0.00677264
0.00729753	0.00676766	0.00676104
0.00728044	0.00684929	0.00674313
0.00725972	0.00692897	0.00671926
0.00723568	0.00700606	0.0066898
0.00720848	0.00707987	0.00665528
0.00717843	0.00714953	0.00661581
0.00714606	0.00721491	0.00657195
0.0071118	0.00727621	0.00652468
0.00707603	0.00733335	0.00647446
0.00703904	0.00738641	0.00642177
0.00700094	0.00743551	0.00636702
0.00696201	0.00748073	0.00631057
0.00692244	0.00752204	0.00625262
0.00688227	0.0075593	0.00619326
0.00684169	0.00759282	0.00613281
0.00680092	0.00762304	0.00607169
0.00676002	0.00765001	0.00601002
0.00718341	0.00660048	0.0068264
0.00717466	0.00668154	0.00682112
0.00716282	0.00676237	0.00680955
0.00714794	0.0068422	0.00679186
0.00713012	0.0069203	0.00676821
0.00710954	0.00699601	0.00673896
0.00708633	0.00706867	0.00670456
0.00706069	0.00713745	0.00666509
0.00703309	0.00720223	0.00662117
0.00700392	0.00726322	0.00657381
0.0069735	0.00732033	0.00652345
0.00694203	0.00737359	0.00647053
0.00690959	0.00742306	0.00641542
0.00687641	0.00746874	0.00635843
0.00684263	0.00751046	0.00629968
0.0068083	0.00754825	0.0062394
0.00677369	0.00758257	0.00617803
0.00673893	0.00761365	0.00611586
0.00670406	0.00764147	0.00605299
0.00704414	0.0065993	0.0068666
0.00703625	0.00667805	0.00686122
0.00702607	0.00675668	0.00684978
0.00701352	0.00683444	0.00683231
0.00699866	0.00691067	0.00680905
0.00698166	0.00698478	0.00678033
0.00696251	0.00705604	0.00674637
0.0069414	0.00712374	0.00670734
0.00691874	0.00718785	0.006664
0.00689481	0.00724847	0.00661719
0.00686986	0.00730551	0.00656733
0.00684404	0.00735889	0.00651478
0.00681739	0.00740862	0.00645987
0.00679004	0.0074545	0.00640276
0.00676218	0.00749652	0.00634373
0.00673392	0.007535	0.00628324
0.00670545	0.00757019	0.00622157
0.00667685	0.00760216	0.00615893
0.00664818	0.00763099	0.00609549
0.00690286	0.00659807	0.00689856
0.0068962	0.00667441	0.00689308
0.00688785	0.00675065	0.00688174
0.00687778	0.00682615	0.00686466
0.00686605	0.00690034	0.0068421
0.00685275	0.00697269	0.00681432
0.00683773	0.00704229	0.00678112
0.00682119	0.00710866	0.00674288
0.00680356	0.00717196	0.00670067
0.00678495	0.00723208	0.00665499
0.00676553	0.00728885	0.00660615
0.00674542	0.00734217	0.00655448
0.0067246	0.00739188	0.0065002
0.0067032	0.00743786	0.00644353
0.00668141	0.00748033	0.00638498
0.00665937	0.0075196	0.00632494
0.00663717	0.0075557	0.00626357
0.00661487	0.00758862	0.00620105
0.00659254	0.00761842	0.00613754
0.00676021	0.00659682	0.00692243
0.00675503	0.00667066	0.00691681
0.00674877	0.00674439	0.0069057
0.0067414	0.0068175	0.0068893
0.00673293	0.00688948	0.00686774
0.00672336	0.00695973	0.00684099
0.00671255	0.00702744	0.00680886
0.00670072	0.00709241	0.00677208
0.00668815	0.00715467	0.00673148
0.00667488	0.00721399	0.00668731
0.00666103	0.00727024	0.00663994
0.00664666	0.00732328	0.00658965
0.00663175	0.00737286	0.00653657
0.00661641	0.00741905	0.00648107
0.00660084	0.00746207	0.00642366
0.00658508	0.00750205	0.00636462
0.00656922	0.00753903	0.00630411
0.00655327	0.0075728	0.0062422
0.0065373	0.00760335	0.00617905
0.00661656	0.00659561	0.00693821
0.00661325	0.00666699	0.00693261
0.00660936	0.00673821	0.00692199
0.00660486	0.00680882	0.00690644
0.00659975	0.00687837	0.00688596
0.00659396	0.00694625	0.00686036
0.00658745	0.00701195	0.00682977
0.00658038	0.00707532	0.0067949
0.00657288	0.00713626	0.00675626
0.00656496	0.00719458	0.00671412
0.0065567	0.00725018	0.00666879
0.00654808	0.00730265	0.00662026
0.0065391	0.00735193	0.00656887
0.00652991	0.00739827	0.00651517
0.00652057	0.00744173	0.00645948
0.00651113	0.0074824	0.00640202
0.00650159	0.00752005	0.00634283
0.006492	0.00755451	0.00628201
0.00648241	0.00758605	0.00621989
0.00647245	0.00659452	0.0069463
0.00647134	0.00666363	0.00694085
0.00647005	0.00673237	0.00693072
0.00646857	0.00680039	0.006916
0.00646687	0.00686732	0.00689663
0.00646494	0.00693275	0.00687259
0.00646277	0.00699633	0.00684406
0.00646041	0.00705785	0.00681142
0.00645791	0.00711721	0.00677507
0.0064553	0.00717428	0.00673532
0.00645257	0.00722885	0.00669233
0.00644969	0.00728062	0.00664615
0.00644666	0.00732967	0.00659721
0.00644358	0.00737611	0.00654591
0.00644048	0.00741992	0.00649246
0.00643734	0.00746109	0.00643706
0.00643415	0.00749932	0.00637971
0.00643092	0.0075347	0.00632064
0.00642772	0.00756756	0.00626024
